region,cases_distance,deaths_distance,cases_per_100k_distance,deaths_per_100k_distance,is_same_cluster
United_States_of_America.regions.Florida,6015.342615012107,107.37167070217917,103.11919766036088,0.3416947215755493,False
United_States_of_America.regions.New York,64203.428571428565,2493.548426150121,200.04756523611158,12.118392737756345,False
Laos,103.59806295399517,0.6210653753026635,131.42336252044277,0.7027534345327504,False
United_States_of_America.regions.Minnesota,678.4031476997579,26.571428571428577,117.5761439761435,0.37840778897727917,False
Belgium,42.351089588377725,0.3801452784503632,130.73501533696657,0.6990330971357716,False
Burundi,103.55569007263924,0.6271186440677966,131.55291552145584,0.7028076006537096,False
Dominican_Republic,780.4358353510895,40.285714285714285,123.23108365665846,0.42279338892670637,False
Haiti,81.89467312348668,2.1924939467312354,131.28186134777442,0.6925441811653761,False
Rwanda,71.53389830508475,0.6210653753026635,130.78469375892078,0.7027534345327504,False
Bhutan,112.58353510895884,0.6210653753026635,131.16730236273253,0.7027534345327504,False
Brazil.regions.AM:Borba,55.91284403669725,5.629969418960244,149.39447122416323,13.6779218652614,False
Brazil.regions.AM:Canutama,33.56151531244468,0.1699415825809878,53.425559158134945,0.1922938157203175,False
Brazil.regions.AM:Humaitá,3.992072480181201,0.14439411098527746,9.95700930533026,0.2621534331613607,False
Brazil.regions.AM:Manicoré,105.3087167070218,1.0314769975786926,111.84001488869717,1.9182920712037346,False
Brazil.regions.AM:Maués,53.992736077481844,13.199757869249398,110.26646731137022,20.924385669687666,False
Brazil.regions.AM:Novo Airão,109.42493946731236,0.8171912832929783,96.76079555111511,6.690361907276861,False
Brazil.regions.AM:Novo Aripuanã,22.457660303475283,2.261380323054332,141.6357617290633,8.818360330113602,False
Brazil.regions.AM:Pauini,1.4987212276214832,0.0,9.412632011160426,0.0,False
Brazil.regions.PA:Novo Progresso,114.41646489104119,0.6210653753026635,124.69171155052155,0.7027534345327504,False
Brazil.regions.RO:Porto Velho,18.227602905569007,2.4249394673123486,109.23502285774705,0.4725788048867015,False
Brazil.regions.RR:Caracaraí,3.3126801152737753,0.0,34.36399072248878,0.0,False
Brazil.regions.RR:Rorainópolis,44.3681683378054,0.0,80.24685167320155,0.7339956206773786,False
Estonia,395.31355932203394,3.3777239709443103,94.7043712022148,0.4159655263424521,False
Sweden.regions.Jämtland Härjedalen,58.73002421307507,0.4346246973365618,79.27592876552836,0.5596457603186716,False
United_States_of_America.regions.Alaska:Kenai Peninsula Borough,103.77845036319614,0.6210653753026635,112.36649689074474,0.7027534345327504,False
United_States_of_America.regions.Arizona:Coconino,135.25060532687652,21.28087167070218,70.61437353755595,14.562473534441043,False
United_States_of_America.regions.Arizona:Mohave,63.41404358353511,4.4939467312348675,101.27134942925888,1.7079299473617315,False
United_States_of_America.regions.Nevada:Elko,106.81598062953996,0.589588377723971,115.47093966590514,1.153144981438567,False
United_States_of_America.regions.Nevada:Nye,97.18401937046005,0.6210653753026635,93.47415402605353,0.7027534345327504,False
Brazil.regions.AM:Apuí,14.385199240986717,0.0,80.48231880483239,0.0,False
Brazil.regions.AM:Atalaia do Norte,3.9520440251572326,0.0,5.418550399667866,0.0,False
Brazil.regions.AM:Coari,310.795902285264,25.05910165484634,368.04880722134163,29.45902927927895,False
Brazil.regions.AM:Japurá,7.738275340393343,0.0,423.03522312924923,0.0,False
Brazil.regions.AM:Jutaí,102.61985472154966,0.3075060532687652,45.18823935820392,3.103353489465783,False
Brazil.regions.AM:Lábrea,72.88987138263666,0.36977491961414793,73.54743258511714,0.4184110161289807,False
Brazil.regions.AM:Santa Isabel do Rio Negro,50.12216288384513,0.2336448598130841,48.45097370490332,1.5457340320138486,False
Brazil.regions.MS:Corumbá,111.94673123486683,0.6210653753026635,127.70505637571766,0.7027534345327504,False
Brazil.regions.PA:Almeirim,11.800783162016643,0.9569260890846795,14.030321201833333,2.805494412280277,False
Brazil.regions.PA:Itaituba,110.49757869249393,0.5254237288135594,125.87494779987203,0.6082897501874324,False
Brazil.regions.PA:Jacareacanga,2.5933609958506225,0.8713692946058091,17.661577456876902,10.57615359395326,False
Sweden.regions.Västerbotten,47.76755447941889,2.7736077481840193,88.94973308981753,0.5538161974129854,False
United_States_of_America.regions.Alaska:Matanuska-Susitna Borough,101.74455205811137,0.44794188861985473,117.8698174273534,0.5429230416278428,False
United_States_of_America.regions.Alaska:Nome Census Area,88.18247588424438,0.36977491961414793,92.75598724518696,0.4184110161289807,False
United_States_of_America.regions.Alaska:Southeast Fairbanks Census Area,115.04963680387411,0.6210653753026635,117.20834571898216,0.7027534345327504,False
Albania,188.44673123486683,15.319612590799034,121.03433917957058,0.5545459411902698,False
Armenia,295.01573849878935,2.2699757869249395,117.74962788331847,0.6238416939120784,False
Brazil.regions.AL,85.34624697336562,1.2796610169491527,130.69475129308958,0.6677835401547239,False
Kuwait,64.68038740920097,0.6210653753026635,127.49540441160687,0.7027534345327504,False
Moldova,698.6670702179177,15.062953995157386,108.68388580564314,0.37911650333847613,False
United_States_of_America.regions.Arizona:Maricopa,115.22154963680387,0.6210653753026635,131.64286943700844,0.7027534345327504,False
Kyrgyzstan,299.62832929782087,4.225181598062954,125.08180035043176,0.6817637600724419,False
United_States_of_America.regions.Missouri,2085.5411622276033,56.134382566585955,95.89346116044293,0.3966311112999286,False
United_States_of_America.regions.Washington,113.93704600484263,0.572639225181598,131.63646126505,0.702117494538307,False
Brazil.regions.BA:Salvador,258.59806295399517,9.750605326876515,118.61414494073547,0.5356342762015806,False
Brazil.regions.CE:Fortaleza,1640.510895883777,85.85593220338984,74.71605704736568,2.536883808604041,False
Brazil.regions.DF,269.79055690072636,6.549636803874092,118.86467838001913,0.5425116540897086,False
Brazil.regions.DF:Brasília,240.84866828087166,6.549636803874092,119.82452303130233,0.5425116540897086,False
Brazil.regions.MG:Belo Horizonte,212.4673123486683,4.941888619854722,118.84768176211279,0.6405356621316077,False
Jamaica,59.409200968523,2.4612590799031477,129.0964114852198,0.6720627737589876,False
Puerto_Rico,1124.685230024213,67.44794188861985,104.1007496057914,1.4901881192473203,False
Qatar,705.7348668280872,0.9636803874092009,105.00690450890737,0.6509182063644647,False
United_States_of_America.regions.California:Orange,115.17191283292978,0.6210653753026635,131.63080930109982,0.7027534345327504,False
United_States_of_America.regions.California:San Diego,92.78571428571429,0.6210653753026635,130.96205609594426,0.7027534345327504,False
United_States_of_America.regions.Connecticut,6446.037530266343,284.5242130750606,55.575946108056975,7.295067735273866,False
United_States_of_America.regions.Florida:Miami-Dade,4743.576271186441,74.87893462469734,63.60120429668585,2.076108078787382,False
United_States_of_America.regions.Texas:Dallas,1044.3607748184022,22.68765133171913,90.52844050249587,0.45842908354901973,False
Brazil.regions.RJ:Rio de Janeiro,856.13196125908,43.55932203389831,117.1945932318672,0.33613413872833087,False
El_Salvador,51.34866828087167,4.7772397094431,129.28168707870407,0.6859533176935377,False
Lebanon,89.68523002421308,3.570217917675545,128.6619646903144,0.6731982404685647,False
United_States_of_America.regions.Maryland,2971.4382566585955,70.67312348668281,80.59381158392239,0.4949177593920682,False
United_States_of_America.regions.Massachusetts,102.44673123486685,0.6210653753026635,131.46641458515793,0.7027534345327504,False
Barbados,83.97941888619854,2.9104116222760297,113.79944989149847,0.7781989596144941,False
Brazil.regions.AP:Macapá,183.56900726392251,7.441888619854723,76.2084575990444,0.8991781119881764,False
Brazil.regions.BA:Camaçari,97.27360774818402,0.4346246973365618,125.20086034567183,0.6404262084365447,False
Brazil.regions.BA:Feira de Santana,91.77723970944311,0.6210653753026635,127.64142023422197,0.7027534345327504,False
Brazil.regions.BA:Vitória da Conquista,95.36924939467313,1.7009685230024214,123.53947293267959,0.44394807653328505,False
Brazil.regions.CE:Caucaia,91.86682808716708,8.447941888619855,75.81517414908564,1.8066564337357938,False
Brazil.regions.CE:Juazeiro do Norte,110.94673123486685,0.6210653753026635,129.69300215831132,0.7027534345327504,False
Brazil.regions.ES:Cariacica,37.14648910411623,1.2869249394673123,107.74609454671379,0.3725680188442156,False
Brazil.regions.ES:Serra,159.6174334140436,12.922518159806298,81.56970720730399,1.9143135854492712,False
Brazil.regions.ES:Vila Velha,111.84745762711866,4.52179176755448,87.02754092586683,0.5810276863955233,False
Brazil.regions.ES:Vitória,73.00000000000001,5.383777239709444,82.60446323376125,0.997086757460624,False
Brazil.regions.GO:Anápolis,97.8135593220339,0.6210653753026635,126.87418018100263,0.7027534345327504,False
Brazil.regions.GO:Aparecida de Goiânia,108.1307506053269,0.2651331719128329,130.2444642782332,0.6411925332565314,False
Brazil.regions.MA:Imperatriz,48.380145278450364,7.612590799031477,70.00404436438514,2.480172387261631,False
Brazil.regions.MG:Betim,106.53510895883777,0.5254237288135594,129.38060677304594,0.680984042606428,False
Brazil.regions.MG:Ipatinga,112.998789346247,0.6210653753026635,130.39107088892953,0.7027534345327504,False
Brazil.regions.MG:Juiz de Fora,70.06658595641647,0.5677966101694916,122.01178796744901,0.575914994880337,False
Brazil.regions.MG:Montes Claros,100.04116222760291,1.036319612590799,127.68092897647907,0.6409402679106514,False
Brazil.regions.MG:Ribeirão das Neves,108.28329297820825,0.6210653753026635,129.25538767541636,0.7027534345327504,False
Brazil.regions.MG:Uberaba,95.00484261501212,0.9588377723970946,124.85596209528867,0.44922135729525847,False
Brazil.regions.MT:Cuiabá,66.46610169491525,0.29661016949152547,119.00419807934398,0.6497852205326593,False
Brazil.regions.MT:Várzea Grande,107.7082324455206,0.6210653753026635,128.60144507373056,0.7027534345327504,False
Brazil.regions.PA:Ananindeua,36.50847457627119,4.135593220338983,102.98489210583544,0.26623738006722675,False
Brazil.regions.PB:Campina Grande,85.29176755447943,0.967312348668281,124.08494921393181,0.6241570143680363,False
Brazil.regions.PE:Caruaru,102.65133171912834,1.0266343825665862,127.87126261310132,0.4831636582733433,False
Brazil.regions.PE:Olinda,110.76150121065378,17.774818401937047,74.49652571061651,3.984310883637181,False
Brazil.regions.PE:Paulista,334.7481840193705,26.934624697336567,46.2819847471146,7.602806998966929,False
Brazil.regions.PE:Petrolina,106.8680387409201,0.6210653753026635,128.94877628745084,0.7027534345327504,False
Brazil.regions.PR:Cascavel,83.81719128329298,1.9818401937046004,116.39765879260791,0.5568063878775169,False
Brazil.regions.PR:Londrina,72.63317191283294,3.6307506053268765,120.73524509351958,0.3812890349506121,False
Brazil.regions.PR:Maringá,89.25181598062954,3.196125907990315,124.11748823748131,0.6218172554572096,False
Brazil.regions.PR:Ponta Grossa,109.08474576271189,0.6210653753026635,129.5914560429999,0.7027534345327504,False
Brazil.regions.PR:São José dos Pinhais,101.19854721549638,0.2288135593220339,125.72176315722866,0.5814409411880885,False
Brazil.regions.RJ:Belford Roxo,44.133171912832935,6.455205811138014,112.03681394999627,0.7510607403728664,False
Brazil.regions.RJ:Campos dos Goytacazes,97.95157384987893,0.39346246973365623,128.04075909110645,0.5882590810030774,False
Brazil.regions.RJ:Macaé,81.50968523002422,7.5375302663438255,116.25058874233316,2.4758541430941388,False
Brazil.regions.RJ:Niterói,47.242130750605334,5.1525423728813555,111.23736835833688,0.5116107979319477,False
Brazil.regions.RJ:Petrópolis,72.56537530266344,3.9842615012106535,115.12251029159323,0.8883972930415895,False
Brazil.regions.RJ:São João de Meriti,45.44430992736078,12.496368038740918,103.04460964132407,2.0739753568127415,False
Brazil.regions.RJ:Volta Redonda,59.14648910411623,6.141646489104117,90.24224079435582,1.774321516167871,False
Brazil.regions.RN:Mossoró,67.9806295399516,6.447941888619855,106.34655171946173,1.6743582764621852,False
Brazil.regions.RN:Parnamirim,70.21912832929783,0.21065375302663442,110.8346819962919,0.5457896559295397,False
Brazil.regions.RR:Boa Vista,75.12832929782083,1.2542372881355932,85.99519655230473,0.6266351488031562,False
Brazil.regions.RS:Canoas,102.67191283292979,0.5,127.10989347382957,0.6678256252848612,False
Brazil.regions.RS:Caxias do Sul,91.99273607748185,0.6210653753026635,126.75941432045737,0.7027534345327504,False
Brazil.regions.RS:Gravataí,103.27602905569009,0.2675544794188862,126.1095814499103,0.5771807748246037,False
Brazil.regions.RS:Pelotas,103.92978208232446,0.6210653753026635,128.03712078297437,0.7027534345327504,False
Brazil.regions.RS:Santa Maria,101.96731234866829,0.6210653753026635,126.51927892977731,0.7027534345327504,False
Brazil.regions.RS:Viamão,102.71912832929782,0.6210653753026635,126.13550935865302,0.7027534345327504,False
Brazil.regions.SC:Blumenau,60.49878934624699,0.6210653753026635,109.66596186310645,0.7027534345327504,False
Brazil.regions.SC:Florianópolis,44.0230024213075,1.3184019370460047,105.80965379667826,0.5751567014557056,False
Brazil.regions.SC:Joinville,72.35593220338983,0.7699757869249395,123.89385745146215,0.6275060998241008,False
Brazil.regions.SP:Araraquara,72.55084745762713,2.211864406779661,108.59276527040896,0.8224920754560434,False
Brazil.regions.SP:Barueri,41.851089588377725,3.567796610169492,100.72611727948939,0.825013517882855,False
Brazil.regions.SP:Bauru,54.79782082324455,4.676755447941888,109.86998055180217,0.8699428459091728,False
Brazil.regions.SP:Carapicuíba,80.15375302663438,0.9709443099273609,122.57649869648047,0.5563010703323055,False
Brazil.regions.SP:Diadema,66.74576271186442,10.254237288135593,94.08638792628427,1.8628783570513288,False
Brazil.regions.SP:Embu das Artes,66.82808716707022,5.152542372881356,108.4485029419521,1.406511943321023,False
Brazil.regions.SP:Franca,102.25302663438258,0.3801452784503632,127.6279761532601,0.634540250906994,False
Brazil.regions.SP:Guarujá,40.41525423728814,5.124697336561744,94.10922085350653,1.090225608609869,False
Brazil.regions.SP:Itaquaquecetuba,46.525423728813564,9.75544794188862,105.71057514529087,2.095500525515705,False
Brazil.regions.SP:Jundiaí,56.374092009685235,7.127118644067798,116.22689647878863,1.146622885842477,False
Brazil.regions.SP:Limeira,89.08353510895884,0.6271186440677966,122.57242109439639,0.7047308902404714,False
Brazil.regions.SP:Marília,104.28329297820824,0.6598062953995157,126.341854839779,0.7189710315458583,False
Brazil.regions.SP:Mauá,66.20096852300243,1.0302663438256658,120.52925875576408,0.3689297011644426,False
Brazil.regions.SP:Mogi das Cruzes,49.849878934624705,5.412832929782083,111.73270432336592,0.6506180076114949,False
Brazil.regions.SP:Piracicaba,59.501210653753034,5.269975786924939,116.18518724793317,0.8362718933449615,False
Brazil.regions.SP:Praia Grande,43.95641646489105,19.039951573849876,98.1359566537054,5.345431726693357,False
Brazil.regions.SP:Santos,338.6610169491526,31.030266343825673,65.78431169557392,6.601776503347509,False
Brazil.regions.SP:Sumaré,74.69733656174334,0.8813559322033898,115.92696404381198,0.49400598719898126,False
Brazil.regions.SP:Suzano,65.85351089588379,4.052058111380146,113.75848692577749,0.8706065503623212,False
Brazil.regions.SP:São Carlos,97.25302663438256,2.053268765133172,123.48192464236384,0.7801560345828221,False
Brazil.regions.SP:São José do Rio Preto,75.01694915254237,2.910411622276029,121.45372400636951,0.4211401922583468,False
Brazil.regions.SP:São Vicente,38.21307506053269,2.162227602905569,98.43475510156337,0.2698988216683861,False
Brazil.regions.SP:Taboão da Serra,56.849878934624705,8.707021791767556,97.16510377310328,2.51755946837207,False
Brazil.regions.SP:Taubaté,109.43704600484263,0.5242130750605327,129.46901341576142,0.6412450704562552,False
Brazil.regions.TO:Palmas,99.57627118644068,0.26271186440677974,125.3370516135948,0.5829536468519715,False
Brunei_Darussalam,90.27239709443101,0.5242130750605327,112.70227533232487,0.6801751408279162,False
Cape_Verde,69.20702179176756,0.7421307506053268,122.80561155330415,0.7250176350639823,False
French_Polynesia,91.31476997578693,0.6210653753026635,117.60408842083166,0.7027534345327504,False
Luxembourg,1422.5072639225184,17.684019370460046,122.36746703774283,2.3092987904367615,False
Maldives,103.07263922518159,0.6210653753026635,128.36241563686548,0.7027534345327504,False
Malta,104.26755447941889,0.3837772397094431,93.59746665089592,0.5430121373162399,False
Sweden.regions.Halland,60.093220338983066,9.31719128329298,99.98439726434651,2.314746476989697,False
Sweden.regions.Sörmland,327.35956416464893,55.51815980629541,50.3038652965213,18.34718809199402,False
United_States_of_America.regions.Alabama:Jefferson,348.5726392251816,12.171912832929783,83.51797922039052,1.2397765823723528,False
United_States_of_America.regions.Alabama:Madison,87.50726392251816,2.1803874092009687,102.03895698574026,0.5319868737653756,False
United_States_of_America.regions.Alabama:Mobile,392.5726392251816,21.282082324455207,55.35472708767391,4.597976872032404,False
United_States_of_America.regions.Alaska:Anchorage,60.284503631961265,2.1985472154963683,102.19253131580112,0.6599352096341654,False
United_States_of_America.regions.Arkansas:Pulaski,100.00242130750607,6.193704600484263,86.18059632060464,1.0997367428043576,False
United_States_of_America.regions.California:Marin,58.49636803874092,1.0944309927360774,108.56811312897885,0.3266007858387538,False
United_States_of_America.regions.California:Placer,59.205811138014525,1.318401937046005,116.66861457675839,0.5501790088646794,False
United_States_of_America.regions.California:Santa Barbara,142.43946731234868,1.6452784503631963,85.31388367743901,0.4815002038492026,False
United_States_of_America.regions.California:Santa Cruz,72.82808716707022,0.39951573849878935,111.87258761401316,0.6216629897867558,False
United_States_of_America.regions.California:Solano,89.64648910411623,0.5254237288135594,124.92302215831192,0.681387827008651,False
United_States_of_America.regions.California:Sonoma,72.77481840193705,0.4200968523002422,122.85076098439244,0.6620991987493112,False
United_States_of_America.regions.California:Stanislaus,37.22033898305085,0.7457627118644069,113.45069368834103,0.45453709647168355,False
United_States_of_America.regions.Colorado:Adams,357.7857142857143,16.185230024213077,56.60863425214058,2.545335722945539,False
United_States_of_America.regions.Colorado:Arapahoe,532.6416464891041,19.83414043583535,49.78882145880342,2.4126162499184316,False
United_States_of_America.regions.Colorado:Boulder,113.28087167070218,8.318401937046005,80.07472924339318,2.0377667779617834,False
United_States_of_America.regions.Colorado:Douglas,52.87409200968524,2.930992736077482,88.62446925763258,0.40661106043763073,False
United_States_of_America.regions.Colorado:Jefferson,248.74939467312348,11.285714285714286,70.89881850264416,1.3399927968621568,False
United_States_of_America.regions.Colorado:Larimer,57.0496368038741,5.485472154963681,98.94260310178437,1.1480726494731912,False
United_States_of_America.regions.Connecticut:New London,154.72760290556903,11.968523002421309,56.10846530102614,4.044344435697928,False
United_States_of_America.regions.Delaware:New Castle,464.00121065375305,12.721549636803875,48.05018485795399,1.6851737912909208,False
United_States_of_America.regions.Florida:Brevard,54.26876513317191,3.5762711864406778,108.45681132221512,0.3997667018250489,False
United_States_of_America.regions.Florida:Clay,36.91525423728814,6.067796610169492,82.4576018542515,2.3480109760414543,False
United_States_of_America.regions.Florida:Collier,127.11259079903148,2.2941888619854724,78.46812787058622,0.3750888159308743,False
United_States_of_America.regions.Florida:Escambia,106.6634382566586,3.7082324455205806,77.9456803488561,0.681205648589052,False
United_States_of_America.regions.Florida:Lake,63.175544794188866,3.37409200968523,99.35063121911999,0.5395050331807202,False
United_States_of_America.regions.Florida:Leon,54.21428571428572,0.18644067796610173,92.700572628169,0.4928554297877194,False
United_States_of_America.regions.Florida:Manatee,52.91041162227603,1.9261501210653753,115.79138775659246,0.33394926936305835,False
United_States_of_America.regions.Florida:Marion,65.31476997578693,2.0326876513317194,106.41997447654636,0.5742631065395303,False
United_States_of_America.regions.Florida:Osceola,141.4673123486683,2.9854721549636807,80.07631459333608,0.626085137297962,False
United_States_of_America.regions.Florida:Pasco,43.12832929782082,1.3765133171912833,112.7881841530949,0.6398109001618322,False
United_States_of_America.regions.Florida:Sarasota,68.61259079903148,10.061743341404357,95.90933896723112,1.7601873728382265,False
United_States_of_America.regions.Florida:Seminole,90.09685230024213,1.0157384987893463,95.53700401813032,0.4682310618219748,False
United_States_of_America.regions.Florida:St. Johns,61.98305084745762,1.476997578692494,92.44753146105569,0.6003586486643869,False
United_States_of_America.regions.Florida:St. Lucie,78.20581113801452,11.111380145278451,95.69388498519494,2.87097569506061,False
United_States_of_America.regions.Florida:Volusia,37.65375302663439,2.2009685230024214,110.60982076506868,0.35684475325474463,False
United_States_of_America.regions.Georgia:Chatham,72.70581113801454,4.163438256658596,95.59107849213345,1.1370246962886605,False
United_States_of_America.regions.Georgia:Cherokee,40.05932203389831,3.4951573849878934,88.60540937694657,0.945888918309404,False
United_States_of_America.regions.Georgia:Clayton,221.47094430992738,10.708232445520581,60.106329270152116,3.1737445059109857,False
United_States_of_America.regions.Georgia:Henry,103.9322033898305,3.369249394673123,65.13187492918696,0.9984308075091011,False
United_States_of_America.regions.Idaho:Ada,289.0593220338983,5.087167070217918,77.34288122885795,0.6552381408471335,False
United_States_of_America.regions.Idaho:Canyon,75.07142857142857,3.76634382566586,87.34169204537433,1.3560689872885183,False
United_States_of_America.regions.Illinois:Kane,145.61259079903147,14.006053268765136,85.20000824624448,2.044623767336472,False
United_States_of_America.regions.Illinois:Madison,39.28450363196126,4.830508474576272,85.02897393445642,1.3703563400688843,False
United_States_of_America.regions.Illinois:McHenry,45.25786924939468,4.51089588377724,84.26862349114062,0.9646912680996691,False
United_States_of_America.regions.Illinois:St. Clair,53.3680387409201,7.496368038740921,76.90240780576157,2.4231114230427773,False
United_States_of_America.regions.Illinois:Will,995.8099273607749,59.72639225181598,58.522425445289215,8.033847244318666,False
United_States_of_America.regions.Illinois:Winnebago,33.639225181598064,4.662227602905569,96.46776493493161,1.166962240837857,False
United_States_of_America.regions.Indiana:Allen,126.48184019370458,15.30266343825666,75.06751106492868,3.4954460897368422,False
United_States_of_America.regions.Indiana:Hamilton,276.7893462469734,19.157384987893465,67.37017150358902,5.148668668060398,False
United_States_of_America.regions.Indiana:Lake,650.2760290556902,29.797820823244557,49.79815363946889,5.56281294820546,False
United_States_of_America.regions.Indiana:St. Joseph,40.869249394673126,2.0556900726392255,76.69477226162842,0.4047372400385025,False
United_States_of_America.regions.Iowa:Linn,236.32082324455206,20.64769975786925,54.97399245936187,8.678897308355358,False
United_States_of_America.regions.Iowa:Polk,87.02179176755448,6.273607748184021,93.57053313814886,0.7245358610086087,False
United_States_of_America.regions.Kansas:Johnson,60.94794188861985,6.514527845036319,103.77155592450382,0.5748109121172622,False
United_States_of_America.regions.Kansas:Sedgwick,94.91404358353512,2.4491525423728815,99.41925027607293,0.47380960167285846,False
United_States_of_America.regions.Kentucky:Fayette,43.17917675544794,3.4322033898305087,98.31263691226806,0.7865151684615611,False
United_States_of_America.regions.Louisiana:East Baton Rouge,968.5133171912834,52.714285714285715,122.75367454481103,11.417292079725195,False
United_States_of_America.regions.Louisiana:Jefferson,2821.9757869249393,114.34382566585957,547.8727315848469,25.8791544902573,False
United_States_of_America.regions.Louisiana:Orleans,3613.9769975786926,169.21670702179176,824.4856316138593,42.829319953009914,False
United_States_of_America.regions.Maine:Cumberland,140.6489104116223,8.558111380145279,80.46711094824356,2.408800263378099,False
United_States_of_America.regions.Maryland:Anne Arundel,427.3753026634383,19.105326876513317,51.97363710945291,2.702846418344667,False
United_States_of_America.regions.Maryland:Baltimore city,699.5556900726392,24.99636803874092,38.34344777799902,3.6136517979132194,False
United_States_of_America.regions.Maryland:Frederick,240.42251815980632,16.032687651331724,38.47647825978846,5.713715654547217,False
United_States_of_America.regions.Maryland:Harford,52.60169491525425,0.3401937046004843,105.81406475777533,0.55488211749895,False
United_States_of_America.regions.Maryland:Howard,215.99152542372886,6.205811138014528,62.437374197131106,1.393373715001221,False
United_States_of_America.regions.Massachusetts:Bristol,922.628329297821,39.44309927360775,69.67894962749465,6.385526756776148,False
United_States_of_America.regions.Massachusetts:Hampden,1322.6004842615014,115.2227602905569,177.17858395860824,24.13660777623024,False
United_States_of_America.regions.Massachusetts:Plymouth,1640.9261501210656,64.47820823244552,205.6123334127752,11.787466021215346,False
United_States_of_America.regions.Michigan:Genesee,852.2046004842616,86.36077481840195,118.36812897740124,20.731217432271567,False
United_States_of_America.regions.Michigan:Ingham,79.6271186440678,2.0799031476997576,80.60547303398016,0.49387916371675483,False
United_States_of_America.regions.Michigan:Kalamazoo,71.87772397094432,8.192493946731236,72.2375169181723,2.6222898837479414,False
United_States_of_America.regions.Michigan:Kent,120.38256658595643,9.23365617433414,97.13342348563593,0.79730692723279,False
United_States_of_America.regions.Michigan:Ottawa,64.07021791767555,1.8268765133171911,108.84811714682562,0.4302927823440071,False
United_States_of_America.regions.Michigan:Washtenaw,428.9007263922518,13.86319612590799,63.621204378307716,3.2374593236508926,False
United_States_of_America.regions.Minnesota:Anoka,76.74939467312349,0.476997578692494,119.67680493184642,0.6623893773295683,False
United_States_of_America.regions.Minnesota:Dakota,66.56416464891042,2.094430992736078,115.215923255156,0.3756685667766993,False
United_States_of_America.regions.Minnesota:Ramsey,54.03753026634383,2.0847457627118646,118.10568940828452,0.4561441179442762,False
United_States_of_America.regions.Minnesota:Washington,73.91525423728815,1.6912832929782085,108.63664146036582,0.3894288967418931,False
United_States_of_America.regions.Missouri:Clay,85.16101694915255,0.6271186440677966,113.98748464634008,0.7051752457755421,False
United_States_of_America.regions.Missouri:Greene,79.49394673123489,5.445520581113802,113.34169524988037,1.4943519534758358,False
United_States_of_America.regions.Missouri:Jefferson,91.47336561743343,2.8062953995157387,82.19402111403987,0.8199698405630607,False
United_States_of_America.regions.Missouri:St. Charles,208.69975786924942,14.680387409200971,77.02876994390799,3.1033698085991257,False
United_States_of_America.regions.Missouri:St. Louis city,492.26392251815986,23.690072639225182,88.31419974395995,7.38542992492637,False
United_States_of_America.regions.Nebraska:Douglas,88.74818401937046,0.572639225181598,126.07029291082102,0.6942773516378292,False
United_States_of_America.regions.Nebraska:Lancaster,59.84019370460048,0.5242130750605327,109.58825902465887,0.6724007753324837,False
United_States_of_America.regions.New Hampshire:Hillsborough,249.60290556900728,13.753026634382568,65.99402543389591,2.744064384467365,False
United_States_of_America.regions.New Hampshire:Rockingham,76.6452784503632,0.784503631961259,75.06152743290905,0.4147156334678828,False
United_States_of_America.regions.New Jersey:Atlantic,186.5677966101695,12.353510895883778,50.04306016973444,4.218009743373892,False
United_States_of_America.regions.New Jersey:Burlington,553.0677966101696,18.113801452784504,39.36259764054337,3.504029746318036,False
United_States_of_America.regions.New Jersey:Camden,414.95278450363196,11.468523002421307,28.626252883794375,1.6842713660429927,False
United_States_of_America.regions.New Jersey:Gloucester,400.6113801452785,13.638014527845037,65.12687792829625,4.186588040164372,False
United_States_of_America.regions.New Jersey:Mercer,1206.773607748184,53.08716707021792,228.47689058848997,13.914515826420516,False
United_States_of_America.regions.New Jersey:Monmouth,2150.967312348668,73.37046004842615,235.0265250731286,11.254603270632742,False
United_States_of_America.regions.New Jersey:Morris,2135.7832929782085,116.4673123486683,326.33077075375843,23.10319716453219,False
United_States_of_America.regions.New Jersey:Ocean,2655.8813559322034,110.26150121065376,325.0007342002357,17.558959876702428,False
United_States_of_America.regions.New Jersey:Passaic,2967.849878934625,63.04358353510896,483.45341214751176,11.983844890466678,False
United_States_of_America.regions.New Jersey:Somerset,1475.3220338983053,90.73849878934625,352.2380456141253,27.071682824610086,False
United_States_of_America.regions.New Jersey:Union,3562.7542372881358,111.54721549636804,529.9975053119992,19.459032389569863,False
United_States_of_America.regions.New Mexico:Bernalillo,178.8280871670702,9.61864406779661,90.57616981933376,0.8057770757269983,False
United_States_of_America.regions.New York:Albany,268.5363196125908,12.559322033898306,59.875034199604094,3.611527597329461,False
United_States_of_America.regions.New York:Dutchess,1166.0387409200969,22.25181598062954,304.2357466076661,7.07137369430784,False
United_States_of_America.regions.New York:Onondaga,270.543583535109,12.305084745762711,83.42127203938861,2.1040574697044243,False
United_States_of_America.regions.New York:Orange,3560.392251815981,76.66949152542372,823.5268481050267,19.37584502255833,False
United_States_of_America.regions.New York:Rockland,3860.279661016949,65.31476997578693,1089.238806734133,19.53606228702003,False
United_States_of_America.regions.North Carolina:Buncombe,90.93704600484261,1.8208232445520582,118.26965919718074,0.5885395471647237,False
United_States_of_America.regions.North Carolina:Cumberland,46.406779661016955,2.809927360774819,100.77053117103092,0.5701074052913996,False
United_States_of_America.regions.North Carolina:Durham,160.3450363196126,1.8486682808716708,75.3752695989511,0.34588048893328877,False
United_States_of_America.regions.North Carolina:Forsyth,65.1222760290557,1.897094430992736,110.12165748489376,0.3891374978770187,False
United_States_of_America.regions.North Carolina:Guilford,55.56053268765134,8.968523002421307,106.7213855862397,1.0824387709209706,False
United_States_of_America.regions.North Carolina:Union,61.949152542372886,3.5000000000000004,89.26472392651235,1.015366533991534,False
United_States_of_America.regions.Ohio:Butler,51.87046004842615,0.9951573849878935,105.42720410459413,0.6006896233785319,False
United_States_of_America.regions.Ohio:Lorain,60.33777239709443,6.602905569007265,86.88064676520149,1.628815812225964,False
United_States_of_America.regions.Ohio:Lucas,357.9794188861986,19.90072639225182,55.74335255114858,4.088162308637401,False
United_States_of_America.regions.Ohio:Mahoning,302.6585956416465,33.39588377723971,73.49550277218792,14.172400885002315,False
United_States_of_America.regions.Ohio:Montgomery,84.05205811138015,5.312348668280872,103.00474645795475,0.7747208789733265,False
United_States_of_America.regions.Ohio:Stark,39.71186440677966,8.767554479418887,102.26219333736074,1.8305622308157732,False
United_States_of_America.regions.Ohio:Summit,113.28571428571429,12.434624697336561,96.91539287859327,1.7104399772039782,False
United_States_of_America.regions.Ohio:Warren,64.3813559322034,4.595641646489105,100.22759329952534,1.5208878906868846,False
United_States_of_America.regions.Oklahoma:Cleveland,109.13559322033902,13.937046004842616,76.6184093007802,4.4230894394612355,False
United_States_of_America.regions.Oklahoma:Tulsa,56.276029055690074,7.288135593220339,106.10633497148186,0.6171653497733378,False
United_States_of_America.regions.Oregon:Clackamas,55.957627118644076,2.2736077481840193,109.43969717002807,0.6273023711352069,False
United_States_of_America.regions.Oregon:Marion,67.72397094430993,4.865617433414044,88.06666960173676,0.9462343462688406,False
United_States_of_America.regions.Oregon:Washington,27.423728813559322,1.6924939467312352,111.16702855104224,0.5202272450230565,False
United_States_of_America.regions.Pennsylvania:Berks,1114.0714285714284,37.29782082324456,160.58261473849083,8.30060065046673,False
United_States_of_America.regions.Pennsylvania:Bucks,733.6004842615012,29.4951573849879,37.572213181707085,4.090762531579043,False
United_States_of_America.regions.Pennsylvania:Chester,343.0932203389831,15.606537530266344,59.47585809612354,2.3882833120598463,False
United_States_of_America.regions.Pennsylvania:Cumberland,46.746973365617436,1.8559322033898307,95.94863195678137,0.5457611836295396,False
United_States_of_America.regions.Pennsylvania:Dauphin,217.63922518159808,9.583535108958838,61.62296180424816,2.9640224016224286,False
United_States_of_America.regions.Pennsylvania:Delaware,565.3849878934625,14.263922518159807,21.599012084458405,1.9236368054618982,False
United_States_of_America.regions.Pennsylvania:Lancaster,777.5121065375304,67.6174334140436,56.92125610921217,11.801460928285497,False
United_States_of_America.regions.Pennsylvania:Lehigh,1285.364406779661,19.236077481840198,248.03528341229764,4.673952509164242,False
United_States_of_America.regions.Pennsylvania:Luzerne,1015.9406779661019,20.549636803874094,225.3481936920099,5.966927829916463,False
United_States_of_America.regions.Pennsylvania:Northampton,664.2191283292979,16.060532687651335,124.32656889765025,4.761517021910899,False
United_States_of_America.regions.Pennsylvania:Westmoreland,116.3680387409201,14.0726392251816,87.6597632227166,3.508695896214618,False
United_States_of_America.regions.Pennsylvania:York,226.79297820823246,4.809927360774818,73.73347676616555,0.6389663669321702,False
United_States_of_America.regions.Rhode Island:Providence,3559.2929782082324,63.90314769975787,443.6138563943012,9.396022970910176,False
United_States_of_America.regions.South Carolina:Charleston,83.64527845036321,0.5774818401937046,85.75998564674407,0.6697949408941104,False
United_States_of_America.regions.South Carolina:Greenville,191.44915254237287,6.000000000000001,82.62633275927308,0.7362688360925524,False
United_States_of_America.regions.South Carolina:Horry,52.432203389830505,6.521791767554481,100.68992057502592,1.3155993615469943,False
United_States_of_America.regions.South Carolina:Lexington,64.63559322033899,4.679176755447942,83.47958715130238,1.1444630012013512,False
United_States_of_America.regions.South Carolina:Richland,356.6900726392252,9.571428571428573,67.8983614091664,1.7487855451961873,False
United_States_of_America.regions.South Carolina:Spartanburg,32.676755447941886,1.1174334140435838,103.80191449162446,0.2526003206168692,False
United_States_of_America.regions.South Carolina:York,68.08232445520582,1.6295399515738502,99.29465193249686,0.585987709311215,False
United_States_of_America.regions.Tennessee:Hamilton,69.68523002421308,6.872881355932204,110.83030174392701,1.3599757900857317,False
United_States_of_America.regions.Tennessee:Knox,57.403147699757874,1.841404358353511,106.50908584584266,0.49527736541718964,False
United_States_of_America.regions.Tennessee:Rutherford,78.1138014527845,3.167070217917676,83.92281351480274,0.6836381287510268,False
United_States_of_America.regions.Tennessee:Williamson,64.87530266343826,1.0205811138014529,67.59176120089612,0.3822447897610088,False
United_States_of_America.regions.Texas:Bell,61.16101694915254,1.4261501210653753,110.99363046866593,0.5563103782513547,False
United_States_of_America.regions.Texas:Brazoria,86.71549636803874,1.1464891041162228,86.8541675620649,0.506080101847749,False
United_States_of_America.regions.Texas:Brazos,66.23486682808718,9.772397094430994,91.97357521509204,3.83169843284432,False
United_States_of_America.regions.Texas:Cameron,102.55690072639224,4.801452784503633,86.9395403476512,0.5951546483232898,False
United_States_of_America.regions.Texas:Galveston,162.50726392251818,6.7421307506053285,71.06894961076725,1.4493532022166384,False
United_States_of_America.regions.Texas:Hays,58.119854721549636,0.19128329297820826,99.74237272467803,0.5160467073694576,False
United_States_of_America.regions.Texas:Lubbock,174.6573849878935,19.141646489104115,65.72824049517178,5.660635011966025,False
United_States_of_America.regions.Texas:Montgomery,62.50726392251817,2.5290556900726395,103.08684826476379,0.43088050274279477,False
United_States_of_America.regions.Texas:Nueces,83.36682808716706,0.5811138014527846,114.17278592933398,0.42907365409785125,False
United_States_of_America.regions.Texas:Williamson,56.54842615012107,2.921307506053269,111.73849337975592,0.5957412951781641,False
United_States_of_America.regions.Utah:Davis,40.87530266343826,0.8995157384987894,101.71527999811082,0.593090609100568,False
United_States_of_America.regions.Utah:Weber,65.90556900726394,0.47457627118644075,107.94681703440652,0.646457590698575,False
United_States_of_America.regions.Virginia:Chesapeake city,68.72033898305084,3.3159806295399514,88.53894636138767,1.0077228101094329,False
United_States_of_America.regions.Virginia:Chesterfield,68.23002421307505,1.719128329297821,84.48205099564385,0.23036255936552935,False
United_States_of_America.regions.Virginia:Henrico,284.60653753026634,42.08958837772398,53.23700628281399,12.20786622734376,False
United_States_of_America.regions.Virginia:Loudoun,82.75786924939467,1.055690072639225,85.07387939255743,0.40081860371688066,False
United_States_of_America.regions.Virginia:Prince William,209.40920096852304,0.5,66.20828374483138,0.6770131908122824,False
United_States_of_America.regions.Virginia:Virginia Beach city,52.25423728813559,0.7239709443099275,99.03821354489368,0.4791731235003055,False
United_States_of_America.regions.Washington:Clark,38.352300242130745,7.641646489104117,106.46867891962498,1.0512464744367913,False
United_States_of_America.regions.Washington:Kitsap,59.73728813559322,0.3910411622276029,101.8524532938521,0.6180215410939698,False
United_States_of_America.regions.Washington:Spokane,54.882566585956425,0.9358353510895884,119.8833915137285,0.4341299215294688,False
United_States_of_America.regions.Washington:Thurston,74.4043583535109,0.391041162227603,111.66023759383017,0.6235810727341916,False
United_States_of_America.regions.Wisconsin:Brown,97.32082324455206,0.5290556900726393,52.075548615051176,0.5343413936795772,False
United_States_of_America.regions.Wisconsin:Dane,114.48062953995156,0.6210653753026635,131.32396776993662,0.7027534345327504,False
United_States_of_America.regions.Wisconsin:Waukesha,61.581113801452794,4.291767554479419,97.85464152941474,0.641460644867874,False
Belarus,61.37772397094432,1.3692493946731237,130.0114593305055,0.6859823823955259,False
Brazil.regions.PR,420.7905569007265,21.762711864406782,126.97044033773183,0.5837311324743082,False
Andorra,190.40556900726395,9.221549636803875,266.5381995955148,12.078867493844959,False
Antigua_and_Barbuda,100.63317191283292,0.6561743341404359,115.12988195322764,0.6770956954220356,False
Aruba,72.76513317191284,0.34382566585956414,87.67893186485506,0.40690987542407747,False
Bermuda,69.66222760290557,3.0181598062953996,71.90554701737449,4.986380478670825,False
Brazil.regions.AL:Anadia,22.52136752136752,1.0,5.048345197928355,5.699629524080933,False
Brazil.regions.AL:Atalaia,7.569400630914828,0.8727655099894848,25.196750744996248,1.8496672883108713,False
Brazil.regions.AL:Barra de Santo Antônio,25.106837606837605,0.18589743589743588,16.80448568549148,1.1668179506492335,False
Brazil.regions.AL:Barra de São Miguel,3.493041749502982,0.0,77.34053610583935,0.0,False
Brazil.regions.AL:Batalha,4.75944333996024,0.9012591119946985,15.263509697879794,4.943281658593126,False
Brazil.regions.AL:Belém,1.0,0.0,20.757199983129176,0.0,False
Brazil.regions.AL:Boca da Mata,82.08654876741694,0.17416934619506966,75.67718789292068,0.6927472338967031,False
Brazil.regions.AL:Branquinha,5.890656063618291,0.0,20.792722966614686,0.0,False
Brazil.regions.AL:Cacimbinhas,1.1992409867172675,1.0,31.416402398649083,9.209799226376866,False
Brazil.regions.AL:Cajueiro,1.2300109529025192,0.39430449069003287,9.57231231071718,1.854328868933563,False
Brazil.regions.AL:Campestre,6.775988286969254,0.8857979502196194,156.42725379895433,12.77102004353546,False
Brazil.regions.AL:Campo Alegre,2.893867924528302,0.9827044025157232,5.627627456297654,1.7221393942059184,False
Brazil.regions.AL:Campo Grande,1.5595315549772284,0.7026675341574496,46.67093678085678,7.35161680432569,False
Brazil.regions.AL:Canapi,3.4647302904564317,0.0,0.6152822734346006,0.0,False
Brazil.regions.AL:Capela,33.83295711060948,0.11851015801354402,14.951068109521742,0.1340976713288042,False
Brazil.regions.AL:Carneiros,1.5555555555555556,0.0,49.24132359893216,0.0,False
Brazil.regions.AL:Coité do Nóia,1.6808199121522693,0.0,21.483470020647484,0.0,False
Brazil.regions.AL:Colônia Leopoldina,3.047955974842767,0.0,19.9699370559547,0.0,False
Brazil.regions.AL:Coqueiro Seco,3.2997416020671837,0.0,105.00783401567352,0.0,False
Brazil.regions.AL:Craíbas,2.9924098671726758,0.0,23.213696008182865,0.0,False
Brazil.regions.AL:Delmiro Gouveia,21.059387848332573,0.9113750571037003,21.824273336245763,1.752105231282106,False
Brazil.regions.AL:Dois Riachos,1.2857142857142856,0.0,10.109836903077806,0.0,False
Brazil.regions.AL:Feira Grande,3.5,0.0,25.084632196763867,0.0,False
Brazil.regions.AL:Feliz Deserto,1.0,0.0,18.771860120061454,0.0,False
Brazil.regions.AL:Flexeiras,1.954356846473029,0.9709543568464731,14.575655162371078,7.591511781442322,False
Brazil.regions.AL:Girau do Ponciano,5.0,0.0,14.844745758656158,0.0,False
Brazil.regions.AL:Ibateguara,55.32409879839787,0.8965287049399201,57.15299184501418,6.884916928842216,False
Brazil.regions.AL:Igaci,3.186700767263427,0.0,1.7242238321523002,0.0,False
Brazil.regions.AL:Inhapi,3.18887262079063,0.0,2.418636013642131,0.0,False
Brazil.regions.AL:Jacuípe,1.2142857142857142,0.0,46.23006607137978,0.0,False
Brazil.regions.AL:Japaratinga,2.3548740416210294,1.0,74.7298473369018,11.96029183112068,False
Brazil.regions.AL:Jaramataia,4.992248062015504,0.0,10.550620541083903,0.0,False
Brazil.regions.AL:Jequiá da Praia,13.708871662360034,0.516795865633075,153.88896320275305,4.462831309439334,False
Brazil.regions.AL:Joaquim Gomes,2.0573899371069184,1.5919811320754718,11.586898573613809,6.635189980725509,False
Brazil.regions.AL:Jundiá,2.8545454545454545,0.0,19.705859025810962,0.0,False
Brazil.regions.AL:Junqueiro,6.717693836978131,0.0,53.78392536229139,0.0,False
Brazil.regions.AL:Lagoa da Canoa,8.160371106693175,1.0,5.268045398794801,5.601613264620211,False
Brazil.regions.AL:Limoeiro de Anadia,23.754273504273506,0.9935897435897436,19.109951631292535,3.469843700330866,False
Brazil.regions.AL:Major Isidoro,1.71157495256167,0.0,24.56196337473209,0.0,False
Brazil.regions.AL:Mar Vermelho,1.25,0.0,76.16303324839171,0.0,False
Brazil.regions.AL:Maragogi,12.365920511649156,1.863864778437643,25.96423070587519,5.699195139547586,False
Brazil.regions.AL:Maravilha,1.1406649616368287,0.0,28.505405621964893,0.0,False
Brazil.regions.AL:Marechal Deodoro,87.63075060532688,1.7409200968523004,77.51903584649773,3.8481906169401765,False
Brazil.regions.AL:Maribondo,36.36305492851768,0.8559066967644845,24.523879803843407,7.212229641533291,False
Brazil.regions.AL:Mata Grande,1.0,0.0,1.7026781968506501,0.0,False
Brazil.regions.AL:Matriz de Camaragibe,10.35068349106204,1.0,7.9148958846474775,4.058112166220274,False
Brazil.regions.AL:Messias,2.178627553693033,1.0,26.386800039560523,5.600358422939068,False
Brazil.regions.AL:Minador do Negrão,1.0,0.0,16.50218891923645,0.0,False
Brazil.regions.AL:Monteirópolis,1.4,0.0,49.00653499284249,0.0,False
Brazil.regions.AL:Murici,35.74232309746329,1.4502670226969294,87.78034813404928,5.659108460016641,False
Brazil.regions.AL:Novo Lino,6.709654178674352,0.7564841498559077,4.160005464448297,5.961262016201007,False
Brazil.regions.AL:Olho d'Água das Flores,15.97797356828194,0.0,8.789904607826637,0.0,False
Brazil.regions.AL:Olho d'Água do Casado,1.0,0.0,23.3424046549079,0.0,False
Brazil.regions.AL:Olivença,2.7362428842504745,0.0,9.266342794849484,0.0,False
Brazil.regions.AL:Ouro Branco,4.0,0.0,49.92900896208702,0.0,False
Brazil.regions.AL:Palestina,9.4434250764526,0.0,11.669839049499576,0.0,False
Brazil.regions.AL:Palmeira dos Índios,96.53510895883778,0.4285714285714286,104.58743031970988,0.5963966458140821,False
Brazil.regions.AL:Paripueira,19.645299145299145,2.542735042735042,31.942913079159382,19.298231957612654,False
Brazil.regions.AL:Passo de Camaragibe,3.76013143483023,0.6900328587075576,36.46722934432697,4.5262896602660385,False
Brazil.regions.AL:Paulo Jacinto,3.7203445990722335,1.6070245195493706,64.70874522756792,21.245696979764283,False
Brazil.regions.AL:Penedo,3.944954128440367,1.3822629969418958,5.089567708312973,2.1705368731716406,False
Brazil.regions.AL:Piaçabuçu,17.36637734125171,0.9159433531292828,19.60220575873206,5.137955646655538,False
Brazil.regions.AL:Pilar,25.017879270667375,1.7914675163745795,20.858483504032346,5.394015600005717,False
Brazil.regions.AL:Pindoba,1.0569259962049335,0.0,135.1279955011467,0.0,False
Brazil.regions.AL:Piranhas,0.7142857142857143,0.0,6.730085130097125,0.0,False
Brazil.regions.AL:Porto Calvo,7.899167890357319,0.5286343612334802,69.11631352065574,1.9460127415184254,False
Brazil.regions.AL:Porto Real do Colégio,115.363196125908,0.6210653753026635,126.86262086518519,0.7027534345327504,False
Brazil.regions.AL:Porto de Pedras,2.3055555555555554,0.0,56.97270082436795,0.0,False
Brazil.regions.AL:Poço das Trincheiras,3.390891840607211,0.0,1.9827814475518986,0.0,False
Brazil.regions.AL:Pão de Açúcar,3.9333333333333336,0.7999999999999999,22.054878683694824,3.2788229025779745,False
Brazil.regions.AL:Quebrangulo,3.8937381404174576,0.0,66.63850759071559,0.0,False
Brazil.regions.AL:Rio Largo,48.73311897106109,2.1087888531618435,50.205163301562436,2.8810615248401237,False
Brazil.regions.AL:Roteiro,1.2142857142857144,0.0,41.37037401053607,0.0,False
Brazil.regions.AL:Santa Luzia do Norte,11.05481955230699,0.0,210.10110377917098,0.0,False
Brazil.regions.AL:Santana do Ipanema,17.112421383647796,1.9103773584905661,41.94620322859055,4.008849956961779,False
Brazil.regions.AL:Santana do Mundaú,1.0,0.0,7.047929120859763,0.0,False
Brazil.regions.AL:Satuba,61.086547028127775,0.2061855670103093,200.2880622729284,4.542324980050341,False
Brazil.regions.AL:Senador Rui Palmeira,0.3,0.0,9.993611226176625,0.0,False
Brazil.regions.AL:São José da Laje,17.070266753415748,0.0,81.44651957821226,0.0,False
Brazil.regions.AL:São José da Tapera,3.266666666666667,0.0,17.211885424528795,0.0,False
Brazil.regions.AL:São Luís do Quitunde,9.360995850622405,0.0,34.958811766244565,0.0,False
Brazil.regions.AL:São Miguel dos Campos,6.3997259022384645,0.8679762448606669,17.051663089029848,1.4170809372266038,False
Brazil.regions.AL:São Miguel dos Milagres,55.332545311268724,0.7399527186761229,52.11661922883211,12.282783315429702,False
Brazil.regions.AL:São Sebastião,13.914831130690164,0.0,74.81979333526684,0.0,False
Brazil.regions.AL:Tanque d'Arca,2.0,0.0,80.62055833989447,0.0,False
Brazil.regions.AL:Taquarana,2.4063400576368874,0.0,25.896658544685355,0.0,False
Brazil.regions.AL:Teotônio Vilela,22.950904392764855,0.710594315245478,58.529394232528986,1.608807795615654,False
Brazil.regions.AL:União dos Palmares,55.281881090241505,3.0433554582686067,53.57228375035139,4.77044257587934,False
Brazil.regions.AL:Viçosa,59.419227738376684,0.7344365642237983,52.01649123943002,3.5703735693603154,False
Brazil.regions.BA:Abaíra,113.14285714285715,0.6210653753026635,102.52243528636743,0.7027534345327504,False
Brazil.regions.BA:Acajutiba,32.558181454035655,0.06208692169036652,32.36138415600057,0.07025314756310143,False
Brazil.regions.BA:Adustina,115.363196125908,0.7469733656174335,126.1120851057147,5.080533859855046,False
Brazil.regions.BA:Aiquara,79.17822341477194,0.33611071882502475,62.459815263311796,0.38031899930413776,False
Brazil.regions.BA:Almadina,26.068376068376068,0.0,19.310720356173555,0.0,False
Brazil.regions.BA:Amargosa,0.8138006571741511,0.39430449069003287,5.848682054926938,1.0587913608389488,False
Brazil.regions.BA:Amélia Rodrigues,76.05578308148569,0.33611071882502475,76.31754807666208,0.38031899930413776,False
Brazil.regions.BA:Anguera,2.0624315443592556,0.0,24.837253635270415,0.0,False
Brazil.regions.BA:Apuarema,1.0,0.0,11.379506958424324,0.0,False
Brazil.regions.BA:Arataca,6.500994035785289,0.0,14.118197957297156,0.0,False
Brazil.regions.BA:Araças,2.6,0.0,4.138699215389278,0.0,False
Brazil.regions.BA:Aurelino Leal,114.93825665859565,0.6210653753026635,120.82476179160571,0.7027534345327504,False
Brazil.regions.BA:Banzaê,2.25,0.0,3.881681355392951,0.0,False
Brazil.regions.BA:Barra do Choça,113.9309927360775,0.6210653753026635,124.06176902361842,0.7027534345327504,False
Brazil.regions.BA:Barra do Rocha,113.42857142857142,0.6210653753026635,111.00550060282833,0.7027534345327504,False
Brazil.regions.BA:Barro Preto,53.39819759679574,0.21695594125500672,50.45645193558593,0.24549192230357417,False
Brazil.regions.BA:Barrocas,1.0952902519167578,0.0,16.01460028207419,0.0,False
Brazil.regions.BA:Buerarema,63.28498799604575,1.8570823330038133,46.550112104896726,11.572338103692418,False
Brazil.regions.BA:Cabaceiras do Paraguaçu,1.0,0.0,3.054111295391829,0.0,False
Brazil.regions.BA:Cachoeira,114.90314769975788,0.6210653753026635,127.35343883007357,0.7027534345327504,False
Brazil.regions.BA:Caetanos,13.450052576235542,0.0,12.519870975359819,0.0,False
Brazil.regions.BA:Cairu,6.2042360060514365,0.0,50.78481728862468,0.0,False
Brazil.regions.BA:Caldeirão Grande,17.243269701419482,0.0,14.186820795164904,0.0,False
Brazil.regions.BA:Camacan,106.12832929782084,0.6210653753026635,100.48955267076637,0.7027534345327504,False
Brazil.regions.BA:Camamu,12.569400630914828,0.0,9.633918462284011,0.0,False
Brazil.regions.BA:Canarana,114.69733656174336,0.6210653753026635,125.40605430862198,0.7027534345327504,False
Brazil.regions.BA:Canavieiras,103.76029055690074,0.3910411622276029,104.05517768974056,0.5232107936243551,False
Brazil.regions.BA:Candeias,105.79782082324454,0.6210653753026635,119.53481170366177,0.7027534345327504,False
Brazil.regions.BA:Capela do Alto Alegre,3.0262869660460026,0.0,6.080615724713683,0.0,False
Brazil.regions.BA:Capim Grosso,111.03631961259082,1.3946731234866827,114.62461822761422,5.871307288151179,False
Brazil.regions.BA:Cardeal da Silva,0.6666666666666666,0.0,12.081571885486627,0.0,False
Brazil.regions.BA:Castro Alves,57.08353033884949,0.2600472813238771,52.99872616744011,0.29425101987403496,False
Brazil.regions.BA:Catu,112.19975786924941,0.391041162227603,124.12958004312988,0.7477161886352579,False
Brazil.regions.BA:Caém,0.6,0.0,25.95793423265528,0.0,False
Brazil.regions.BA:Coaraci,105.84382566585958,0.4346246973365618,75.5370268074863,0.9451038821416259,False
Brazil.regions.BA:Conceição da Feira,2.333333333333333,0.0,2.8470171654896737,0.0,False
Brazil.regions.BA:Conceição do Almeida,1.8055555555555556,0.0,4.69757851618123,0.0,False
Brazil.regions.BA:Conceição do Jacuípe,115.3317191283293,0.6210653753026635,128.60630356273867,0.7027534345327504,False
Brazil.regions.BA:Conde,115.363196125908,0.6210653753026635,127.90298514888889,0.7027534345327504,False
Brazil.regions.BA:Coração de Maria,63.490149724192285,0.2600472813238771,67.07231908845093,0.29425101987403496,False
Brazil.regions.BA:Cravolândia,38.09255079006772,0.11851015801354402,40.00585398654972,0.1340976713288042,False
Brazil.regions.BA:Cristópolis,1.1388888888888888,0.0,15.89278421900549,0.0,False
Brazil.regions.BA:Cruz das Almas,17.743033348560985,0.0,17.987440881391787,0.0,False
Brazil.regions.BA:Dias d'Ávila,111.25665859564164,0.6210653753026635,125.37087395552167,0.7027534345327504,False
Brazil.regions.BA:Dom Basílio,2.3001095290251916,0.0,11.529088158565854,0.0,False
Brazil.regions.BA:Dário Meira,7.492354740061162,0.0,15.737307360119392,0.0,False
Brazil.regions.BA:Floresta Azul,98.49268168512152,0.5001909125620465,97.02011020599441,0.5659804840251274,False
Brazil.regions.BA:Gandu,114.3232445520581,0.2675544794188862,125.42656680131122,0.6198365280813842,False
Brazil.regions.BA:Gongogi,111.92372881355932,1.4818401937046006,98.09617887954467,26.11574089808588,False
Brazil.regions.BA:Governador Mangabeira,4.815676141257536,0.0,1.592545420601816,0.0,False
Brazil.regions.BA:Ibicaraí,26.94592429401162,0.06208692169036652,17.974356560972556,0.07025314756310143,False
Brazil.regions.BA:Ibirapitanga,2.86046511627907,0.2583979328165375,8.112649268291056,1.1054457018889305,False
Brazil.regions.BA:Ibirataia,110.77360774818402,0.22760290556900728,105.15652300918322,2.341275398508357,False
Brazil.regions.BA:Igrapiúna,0.0,0.0,12.858672082145036,0.0,False
Brazil.regions.BA:Inhambupe,1.0,0.0,0.24157572834991425,0.0,False
Brazil.regions.BA:Ipecaetá,2.25,0.0,3.2252713918264693,0.0,False
Brazil.regions.BA:Ipiaú,102.5351089588378,0.4673123486682809,106.20879948588032,1.252851019051572,False
Brazil.regions.BA:Irará,2.649616368286445,0.0,1.4058442190868374,0.0,False
Brazil.regions.BA:Irecê,85.78563772775992,0.36977491961414793,96.24507800221868,0.4184110161289807,False
Brazil.regions.BA:Itabela,46.009736236502036,0.1699415825809878,49.42525674660327,0.1922938157203175,False
Brazil.regions.BA:Itacaré,12.669114047968675,0.0,11.236189515906462,0.0,False
Brazil.regions.BA:Itagi,114.62469733656175,0.6210653753026635,119.1145524967588,0.7027534345327504,False
Brazil.regions.BA:Itagibá,110.85593220338984,0.6598062953995157,101.86927064034276,5.458883747343667,False
Brazil.regions.BA:Itajuípe,108.24576271186442,0.6210653753026635,102.60976952082876,0.7027534345327504,False
Brazil.regions.BA:Itamari,1.0,0.0,10.182492871860678,0.0,False
Brazil.regions.BA:Itanagra,1.0,1.0,13.262481668739573,15.525539512498058,False
Brazil.regions.BA:Itaparica,12.267087276550997,0.0,10.739669311799668,0.0,False
Brazil.regions.BA:Itapebi,111.53026634382567,0.6210653753026635,111.69285358575438,0.7027534345327504,False
Brazil.regions.BA:Itapitanga,3.390891840607211,0.0,5.8320442478906935,0.0,False
Brazil.regions.BA:Itapé,114.65617433414045,0.7082324455205812,114.99517513195399,11.20894083677143,False
Brazil.regions.BA:Itatim,112.64769975786926,0.6210653753026635,108.6219817444917,0.7027534345327504,False
Brazil.regions.BA:Itororó,112.4685230024213,0.6210653753026635,119.47479956983233,0.7027534345327504,False
Brazil.regions.BA:Ituberá,114.50242130750605,0.6210653753026635,125.24319204664738,0.7027534345327504,False
Brazil.regions.BA:Jaguaripe,0.0,0.0,8.382034768547241,0.0,False
Brazil.regions.BA:Jitaúna,2.372804163955758,0.956408588158751,14.556915928213195,8.565364393325726,False
Brazil.regions.BA:Jussari,5.422169811320755,0.0,9.876965907944557,0.0,False
Brazil.regions.BA:Jussiape,4.696682464454977,0.0,9.719574111917995,0.0,False
Brazil.regions.BA:Lafaiete Coutinho,2.9818456883509836,0.0,23.903782221396952,0.0,False
Brazil.regions.BA:Laje,16.244738130200684,0.0,12.156463679146858,0.0,False
Brazil.regions.BA:Lajedo do Tabocal,10.539957939011567,0.0,42.086660008619305,0.0,False
Brazil.regions.BA:Lapão,2.0,0.0,12.430399894183696,0.0,False
Brazil.regions.BA:Licínio de Almeida,24.34188034188034,0.0,16.763407569507454,0.0,False
Brazil.regions.BA:Madre de Deus,1.9837019790454018,0.0,20.423327631051425,0.0,False
Brazil.regions.BA:Mairi,1.0,0.0,3.091407780572205,0.0,False
Brazil.regions.BA:Maragogipe,17.737322978529008,0.5596162631338509,18.777322642927036,1.2525824543587332,False
Brazil.regions.BA:Maraú,5.6487740225314775,1.0536779324055667,6.746154250432137,5.122401227056716,False
Brazil.regions.BA:Mata de São João,7.440366972477063,0.0,25.007179672748677,0.0,False
Brazil.regions.BA:Mirante,63.83845547675335,0.13711583924349885,63.92217365663402,4.3020123821324,False
Brazil.regions.BA:Muritiba,2.533333333333333,1.0,1.9613167979240214,3.401476240688459,False
Brazil.regions.BA:Mutuípe,1.0,0.0,10.637651695266158,0.0,False
Brazil.regions.BA:Nazaré,4.696682464454977,0.0,3.19939270386722,0.0,False
Brazil.regions.BA:Nilo Peçanha,17.248164464023496,0.9931473323543807,13.292510828284993,7.095429966095455,False
Brazil.regions.BA:Nordestina,4.040482342807924,0.0,8.08453113495552,0.0,False
Brazil.regions.BA:Nova Ibiá,2.25,0.0,11.494735525209405,0.0,False
Brazil.regions.BA:Nova Soure,115.090799031477,0.6210653753026635,127.04113009724406,0.7027534345327504,False
Brazil.regions.BA:Ouriçangas,115.363196125908,0.6210653753026635,122.94130780964082,0.7027534345327504,False
Brazil.regions.BA:Palmeiras,115.363196125908,0.6210653753026635,123.21944618324423,0.7027534345327504,False
Brazil.regions.BA:Paramirim,86.7717041800643,0.18756698821007503,90.51588230201543,2.1610396610785116,False
Brazil.regions.BA:Pau Brasil,2.0852713178294575,0.0,60.21749555417379,0.0,False
Brazil.regions.BA:Piripá,115.363196125908,0.6210653753026635,124.12857669558264,0.7027534345327504,False
Brazil.regions.BA:Piritiba,1.0,0.0,1.7765301182693871,0.0,False
Brazil.regions.BA:Pojuca,115.04237288135594,0.6210653753026635,128.34355263849574,0.7027534345327504,False
Brazil.regions.BA:Ponto Novo,1.1666666666666667,0.4166666666666667,10.291508698228878,2.793795538867284,False
Brazil.regions.BA:Potiraguá,3.125237191650854,0.0,19.906495097552966,0.0,False
Brazil.regions.BA:Presidente Dutra,3.300109529025192,0.0,1.7384491052295354,0.0,False
Brazil.regions.BA:Presidente Jânio Quadros,1.0,0.0,5.841983491952325,0.0,False
Brazil.regions.BA:Presidente Tancredo Neves,3.300109529025192,0.0,1.8854351239160732,0.0,False
Brazil.regions.BA:Quixabeira,1.1059001512859303,0.0,28.155109045668937,0.0,False
Brazil.regions.BA:Rafael Jambeiro,1.9732988802756246,0.0,11.214508794111612,0.0,False
Brazil.regions.BA:Retirolândia,1.3981042654028437,0.0,27.495800106412183,0.0,False
Brazil.regions.BA:Riachão do Jacuípe,1.0,0.0,0.7277305280563238,0.0,False
Brazil.regions.BA:Rio Real,30.41918686160625,0.06208692169036652,30.28428454596536,0.07025314756310143,False
Brazil.regions.BA:Rio do Pires,114.4043583535109,0.6210653753026635,120.41504145404912,0.7027534345327504,False
Brazil.regions.BA:Santa Bárbara,4.418960244648319,0.0,21.660162464805556,0.0,False
Brazil.regions.BA:Santa Luzia,114.22518159806296,0.6210653753026635,118.01752408265641,0.7027534345327504,False
Brazil.regions.BA:Santa Teresinha,98.33626065928469,0.5001909125620465,97.79673480012293,0.5659804840251274,False
Brazil.regions.BA:Santanópolis,2.5518672199170123,0.0,16.337529504454032,0.0,False
Brazil.regions.BA:Santo Amaro,4.99271040424122,0.0,4.34410359134667,0.0,False
Brazil.regions.BA:Santo Estêvão,3.2580645161290325,0.0,2.824944621411781,0.0,False
Brazil.regions.BA:Saubara,4.755383290267011,0.0,4.353228656418813,0.0,False
Brazil.regions.BA:Saúde,2.2222222222222223,0.0,4.281779650820189,0.0,False
Brazil.regions.BA:Senhor do Bonfim,2.104387291981846,0.3177004538577912,2.121382930141945,0.40207612966878586,False
Brazil.regions.BA:Serra Preta,32.558181454035655,0.06208692169036652,32.32377938928538,0.07025314756310143,False
Brazil.regions.BA:Serrinha,111.61864406779662,0.6210653753026635,125.81453108319795,0.7027534345327504,False
Brazil.regions.BA:Serrolândia,1.0,0.0,5.201299848262115,0.0,False
Brazil.regions.BA:Sobradinho,0.8666666666666668,0.0,7.712677302188254,0.0,False
Brazil.regions.BA:Sátiro Dias,21.358611238008223,0.0,18.059597274319408,0.0,False
Brazil.regions.BA:São Domingos,115.363196125908,0.6210653753026635,123.2419864194825,0.7027534345327504,False
Brazil.regions.BA:São Felipe,8.535168195718654,0.0,6.463342958060448,0.0,False
Brazil.regions.BA:São Francisco do Conde,110.65738498789347,0.36077481840193715,117.50843020501055,0.9716240836512143,False
Brazil.regions.BA:São Gonçalo dos Campos,4.079242032730405,0.0,1.943094363838445,0.0,False
Brazil.regions.BA:São José da Vitória,25.54059829059829,0.0,28.48025945675599,0.0,False
Brazil.regions.BA:São Sebastião do Passé,7.343422584400466,0.9080325960419093,21.77704481936459,2.049734979778576,False
Brazil.regions.BA:Taperoá,82.16559485530547,0.36977491961414793,82.47949255659498,0.4184110161289807,False
Brazil.regions.BA:Teofilândia,1.422222222222222,0.0,6.782009001602629,0.0,False
Brazil.regions.BA:Ubaitaba,11.354889589905364,0.9674027339642481,8.781843115362694,5.076630635832537,False
Brazil.regions.BA:Ubatã,110.03874092009687,0.6210653753026635,114.3236795603487,0.7027534345327504,False
Brazil.regions.BA:Una,96.1622756777396,0.5001909125620465,92.83727152123342,0.5659804840251274,False
Brazil.regions.BA:Urandi,0.6666666666666666,0.0,5.741104320566962,0.0,False
Brazil.regions.BA:Uruçuca,93.62590799031477,2.9200968523002424,61.29887494534619,16.555213462503684,False
Brazil.regions.BA:Utinga,115.363196125908,0.7615012106537532,126.64695267365998,4.511554626787513,False
Brazil.regions.BA:Valente,82.62245444801715,0.26929260450160775,78.13320175274832,0.5439175814346885,False
Brazil.regions.BA:Varzedo,1.0,0.0,9.051719255132664,0.0,False
Brazil.regions.BA:Vera Cruz,111.8401937046005,0.29661016949152547,121.2072832399235,0.7420435316328402,False
Brazil.regions.BA:Vereda,1.3111111111111111,1.0,32.81431036775993,16.116035455278002,False
Brazil.regions.BA:Várzea Nova,5.422169811320755,0.0,2.99525466208301,0.0,False
Brazil.regions.BA:Várzea da Roça,2.6,0.9333333333333332,3.0166830621763023,6.617508035545472,False
Brazil.regions.BA:Wenceslau Guimarães,0.0,0.0,7.215165937104979,0.0,False
Brazil.regions.BA:Água Fria,26.117521367521366,1.0,23.391692334841384,5.892751915144372,False
Brazil.regions.CE:Abaiara,9.4434250764526,0.0,6.803236865086271,0.0,False
Brazil.regions.CE:Acarape,46.891522029372496,1.1902536715620828,33.50820604314109,9.180521962196993,False
Brazil.regions.CE:Acaraú,59.13869188337275,2.0441292356185974,124.37684502058443,3.3841329729461225,False
Brazil.regions.CE:Alcântaras,30.08479376880864,0.7063197026022305,132.13148510337876,7.288167898324572,False
Brazil.regions.CE:Antonina do Norte,5.029088050314464,0.0,11.67888950087327,0.0,False
Brazil.regions.CE:Apuiarés,18.848290598290596,1.6538461538461537,37.805621311680724,11.327713382507902,False
Brazil.regions.CE:Aquiraz,91.53510895883777,0.6210653753026635,101.6732984238988,0.7027534345327504,False
Brazil.regions.CE:Aracoiaba,56.767546956644544,0.33611071882502475,33.23073277506967,0.38031899930413776,False
Brazil.regions.CE:Ararendá,25.938034188034184,1.0576923076923075,21.509566213371365,9.672540536738069,False
Brazil.regions.CE:Araripe,45.912373871481684,0.1699415825809878,47.361299347616345,0.1922938157203175,False
Brazil.regions.CE:Aratuba,3.492433061699651,0.0,52.140153133121196,0.0,False
Brazil.regions.CE:Arneiroz,24.35669937913078,0.06208692169036652,143.4119868154783,0.07025314756310143,False
Brazil.regions.CE:Assaré,3.619324796274738,0.0,1.46592848609077,0.0,False
Brazil.regions.CE:Aurora,3.037716081718177,1.0,4.289065134318709,4.056136935182932,False
Brazil.regions.CE:Baixio,0.0,0.0,29.54355793232294,0.0,False
Brazil.regions.CE:Banabuiú,29.643476721543642,0.33457249070631967,69.49113439612543,2.5802185395432287,False
Brazil.regions.CE:Barbalha,20.86120568796315,0.1742439415181254,19.403032111312257,0.3185704374527619,False
Brazil.regions.CE:Barreira,79.90675241157555,0.655144694533762,59.53517648437589,4.152022045846092,False
Brazil.regions.CE:Barro,1.7012448132780085,0.0,7.132708782431,0.0,False
Brazil.regions.CE:Barroquinha,105.5677966101695,0.6210653753026635,64.28029710916093,0.7027534345327504,False
Brazil.regions.CE:Baturité,60.18457844937157,2.1705973732523662,48.93297091417799,6.631451887625625,False
Brazil.regions.CE:Bela Cruz,23.958234830575257,1.5508274231678492,103.6765346770617,5.262113327619833,False
Brazil.regions.CE:Brejo Santo,11.674008810572689,0.6191874694077338,12.484210179604446,1.2514652654925194,False
Brazil.regions.CE:Campos Sales,9.940283896231035,0.0,14.25523072456001,0.0,False
Brazil.regions.CE:Capistrano,65.70659163987139,1.4622186495176848,32.769503102763316,9.909661873327739,False
Brazil.regions.CE:Caridade,72.73690156757522,1.3811608529868664,68.4001681012698,7.236089267036801,False
Brazil.regions.CE:Caririaçu,7.090033975084938,0.6964892412231031,11.378833058501725,2.582938035316533,False
Brazil.regions.CE:Cariré,11.505139500734215,0.0,42.9748043919457,0.0,False
Brazil.regions.CE:Cariús,114.83535108958839,0.7615012106537532,124.34165279656848,4.645126131219429,False
Brazil.regions.CE:Carnaubal,17.217450890817723,0.0,15.598816734733465,0.0,False
Brazil.regions.CE:Cascavel,73.70702179176757,2.5036319612590803,73.67422550480963,3.6526503491977094,False
Brazil.regions.CE:Catarina,114.62227602905571,0.6210653753026635,123.42517232662593,0.7027534345327504,False
Brazil.regions.CE:Catunda,1.1742738589211619,0.0,26.764470546945564,0.0,False
Brazil.regions.CE:Cedro,0.5459837019790454,0.0,10.711360339056109,0.0,False
Brazil.regions.CE:Chaval,1.9313154831199066,1.0768335273573924,18.458614488034538,8.23960155602871,False
Brazil.regions.CE:Chorozinho,38.85736800630418,0.7076438140267929,74.20289922567483,4.481168913755407,False
Brazil.regions.CE:Choró,5.17981072555205,0.07097791798107256,123.06723187975899,0.5249457731016386,False
Brazil.regions.CE:Coreaú,26.724299065420563,0.21695594125500672,223.73238088859728,0.24549192230357417,False
Brazil.regions.CE:Croatá,115.363196125908,0.6210653753026635,126.34612421109016,0.7027534345327504,False
Brazil.regions.CE:Cruz,31.756484149855908,0.16570605187319884,150.24089158405707,0.6674429124469281,False
Brazil.regions.CE:Deputado Irapuan Pinheiro,11.807045215562566,0.0,23.5088092321125,0.0,False
Brazil.regions.CE:Ererê,14.62494289629968,0.5550479671082686,97.91183562864313,7.711141526927877,False
Brazil.regions.CE:Eusébio,42.37167070217917,4.802663438256659,38.02559101016006,9.412746609406454,False
Brazil.regions.CE:Farias Brito,114.78087167070218,0.7130750605326878,123.72114933262586,4.687612375858332,False
Brazil.regions.CE:Forquilha,112.33292978208235,0.42978208232445525,115.14870376496948,0.8432650463782062,False
Brazil.regions.CE:Fortim,115.363196125908,0.6210653753026635,125.99813278336637,0.7027534345327504,False
Brazil.regions.CE:Frecheirinha,4.590214067278287,0.0,71.45935840527477,0.0,False
Brazil.regions.CE:General Sampaio,2.3389769452449567,2.0641210374639773,82.86603127273067,27.095314222420274,False
Brazil.regions.CE:Graça,88.38322514954818,0.5001909125620465,47.65092665861612,0.5659804840251274,False
Brazil.regions.CE:Groaíras,40.99833110814419,0.2336448598130841,96.61917603771238,3.8257115568081974,False
Brazil.regions.CE:Guaiúba,39.734436564223806,0.9219858156028371,44.92832622239719,4.24086675532054,False
Brazil.regions.CE:Guaraciaba do Norte,111.24576271186442,0.6210653753026635,119.08974015826553,0.7027534345327504,False
Brazil.regions.CE:Guaramiranga,1.8152515723270437,0.0,142.27526796649573,0.0,False
Brazil.regions.CE:Hidrolândia,41.31510001770225,0.11152416356877325,32.87713627788099,0.3525005620928202,False
Brazil.regions.CE:Horizonte,63.992736077481844,1.573849878934625,57.12897661484551,2.5568441926815426,False
Brazil.regions.CE:Ibaretama,61.99921197793539,0.6997635933806148,55.48482435189001,6.893728270955681,False
Brazil.regions.CE:Ibiapina,5.209905660377358,0.0,33.985134251415005,0.0,False
Brazil.regions.CE:Ibicuitinga,23.800495662949192,0.7063197026022305,196.3478056950621,6.803804269574839,False
Brazil.regions.CE:Icapuí,104.14648910411623,0.42978208232445525,75.91710795229807,2.0571682406809564,False
Brazil.regions.CE:Ipaporanga,112.4503631961259,0.6210653753026635,101.6024685390486,0.7027534345327504,False
Brazil.regions.CE:Ipaumirim,25.241452991452988,0.0,19.71067951258425,0.0,False
Brazil.regions.CE:Ipu,4.764525993883792,0.0764525993883792,9.219271690480163,0.18218615810785244,False
Brazil.regions.CE:Iracema,17.165372316126085,0.6829602558245774,32.67182168882852,4.77694800185058,False
Brazil.regions.CE:Itaitinga,82.96489104116223,1.5532687651331722,51.274691768493064,5.022191642970765,False
Brazil.regions.CE:Itaiçaba,112.60653753026634,0.3075060532687652,87.2198615643349,3.5663893507376723,False
Brazil.regions.CE:Itapajé,110.81840193704599,0.6210653753026635,121.1418972002771,0.7027534345327504,False
Brazil.regions.CE:Itapiúna,46.91962174940899,0.4917257683215131,35.82201397200725,3.3941654733326674,False
Brazil.regions.CE:Itarema,73.18523002421308,1.055690072639225,30.711474864989384,2.9097308890987827,False
Brazil.regions.CE:Itatira,5.801282051282052,1.5641025641025639,97.52586266209195,7.225493436053791,False
Brazil.regions.CE:Jaguaribara,7.6551528878822195,0.7729331823329558,98.63208074108898,6.779520939680342,False
Brazil.regions.CE:Jaguaruana,46.44726301735648,0.520694259012016,39.47128003485504,1.9430563650930224,False
Brazil.regions.CE:Jardim,46.16905647017172,0.1699415825809878,49.524838515044536,0.1922938157203175,False
Brazil.regions.CE:Jati,1.0,0.0,34.72375019470779,0.0,False
Brazil.regions.CE:Jijoca de Jericoacoara,30.020746887966805,0.6970954356846473,168.97647615808762,3.517841318553933,False
Brazil.regions.CE:Jucás,76.59963282022314,0.14122299110295158,78.66592655548502,1.0266508897252,False
Brazil.regions.CE:Lavras da Mangabeira,112.89951573849879,0.22760290556900728,120.7348428394449,0.818792155881535,False
Brazil.regions.CE:Limoeiro do Norte,92.8765133171913,1.4479418886198547,93.79770768469088,2.772233572391197,False
Brazil.regions.CE:Madalena,10.854208084824387,0.0,89.58187366791716,0.0,False
Brazil.regions.CE:Marco,8.953732912723448,0.0,66.03906334008872,0.0,False
Brazil.regions.CE:Martinópole,11.85220838052095,0.0,7.1123657578178445,0.0,False
Brazil.regions.CE:Massapê,38.789860189238816,2.766558395706822,39.05834429450189,7.6292561214637225,False
Brazil.regions.CE:Meruoca,6.489913544668588,0.4755043227665706,81.53370942186983,3.1580283108625262,False
Brazil.regions.CE:Milagres,42.02141972030448,0.1699415825809878,35.388826193389384,0.1922938157203175,False
Brazil.regions.CE:Milhã,4.162735849056603,0.6367924528301886,72.77778296627483,4.840687592779845,False
Brazil.regions.CE:Miraíma,9.103057757644395,1.2123442808607021,14.28374871385435,8.77365958069693,False
Brazil.regions.CE:Missão Velha,4.27217125382263,0.0,6.348624625225176,0.0,False
Brazil.regions.CE:Monsenhor Tabosa,10.944968553459118,2.62185534591195,93.50566227718652,15.21327228682807,False
Brazil.regions.CE:Moraújo,8.118910424305918,1.0995285489785227,147.05274293410105,12.603490932812043,False
Brazil.regions.CE:Morrinhos,35.76135040745052,2.1653084982537836,173.97197854969292,9.609072948672157,False
Brazil.regions.CE:Mucambo,18.995283018867923,0.5227987421383647,165.82754921121457,3.5963317200135156,False
Brazil.regions.CE:Mulungu,73.23555994915974,0.33611071882502475,44.625972112722366,0.38031899930413776,False
Brazil.regions.CE:Nova Olinda,14.218306412139013,0.0,28.01875605646856,0.0,False
Brazil.regions.CE:Nova Russas,2.90337601862631,1.181606519208382,17.149965696399438,3.6550560480338463,False
Brazil.regions.CE:Novo Oriente,113.8002421307506,0.19128329297820826,123.5026240097096,0.7996134068852774,False
Brazil.regions.CE:Ocara,17.891247746845583,2.0749048668135393,80.66035938417006,8.243919472379728,False
Brazil.regions.CE:Orós,45.81008668242711,0.2600472813238771,35.76664123744502,0.29425101987403496,False
Brazil.regions.CE:Pacajus,59.36319612590799,1.4152542372881358,57.666932547893566,2.1175166547859754,False
Brazil.regions.CE:Pacatuba,50.51210653753026,4.426150121065376,53.66734055340042,5.3467425578539105,False
Brazil.regions.CE:Pacoti,11.507080858839652,1.7793513019643672,81.87061517859615,14.512285310858553,False
Brazil.regions.CE:Pacujá,1.1111111111111112,0.0,29.062296638193533,0.0,False
Brazil.regions.CE:Palhano,2.6641452344931915,0.1664145234493192,62.010459233044,1.7730079208322949,False
Brazil.regions.CE:Palmácia,7.081694402420574,0.9531013615733737,78.67750318364563,7.154341401991997,False
Brazil.regions.CE:Paracuru,59.18997856377278,0.7315112540192926,18.111953592167552,2.72130324328897,False
Brazil.regions.CE:Paraipaba,22.287592008412197,1.3012618296529967,97.78152226720802,3.974046633438177,False
Brazil.regions.CE:Paramoti,2.4647302904564317,0.0,49.725514526075756,0.0,False
Brazil.regions.CE:Penaforte,0.1,0.0,18.668968156021172,0.0,False
Brazil.regions.CE:Pereiro,41.226588776774655,0.1699415825809878,30.177335472134452,0.1922938157203175,False
Brazil.regions.CE:Pindoretama,94.63075060532688,1.5895883777239708,33.69397073052118,10.045794010532815,False
Brazil.regions.CE:Piquet Carneiro,1.0,0.0,3.6335162466949606,0.0,False
Brazil.regions.CE:Pires Ferreira,2.3043478260869565,0.0,12.451495053910497,0.0,False
Brazil.regions.CE:Poranga,1.9261006289308176,0.0,38.29314061911844,0.0,False
Brazil.regions.CE:Porteiras,71.63804412641622,0.044722719141323794,74.65200164837374,1.9573247807234055,False
Brazil.regions.CE:Potengi,2.8925831202046037,0.0,6.9794006211951425,0.0,False
Brazil.regions.CE:Potiretama,43.437599575146045,0.1699415825809878,39.39259978508218,0.1922938157203175,False
Brazil.regions.CE:Quiterianópolis,72.59581979946336,0.2330179353198701,52.33130234565074,0.635976234977038,False
Brazil.regions.CE:Quixelô,16.03181595692609,0.0,12.551789875343426,0.0,False
Brazil.regions.CE:Quixeré,108.02421307506053,0.3292978208232446,96.79958492572119,1.8607781477937275,False
Brazil.regions.CE:Redenção,47.1436237819517,1.2116932636633246,40.121336468767396,4.947199613191471,False
Brazil.regions.CE:Reriutaba,65.11150864639238,0.36970781156827665,51.75313312177285,3.2808154505995324,False
Brazil.regions.CE:Salitre,80.44781810478746,0.6638892811749753,86.56056385292965,5.66051705240542,False
Brazil.regions.CE:Santana do Acaraú,108.32808716707022,0.2675544794188862,108.62462162147109,1.2997072437495258,False
Brazil.regions.CE:Santana do Cariri,4.927893738140417,0.0,47.680084984128726,0.0,False
Brazil.regions.CE:Senador Pompeu,110.27118644067797,0.6210653753026635,112.2758610115268,0.7027534345327504,False
Brazil.regions.CE:Senador Sá,106.53753026634384,0.6210653753026635,23.68823251077672,0.7027534345327504,False
Brazil.regions.CE:São Benedito,10.784630445423398,0.0,11.634271821307546,0.0,False
Brazil.regions.CE:São Gonçalo do Amarante,74.06469886702445,4.466607036374478,221.1057826252508,9.504094432437316,False
Brazil.regions.CE:São João do Jaguaribe,25.75465651912678,0.06208692169036652,64.10152376930118,0.07025314756310143,False
Brazil.regions.CE:São Luís do Curu,103.42978208232448,0.6440677966101696,53.75609940243639,6.086220303593531,False
Brazil.regions.CE:Tabuleiro do Norte,103.79782082324456,0.36077481840193715,95.099151817672,1.2756628586919294,False
Brazil.regions.CE:Tarrafas,0.0,0.0,21.014409567787137,0.0,False
Brazil.regions.CE:Tejuçuoca,25.58090803259604,0.4889406286379511,151.94199257787037,2.548291179642211,False
Brazil.regions.CE:Tianguá,106.37530266343826,0.9382566585956417,118.5205997591707,1.2441701644175016,False
Brazil.regions.CE:Tururu,48.872340425531924,3.0070921985815606,28.533056842228568,19.785273778266447,False
Brazil.regions.CE:Ubajara,19.781223083548664,1.5426356589147288,64.12454928114676,4.433880371679492,False
Brazil.regions.CE:Umirim,5.833578071463535,4.465491923641704,78.42035303957375,22.524549425683247,False
Brazil.regions.CE:Uruburetama,10.92094017094017,0.9551282051282051,144.79611165614116,4.371296133309864,False
Brazil.regions.CE:Uruoca,43.29244114002478,0.11152416356877325,33.87141898909243,0.48218299524651936,False
Brazil.regions.CE:Varjota,10.859138533178115,1.0128055878928988,78.80384593880783,5.498401671514108,False
Brazil.regions.CE:Várzea Alegre,109.80750605326878,0.6210653753026635,116.14069372708623,0.7027534345327504,False
Brazil.regions.ES:Afonso Cláudio,107.23002421307508,0.5992736077481841,102.01432403006633,3.287107884537568,False
Brazil.regions.ES:Alegre,35.80436418359668,0.11851015801354402,33.375489531183305,0.1340976713288042,False
Brazil.regions.ES:Alfredo Chaves,94.85472154963682,0.3849878934624697,65.44776101686436,4.877480630167783,False
Brazil.regions.ES:Alto Rio Novo,1.0,0.0,10.498555224133295,0.0,False
Brazil.regions.ES:Anchieta,58.455302923315934,0.33611071882502475,45.07329076997382,0.38031899930413776,False
Brazil.regions.ES:Apiacá,50.19058744993325,0.21695594125500672,42.045340266638284,0.24549192230357417,False
Brazil.regions.ES:Atilio Vivacqua,2.8545454545454545,0.0,4.016486423274529,0.0,False
Brazil.regions.ES:Baixo Guandu,22.22274881516588,0.7819905213270143,83.62253145034948,2.5227128244629147,False
Brazil.regions.ES:Barra de São Francisco,22.95162359178264,0.874751491053678,61.37974669563931,1.95912987917957,False
Brazil.regions.ES:Boa Esperança,113.86440677966104,0.6210653753026635,115.69804619487945,0.7027534345327504,False
Brazil.regions.ES:Bom Jesus do Norte,77.37325830653805,0.36977491961414793,55.09556511436178,0.4184110161289807,False
Brazil.regions.ES:Brejetuba,79.07795509108884,0.33611071882502475,75.08183388803185,0.38031899930413776,False
Brazil.regions.ES:Castelo,113.01331719128332,0.6210653753026635,122.7696314217876,0.7027534345327504,False
Brazil.regions.ES:Conceição da Barra,2.1385816525699415,0.0,3.431249650658489,0.0,False
Brazil.regions.ES:Conceição do Castelo,6.1688009313154835,0.4656577415599535,79.21771441642767,3.659968101548012,False
Brazil.regions.ES:Divino de São Lourenço,3.0779976717112922,0.0,30.584604216961324,0.0,False
Brazil.regions.ES:Domingos Martins,25.84010534236268,0.11851015801354402,73.04294635037816,0.1340976713288042,False
Brazil.regions.ES:Fundão,93.71670702179179,1.341404358353511,48.44401049237985,8.421193441919778,False
Brazil.regions.ES:Governador Lindenberg,1.0,0.0,5.605381844651301,0.0,False
Brazil.regions.ES:Guaçuí,29.557185854025583,0.06019563581640331,33.012047003570785,0.44485653163859556,False
Brazil.regions.ES:Ibatiba,2.5,0.0,18.15538294946582,0.0,False
Brazil.regions.ES:Ibiraçu,112.62348668280873,0.6210653753026635,106.82275872855725,0.7027534345327504,False
Brazil.regions.ES:Ibitirama,8.160371106693175,0.0,6.321736256402758,0.0,False
Brazil.regions.ES:Iconha,8.628811777076761,0.0,33.70932366278891,0.0,False
Brazil.regions.ES:Irupi,35.704665161775765,0.11851015801354402,20.793625379830793,0.1340976713288042,False
Brazil.regions.ES:Itapemirim,113.20702179176757,0.6210653753026635,122.52908661220584,0.7027534345327504,False
Brazil.regions.ES:Itarana,4.005115089514066,0.0,65.0711200785551,0.0,False
Brazil.regions.ES:Iúna,3.0911949685534594,1.0,4.27846601754572,3.4292376804636326,False
Brazil.regions.ES:Jaguaré,1.6354009077155824,0.0,4.812758939416589,0.0,False
Brazil.regions.ES:Jerônimo Monteiro,98.8655975563192,0.5001909125620465,99.82126210518365,0.5659804840251274,False
Brazil.regions.ES:João Neiva,69.81132608388647,0.33611071882502475,48.93168922549203,0.38031899930413776,False
Brazil.regions.ES:Laranja da Terra,2.676427525622255,0.0,54.30293725749193,0.0,False
Brazil.regions.ES:Mantenópolis,1.3333333333333333,0.0,9.532809686483844,0.0,False
Brazil.regions.ES:Marataízes,66.6230283911672,3.7486855941114614,195.6364639212521,9.737098610643033,False
Brazil.regions.ES:Marechal Floriano,11.269529465509365,0.19186843307446322,119.09976576985646,1.1493257042917409,False
Brazil.regions.ES:Marilândia,1.5197657393850659,0.0,28.570177746475327,0.0,False
Brazil.regions.ES:Mimoso do Sul,8.889993373094764,0.0,58.273022782220046,0.0,False
Brazil.regions.ES:Montanha,6.217125382262997,0.0,12.331221371010393,0.0,False
Brazil.regions.ES:Mucurici,0.3333333333333333,0.0,27.90831555715872,0.0,False
Brazil.regions.ES:Muniz Freire,5.440026507620941,0.4870775347912525,11.0623062532461,2.78887795471659,False
Brazil.regions.ES:Muqui,2.251830161054173,0.1171303074670571,36.70190302054439,0.7581740401777274,False
Brazil.regions.ES:Pancas,16.215366705471478,0.0,84.44897175430498,0.0,False
Brazil.regions.ES:Pedro Canário,76.63479734500778,0.33611071882502475,76.25267829201998,0.38031899930413776,False
Brazil.regions.ES:Pinheiros,3.174950298210736,1.1477799867461895,14.930064708697852,4.243649893689465,False
Brazil.regions.ES:Piúma,37.6371829105474,0.5490654205607477,43.59341132850792,3.2827719154549557,False
Brazil.regions.ES:Presidente Kennedy,38.72630984324249,1.344442875300099,281.2262424967226,14.139756982423211,False
Brazil.regions.ES:Rio Bananal,1.0196540880503144,0.0,24.408031587157467,0.0,False
Brazil.regions.ES:Rio Novo do Sul,76.52450218895636,0.33611071882502475,70.43858174026086,0.38031899930413776,False
Brazil.regions.ES:Santa Leopoldina,107.78813559322033,0.6210653753026635,82.91639994507084,0.7027534345327504,False
Brazil.regions.ES:Santa Maria de Jetibá,76.54053710067456,1.6354842815323913,59.48328803911311,4.716291025693746,False
Brazil.regions.ES:Santa Teresa,111.41283292978207,0.6210653753026635,111.72505268998705,0.7027534345327504,False
Brazil.regions.ES:Sooretama,112.10774818401939,0.3075060532687652,118.16422527996954,0.6162310712525919,False
Brazil.regions.ES:São Domingos do Norte,1.0,0.0,9.313696034454061,0.0,False
Brazil.regions.ES:São Gabriel da Palha,111.99273607748184,0.6210653753026635,120.79307478179467,0.7027534345327504,False
Brazil.regions.ES:São José do Calçado,107.51452784503634,0.6210653753026635,62.13160903938471,0.7027534345327504,False
Brazil.regions.ES:São Roque do Canaã,114.4903147699758,0.6210653753026635,117.83195134735887,0.7027534345327504,False
Brazil.regions.ES:Vargem Alta,4.4612882238126215,0.6376057254391672,36.94672150773574,2.979187577979475,False
Brazil.regions.ES:Venda Nova do Imigrante,99.46004842615012,0.6210653753026635,82.53400582693399,0.7027534345327504,False
Brazil.regions.ES:Viana,75.5181598062954,1.2409200968523004,79.7702647667992,1.6771152654186336,False
Brazil.regions.ES:Vila Pavão,0.0,0.0,19.457185422966102,0.0,False
Brazil.regions.ES:Vila Valério,77.58628081457663,0.36977491961414793,50.17670231084203,0.4184110161289807,False
Brazil.regions.ES:Água Doce do Norte,7.53555219364599,0.7715582450832073,100.49821199606116,7.002071377468075,False
Brazil.regions.ES:Águia Branca,1.0222222222222221,1.8444444444444443,32.34125538249081,19.12927239622946,False
Brazil.regions.GO:Abadia de Goiás,3.3333333333333335,0.0,58.52952546107832,0.0,False
Brazil.regions.GO:Alexânia,3.525622254758419,0.0,1.9325759537985006,0.0,False
Brazil.regions.GO:Aloândia,115.363196125908,0.6210653753026635,112.33781534832195,0.7027534345327504,False
Brazil.regions.GO:Amaralina,0.0,0.0,50.20283932308307,0.0,False
Brazil.regions.GO:Amorinópolis,0.0,0.0,61.71646870774503,0.0,False
Brazil.regions.GO:Anhanguera,115.363196125908,0.6210653753026635,109.57497149324081,0.7027534345327504,False
Brazil.regions.GO:Anicuns,1.0,0.0,2.3136011951431157,0.0,False
Brazil.regions.GO:Aparecida do Rio Doce,1.0,1.0,38.15731402366269,40.42037186742118,False
Brazil.regions.GO:Aragarças,2.7263427109974425,0.0,3.3122216512441978,0.0,False
Brazil.regions.GO:Aragoiânia,87.36254019292606,0.36977491961414793,88.77096634595605,0.4184110161289807,False
Brazil.regions.GO:Araçu,1.0,0.0,26.129900702522036,0.0,False
Brazil.regions.GO:Aurilândia,1.0,1.0,29.788224207523566,32.05128205128205,False
Brazil.regions.GO:Avelinópolis,3.4647302904564317,0.0,36.32163218883536,0.0,False
Brazil.regions.GO:Barro Alto,26.222222222222218,0.0,22.30744368949917,0.0,False
Brazil.regions.GO:Bela Vista de Goiás,110.16828087167073,0.3910411622276029,111.07153322826235,0.5278820168986311,False
Brazil.regions.GO:Bonfinópolis,0.0,0.0,18.342752994898017,0.0,False
Brazil.regions.GO:Caldazinha,1.0,0.0,24.025059927009128,0.0,False
Brazil.regions.GO:Campestre de Goiás,115.363196125908,0.6210653753026635,117.04248389238965,0.7027534345327504,False
Brazil.regions.GO:Campinorte,22.03471904979443,0.0,17.911238388317347,0.0,False
Brazil.regions.GO:Campos Belos,9.311990686845169,1.0,64.60302948116527,5.028410519434806,False
Brazil.regions.GO:Carmo do Rio Verde,70.11150864639237,0.2996422182468694,69.61035107975705,0.33905383616238505,False
Brazil.regions.GO:Caturaí,3.525622254758419,0.0,14.602993406952528,0.0,False
Brazil.regions.GO:Ceres,69.59391771019678,0.2996422182468694,74.4085842729719,0.33905383616238505,False
Brazil.regions.GO:Cidade Ocidental,111.56416464891043,0.6210653753026635,124.94472922679786,0.7027534345327504,False
Brazil.regions.GO:Corumbá de Goiás,3.408491947291362,0.1171303074670571,4.9343058142725145,1.0542781950230162,False
Brazil.regions.GO:Córrego do Ouro,1.0,0.0,40.71072814678728,0.0,False
Brazil.regions.GO:Goiandira,113.81113801452784,0.7615012106537532,103.77860364994362,17.154389422610105,False
Brazil.regions.GO:Goianira,98.8108692885325,0.5001909125620465,109.22733269646744,0.5659804840251274,False
Brazil.regions.GO:Guapó,115.363196125908,0.6210653753026635,125.44394319303325,0.7027534345327504,False
Brazil.regions.GO:Hidrolândia,115.363196125908,0.6210653753026635,127.21453806593398,0.7027534345327504,False
Brazil.regions.GO:Indiara,4.066666666666666,0.0,31.473837080760546,0.0,False
Brazil.regions.GO:Inhumas,51.315420560747675,0.21695594125500672,54.167670213589446,0.24549192230357417,False
Brazil.regions.GO:Iporá,2.354319180087848,1.5124450951683748,3.403404271392573,4.796692446063793,False
Brazil.regions.GO:Itaguaru,114.90193704600487,0.6210653753026635,123.42280513021987,0.7027534345327504,False
Brazil.regions.GO:Itapuranga,1.618181818181818,0.0,7.280817434658436,0.0,False
Brazil.regions.GO:Ivolândia,2.8545454545454545,0.0,37.832563164487865,0.0,False
Brazil.regions.GO:Jesúpolis,8.009174311926605,0.0,85.94403736307693,0.0,False
Brazil.regions.GO:Joviânia,2.5777777777777775,1.0,9.76461991294208,13.537295248409368,False
Brazil.regions.GO:Leopoldo de Bulhões,2.0,0.0,50.045036833892866,0.0,False
Brazil.regions.GO:Maurilândia,1.0,0.0,4.83921488351424,0.0,False
Brazil.regions.GO:Nerópolis,110.69854721549639,0.2288135593220339,114.43785995798653,0.704768847519121,False
Brazil.regions.GO:Nova América,1.0,0.0,40.253948958962596,0.0,False
Brazil.regions.GO:Nova Glória,115.2179176755448,0.6210653753026635,120.89168187532259,0.7027534345327504,False
Brazil.regions.GO:Nova Veneza,115.363196125908,0.6210653753026635,123.66600022673956,0.7027534345327504,False
Brazil.regions.GO:Palminópolis,3.4647302904564317,0.8713692946058091,22.842031337358513,24.305977534332193,False
Brazil.regions.GO:Paranaiguara,115.363196125908,0.6210653753026635,123.78364027278487,0.7027534345327504,False
Brazil.regions.GO:Pires do Rio,111.81719128329298,0.7615012106537532,118.82898732823654,2.517356635545014,False
Brazil.regions.GO:Portelândia,1.0,0.0,22.6683807002455,0.0,False
Brazil.regions.GO:Professor Jamil,110.80629539951575,1.0956416464891041,119.92809309891464,46.62655866021002,False
Brazil.regions.GO:Rialma,109.40677966101696,0.6210653753026635,96.8438542533379,0.7027534345327504,False
Brazil.regions.GO:Rianápolis,1.0,0.0,18.565936115833267,0.0,False
Brazil.regions.GO:Santa Fé de Goiás,6.680835734870317,0.0,11.212144523890789,0.0,False
Brazil.regions.GO:Santa Helena de Goiás,17.793930494371025,0.0,17.64336737391094,0.0,False
Brazil.regions.GO:Santo Antônio de Goiás,3.186700767263427,0.0,11.178590706190155,0.0,False
Brazil.regions.GO:Santo Antônio do Descoberto,79.44319399785638,0.26929260450160775,88.05434116448966,0.3254490173700492,False
Brazil.regions.GO:São Luís de Montes Belos,114.52058111380146,0.6210653753026635,126.43684627206568,0.7027534345327504,False
Brazil.regions.GO:São Simão,2.6,0.0,1.6383976084511869,0.0,False
Brazil.regions.GO:Uruana,1.0,0.0,4.960809814986005,0.0,False
Brazil.regions.GO:Urutaí,1.0,0.0,30.289025489574843,0.0,False
Brazil.regions.GO:Vianópolis,115.363196125908,0.6210653753026635,125.34357009877193,0.7027534345327504,False
Brazil.regions.MA:Afonso Cunha,1.0,0.0,13.064961776106625,0.0,False
Brazil.regions.MA:Alcântara,61.020488573680076,0.2600472813238771,55.91516714450452,0.29425101987403496,False
Brazil.regions.MA:Altamira do Maranhão,115.363196125908,0.6440677966101696,122.64556738276023,10.155595310009776,False
Brazil.regions.MA:Alto Alegre do Maranhão,14.807339449541285,0.6024464831804281,81.1819696415281,2.2269119254072676,False
Brazil.regions.MA:Amapá do Maranhão,2.619324796274738,0.0,23.500477583923704,0.0,False
Brazil.regions.MA:Anajatuba,38.49332443257677,1.4906542056074767,48.03587899938542,6.125474562278313,False
Brazil.regions.MA:Anapurus,23.853080568720383,0.0,181.1452438460315,0.0,False
Brazil.regions.MA:Apicum-Açu,9.088836477987421,0.0,82.60905400748427,0.0,False
Brazil.regions.MA:Araguanã,13.346587143803845,0.0,131.92894221801856,0.0,False
Brazil.regions.MA:Arari,43.94877856579985,0.7092198581560285,42.59910967612069,2.953092653001553,False
Brazil.regions.MA:Axixá,2.397694524495677,0.0,51.223655609769565,0.0,False
Brazil.regions.MA:Bacabeira,52.457421268182465,0.6114955514757804,113.37747439431801,5.1758596597448525,False
Brazil.regions.MA:Bacuri,7.1875945537065045,0.0,55.68142415412876,0.0,False
Brazil.regions.MA:Bacurituba,1.7333333333333336,0.0,28.999966233230946,0.0,False
Brazil.regions.MA:Bela Vista do Maranhão,13.534582132564843,0.0,180.65685203938435,0.0,False
Brazil.regions.MA:Belágua,13.738589211618256,0.0,238.66632419763945,0.0,False
Brazil.regions.MA:Bequimão,22.435878962536023,0.6664265129682997,132.93764326843967,3.1317035383848673,False
Brazil.regions.MA:Bernardo do Mearim,12.733333333333334,0.0,266.2116743246127,0.0,False
Brazil.regions.MA:Boa Vista do Gurupi,4.0995850622406635,0.6970954356846473,87.16634827119604,7.50614230305424,False
Brazil.regions.MA:Bom Lugar,3.1383647798742142,0.0,12.886590707098597,0.0,False
Brazil.regions.MA:Brejo,6.415352260778128,1.088328075709779,26.58417387669566,2.990158737560181,False
Brazil.regions.MA:Brejo de Areia,1.0,0.0,8.620703584191013,0.0,False
Brazil.regions.MA:Buritirana,22.959517657192073,0.6589147286821705,179.94824892123194,4.270348209216919,False
Brazil.regions.MA:Cachoeira Grande,111.21670702179178,1.13680387409201,97.53938516517617,15.908273565959933,False
Brazil.regions.MA:Cajapió,115.363196125908,0.6210653753026635,124.35299938144392,0.7027534345327504,False
Brazil.regions.MA:Cajari,13.09478672985782,0.0,90.52224788926704,0.0,False
Brazil.regions.MA:Campestre do Maranhão,6.109090909090909,0.7272727272727273,64.95554535930333,5.059640512541583,False
Brazil.regions.MA:Cantanhede,105.10169491525426,0.6210653753026635,80.85656796149955,0.7027534345327504,False
Brazil.regions.MA:Capinzal do Norte,10.257261410788383,0.0,127.46702028032148,0.0,False
Brazil.regions.MA:Carutapera,9.398638030382397,3.8763750654793085,55.904963665418,16.282501220142432,False
Brazil.regions.MA:Cedral,1.1095290251916758,0.0,25.022643656945334,0.0,False
Brazil.regions.MA:Central do Maranhão,1.5636363636363635,0.0,22.052734039882942,0.0,False
Brazil.regions.MA:Centro do Guilherme,3.037344398340249,0.0,50.692379036862086,0.0,False
Brazil.regions.MA:Conceição do Lago-Açu,8.686862967157419,0.7361268403171009,81.45182265965128,4.533638235616806,False
Brazil.regions.MA:Cururupu,53.60835303388495,0.7344365642237983,47.27204576620339,2.747449073558219,False
Brazil.regions.MA:Davinópolis,77.43622722400858,1.0356377277599143,21.092241046468292,10.469508470809837,False
Brazil.regions.MA:Dom Pedro,11.883965280950205,0.0,37.446473631162185,0.0,False
Brazil.regions.MA:Duque Bacelar,3.8970125786163523,0.0,15.911010350564757,0.0,False
Brazil.regions.MA:Esperantinópolis,16.79250720461095,1.0,122.3767379609816,5.800127602807261,False
Brazil.regions.MA:Fortuna,2.455242966751918,0.0,26.787918270518077,0.0,False
Brazil.regions.MA:Godofredo Viana,2.6777609682299546,0.0,52.284578863363826,0.0,False
Brazil.regions.MA:Gonçalves Dias,2.29156010230179,0.0,30.92906748382659,0.0,False
Brazil.regions.MA:Governador Archer,3.186700767263427,0.0,4.487719245509924,0.0,False
Brazil.regions.MA:Governador Edison Lobão,10.255996084189917,0.0,111.8803611251085,0.0,False
Brazil.regions.MA:Governador Eugênio Barros,2.8545454545454545,0.0,1.580947161824029,0.0,False
Brazil.regions.MA:Governador Newton Bello,4.306825712392313,0.0,39.85083309943532,0.0,False
Brazil.regions.MA:Governador Nunes Freire,92.63930253277331,0.5001909125620465,81.61878464818173,0.5659804840251274,False
Brazil.regions.MA:Graça Aranha,0.5833333333333334,0.0,38.90743465554795,0.0,False
Brazil.regions.MA:Guimarães,3.708933717579251,0.5619596541786743,36.39046316448623,4.6713188211028625,False
Brazil.regions.MA:Icatu,115.17070217917677,0.22639225181598063,127.3632585676901,1.0118891397387342,False
Brazil.regions.MA:Igarapé Grande,64.14285714285714,0.0,582.0378003086897,0.0,False
Brazil.regions.MA:Igarapé do Meio,11.679586563307494,0.025839793281653745,117.87103784515537,0.18226559414300447,False
Brazil.regions.MA:Itaipava do Grajaú,4.821428571428571,0.0,44.04173989049423,0.0,False
Brazil.regions.MA:Jatobá,1.0,0.0,27.284859028102048,0.0,False
Brazil.regions.MA:Joselândia,0.8952270081490105,0.0,17.806857123580734,0.0,False
Brazil.regions.MA:João Lisboa,14.389209009952856,0.0,77.17575953423184,0.0,False
Brazil.regions.MA:Junco do Maranhão,55.144996059889685,0.2600472813238771,213.35832172605035,0.29425101987403496,False
Brazil.regions.MA:Lago Verde,1.0277777777777777,0.0,17.50998529708582,0.0,False
Brazil.regions.MA:Lago do Junco,2.3809523809523805,0.0,38.15163201742583,0.0,False
Brazil.regions.MA:Lago dos Rodrigues,5.132712456344587,0.0,95.39096413805949,0.0,False
Brazil.regions.MA:Lagoa Grande do Maranhão,1.2857142857142856,0.21428571428571427,9.739670875449196,1.8806890844805535,False
Brazil.regions.MA:Lajeado Novo,3.390891840607211,0.0,8.276612002092138,0.0,False
Brazil.regions.MA:Lima Campos,39.36978131212724,0.0,396.4207751530606,0.0,False
Brazil.regions.MA:Luís Domingues,1.1268917345750873,0.0,77.44058033663232,0.0,False
Brazil.regions.MA:Magalhães de Almeida,6.537938844847114,0.0,45.867049394315494,0.0,False
Brazil.regions.MA:Maracaçumé,13.007075471698112,0.08647798742138364,83.54521270230875,0.40419718355402495,False
Brazil.regions.MA:Maranhãozinho,2.6265560165975104,0.0,38.546468800364885,0.0,False
Brazil.regions.MA:Mata Roma,11.753768844221105,0.8154408405664686,96.91967386975007,4.845450356922387,False
Brazil.regions.MA:Matinha,38.918045705279745,0.2600472813238771,77.70199311913042,0.29425101987403496,False
Brazil.regions.MA:Matões do Norte,1.0,0.0,3.7088740762176253,0.0,False
Brazil.regions.MA:Milagres do Maranhão,41.585944414940705,0.1699415825809878,30.448970501102888,0.1922938157203175,False
Brazil.regions.MA:Miranda do Norte,59.56917113893858,0.2996422182468694,43.673452801904084,0.33905383616238505,False
Brazil.regions.MA:Mirinzal,109.64769975786925,1.139225181598063,92.0196671391469,9.783861081725222,False
Brazil.regions.MA:Monção,11.427350427350426,1.4743589743589742,30.344546750197214,4.409759449539314,False
Brazil.regions.MA:Nina Rodrigues,9.25,0.0,78.96017071915776,0.0,False
Brazil.regions.MA:Nova Colinas,0.2857142857142857,0.0,29.57731574995834,0.0,False
Brazil.regions.MA:Olho d'Água das Cunhãs,10.300736067297581,0.13932702418506834,107.69528939982332,0.7143144023843544,False
Brazil.regions.MA:Olinda Nova do Maranhão,7.733944954128441,0.6758409785932722,99.1825054622827,4.597244939754249,False
Brazil.regions.MA:Palmeirândia,2.581259150805271,0.0,28.791208232865692,0.0,False
Brazil.regions.MA:Paraibano,5.654983570646222,0.0,30.18488581906056,0.0,False
Brazil.regions.MA:Paulino Neves,3.1829971181556194,0.0,41.881562527880185,0.0,False
Brazil.regions.MA:Paulo Ramos,14.216318785578748,0.0,69.85720482995862,0.0,False
Brazil.regions.MA:Pedreiras,48.812938113358705,1.8766272781894655,169.65146053852425,4.871790238400935,False
Brazil.regions.MA:Penalva,23.265288544358317,0.409130060292851,67.66041310723013,1.0635041858405276,False
Brazil.regions.MA:Peri Mirim,19.917345750873107,0.20372526193247964,165.99614794743277,1.4228611672892835,False
Brazil.regions.MA:Peritoró,5.703363914373088,0.0,53.19196524335932,0.0,False
Brazil.regions.MA:Pindaré-Mirim,22.532730404823425,0.409130060292851,79.75883668457077,1.2420086223637745,False
Brazil.regions.MA:Pio XII,16.369551073519844,0.0,92.31288407723376,0.0,False
Brazil.regions.MA:Pirapemas,18.049956933677862,0.3359173126614987,121.5560818334254,1.8035828867731474,False
Brazil.regions.MA:Porto Rico do Maranhão,3.064411190631099,0.0,122.70209942663078,0.0,False
Brazil.regions.MA:Poção de Pedras,7.527777777777778,0.0,56.62453837690079,0.0,False
Brazil.regions.MA:Presidente Dutra,56.046500244738134,0.0,135.91756077347833,0.0,False
Brazil.regions.MA:Presidente Juscelino,30.326185101580133,0.11851015801354402,73.20992009556998,0.1340976713288042,False
Brazil.regions.MA:Presidente Médici,4.843659942363113,0.0,32.13153120668721,0.0,False
Brazil.regions.MA:Presidente Sarney,7.682188591385332,0.8323632130384168,59.56470575455578,4.399847832954947,False
Brazil.regions.MA:Presidente Vargas,0.48023426061493407,0.0,36.46284586187859,0.0,False
Brazil.regions.MA:Raposa,98.16949152542374,1.9297820823244551,82.82308284618198,7.589719039142094,False
Brazil.regions.MA:Ribamar Fiquene,2.390891840607211,0.0,20.702224506246615,0.0,False
Brazil.regions.MA:Rosário,35.65878644602049,1.3853427895981092,25.84837517150094,3.555515173205015,False
Brazil.regions.MA:Santa Filomena do Maranhão,2.6,0.0,8.791541552146857,0.0,False
Brazil.regions.MA:Santa Inês,58.84261501210655,0.20096852300242135,67.0703914942311,0.2309677417289206,False
Brazil.regions.MA:Santa Luzia do Paruá,3.184913567312729,0.0,24.140571467539083,0.0,False
Brazil.regions.MA:Santa Rita,73.07384987893464,0.6912832929782082,71.14292337425931,2.258718960930632,False
Brazil.regions.MA:Santana do Maranhão,2.120331950207469,0.0,19.157380859439915,0.0,False
Brazil.regions.MA:Santo Antônio dos Lopes,72.34854771784232,0.0,523.673785763671,0.0,False
Brazil.regions.MA:Satubinha,4.989779874213837,0.0,4.948340489351359,0.0,False
Brazil.regions.MA:Senador Alexandre Costa,2.5933609958506225,0.0,11.745167894568135,0.0,False
Brazil.regions.MA:Senador La Rocque,8.49388379204893,0.7920489296636085,119.54257458492987,5.54151633431476,False
Brazil.regions.MA:Serrano do Maranhão,6.9443339960238575,0.0,11.248323491476553,0.0,False
Brazil.regions.MA:São Benedito do Rio Preto,110.51331719128328,0.4200968523002422,100.71911996603988,2.8261306765238277,False
Brazil.regions.MA:São Bento,21.482342807924205,0.0,53.5296300303764,0.0,False
Brazil.regions.MA:São Bernardo,22.771784232365146,0.0,90.49127940852433,0.0,False
Brazil.regions.MA:São Domingos do Azeitão,0.7142857142857143,0.0,24.427720325685517,0.0,False
Brazil.regions.MA:São Domingos do Maranhão,54.61825726141079,0.0,166.82081058154918,0.0,False
Brazil.regions.MA:São Francisco do Brejão,20.968021927820924,0.0,11.552662191153214,0.0,False
Brazil.regions.MA:São José dos Basílios,1.6666666666666667,0.0,17.04407704934899,0.0,False
Brazil.regions.MA:São João Batista,13.46916400182732,1.5966194609410689,27.108018081411657,7.72620111754691,False
Brazil.regions.MA:São João do Carú,22.051248923341944,0.0,170.50583997722916,0.0,False
Brazil.regions.MA:São Luís Gonzaga do Maranhão,5.963552021206097,0.0,7.611276061195425,0.0,False
Brazil.regions.MA:São Mateus do Maranhão,57.1039755351682,0.6605504587155964,150.55429976622142,1.590576365228145,False
Brazil.regions.MA:São Pedro da Água Branca,6.517241379310345,0.0,70.17334313622695,0.0,False
Brazil.regions.MA:São Pedro dos Crentes,1.829875518672199,0.0,61.70429617036843,0.0,False
Brazil.regions.MA:São Raimundo do Doca Bezerra,15.857142857142858,0.0,338.7173289643923,0.0,False
Brazil.regions.MA:São Vicente Ferrer,16.766509433962263,0.0,94.19122420011377,0.0,False
Brazil.regions.MA:Trizidela do Vale,33.9614461234289,0.46462364072871065,148.65359136630397,3.259713547080695,False
Brazil.regions.MA:Tufilândia,1.0,0.0,14.860229827474392,0.0,False
Brazil.regions.MA:Vila Nova dos Martírios,4.669222343921138,0.0,62.10959943771391,0.0,False
Brazil.regions.MA:Vitorino Freire,31.959461851655156,0.20357585413347495,22.301174448403682,0.29899137481205107,False
Brazil.regions.MA:Vitória do Mearim,93.65617433414045,0.6537530266343826,70.51451272135998,0.8025204084422827,False
Brazil.regions.MA:Água Doce do Maranhão,5.824304538799415,0.0,76.79160987111989,0.0,False
Brazil.regions.MG:Abadia dos Dourados,0.6763485477178424,0.0,49.152946887328525,0.0,False
Brazil.regions.MG:Alfenas,112.64891041162228,0.6210653753026635,127.02523256144961,0.7027534345327504,False
Brazil.regions.MG:Alfredo Vasconcelos,3.300109529025192,0.887185104052574,9.61236743107788,12.844724251521265,False
Brazil.regions.MG:Alpercata,115.31476997578693,0.6210653753026635,121.49691714061892,0.7027534345327504,False
Brazil.regions.MG:Alpinópolis,3.525622254758419,0.0,0.9611216350318655,0.0,False
Brazil.regions.MG:Alterosa,8.160371106693175,0.0,5.40263408494933,0.0,False
Brazil.regions.MG:Alto Jequitibá,1.7440758293838863,0.49763033175355453,45.181294804730946,5.983291231857095,False
Brazil.regions.MG:Alto Rio Doce,3.525622254758419,0.0,3.9700366201495867,0.0,False
Brazil.regions.MG:Alvarenga,2.8000000000000003,0.0,120.59335372522027,0.0,False
Brazil.regions.MG:Além Paraíba,10.72361809045226,0.0,16.81753655719684,0.0,False
Brazil.regions.MG:Andradas,2.6,0.37777777777777777,1.7990199732613956,0.9196820064215444,False
Brazil.regions.MG:Andrelândia,1.6,0.0,33.01201071544066,0.0,False
Brazil.regions.MG:Arantina,0.0,0.0,69.29329278235957,0.0,False
Brazil.regions.MG:Arceburgo,53.63017356475301,0.21695594125500672,44.391580575649876,0.24549192230357417,False
Brazil.regions.MG:Arcos,110.20581113801454,0.6210653753026635,119.22581224888268,0.7027534345327504,False
Brazil.regions.MG:Astolfo Dutra,1.7302904564315351,0.0,19.500731847414304,0.0,False
Brazil.regions.MG:Açucena,0.3,0.0,15.688367710623771,0.0,False
Brazil.regions.MG:Barroso,0.7142857142857143,0.0,3.9152904777902187,0.0,False
Brazil.regions.MG:Bela Vista de Minas,2.6398243045388,0.0,13.268186039426938,0.0,False
Brazil.regions.MG:Belmiro Braga,86.68997856377277,0.62513397642015,72.39711348140567,28.596138299540254,False
Brazil.regions.MG:Belo Oriente,22.025582457743262,0.0,20.983353374701284,0.0,False
Brazil.regions.MG:Belo Vale,22.59433531292828,0.9933759707629053,20.47631105746082,12.875903703991,False
Brazil.regions.MG:Bicas,18.39598629466471,0.0,15.718615896125334,0.0,False
Brazil.regions.MG:Boa Esperança,110.11501210653753,0.6210653753026635,116.2531825855087,0.7027534345327504,False
Brazil.regions.MG:Bom Repouso,6.285619615639496,0.0,17.046527252672153,0.0,False
Brazil.regions.MG:Bonfim,115.363196125908,0.7421307506053268,121.73760740239827,13.575486809374851,False
Brazil.regions.MG:Borda da Mata,114.1864406779661,0.6210653753026635,122.57965926405936,0.7027534345327504,False
Brazil.regions.MG:Botelhos,113.79055690072639,0.6210653753026635,115.14406567057351,0.7027534345327504,False
Brazil.regions.MG:Brazópolis,1.841874084919473,0.0,38.55287883512414,0.0,False
Brazil.regions.MG:Brumadinho,6.199052132701423,0.0,23.216993418055594,0.0,False
Brazil.regions.MG:Bueno Brandão,4.899371069182389,0.9119496855345911,6.575495648843977,8.289698077761942,False
Brazil.regions.MG:Cachoeira Dourada,1.0,0.0,34.88404468224448,0.0,False
Brazil.regions.MG:Cachoeira de Minas,2.25,0.0,4.982789079583114,0.0,False
Brazil.regions.MG:Caetanópolis,13.045215562565721,0.0,11.654756166030182,0.0,False
Brazil.regions.MG:Caeté,69.46153846153845,0.2996422182468694,75.00046617495646,0.33905383616238505,False
Brazil.regions.MG:Cajuri,3.186700767263427,0.0,20.34414191808879,0.0,False
Brazil.regions.MG:Caldas,1.6166982922201139,0.0,16.156050777712156,0.0,False
Brazil.regions.MG:Camanducaia,62.4299344066786,0.2996422182468694,45.08105013103164,0.33905383616238505,False
Brazil.regions.MG:Cambuquira,114.46489104116225,0.6210653753026635,120.55333502216048,0.7027534345327504,False
Brazil.regions.MG:Cambuí,103.0314769975787,0.6210653753026635,95.77538348511068,0.7027534345327504,False
Brazil.regions.MG:Campanha,3.0423600605143717,0.0,1.426552738884461,0.0,False
Brazil.regions.MG:Campestre,3.0423600605143717,0.0,1.411970605830355,0.0,False
Brazil.regions.MG:Campo Belo,113.79661016949152,0.6210653753026635,126.91793603557208,0.7027534345327504,False
Brazil.regions.MG:Campos Altos,115.363196125908,0.6210653753026635,125.76960376834481,0.7027534345327504,False
Brazil.regions.MG:Campos Gerais,114.37893462469735,0.6210653753026635,124.851554004494,0.7027534345327504,False
Brazil.regions.MG:Cana Verde,1.2282157676348548,0.0,96.55334816407972,0.0,False
Brazil.regions.MG:Candeias,0.8727272727272726,0.0,15.669493996076834,0.0,False
Brazil.regions.MG:Caparaó,1.0,0.0,16.12605580096384,0.0,False
Brazil.regions.MG:Capelinha,3.300109529025192,0.0,2.3980444130252194,0.0,False
Brazil.regions.MG:Capinópolis,3.619324796274738,0.0,0.9562451408797283,0.0,False
Brazil.regions.MG:Capitólio,115.363196125908,0.29661016949152547,122.9847393649637,5.496377228555438,False
Brazil.regions.MG:Carandaí,3.298682284040996,0.0,1.8258019687717824,0.0,False
Brazil.regions.MG:Carangola,110.47699757869249,0.6210653753026635,113.8815154504666,0.7027534345327504,False
Brazil.regions.MG:Careaçu,2.25,0.0,11.121998223072568,0.0,False
Brazil.regions.MG:Carmo da Cachoeira,115.363196125908,0.6210653753026635,124.77015238090787,0.7027534345327504,False
Brazil.regions.MG:Carmo da Mata,3.4647302904564317,0.0,3.6618661220258537,0.0,False
Brazil.regions.MG:Carmo do Cajuru,113.75786924939467,0.6210653753026635,120.95022728838889,0.7027534345327504,False
Brazil.regions.MG:Carmo do Paranaíba,0.890909090909091,0.0,5.410096054244381,0.0,False
Brazil.regions.MG:Carmópolis de Minas,0.5491216655823032,0.0,19.689985062560673,0.0,False
Brazil.regions.MG:Cascalho Rico,3.186700767263427,0.0,27.782952197839453,0.0,False
Brazil.regions.MG:Cataguases,92.52475499554538,0.8221967672139494,102.99352639731754,1.1348642614210755,False
Brazil.regions.MG:Catas Altas,1.5,0.0,20.139783560070175,0.0,False
Brazil.regions.MG:Catuji,2.910377358490566,0.0,51.16908351056831,0.0,False
Brazil.regions.MG:Caxambu,0.37340153452685426,0.9207161125319695,16.177901120491935,4.25155205269657,False
Brazil.regions.MG:Centralina,115.3414043583535,0.46973365617433416,124.15503864287147,6.1400721260525755,False
Brazil.regions.MG:Chiador,1.8727272727272728,0.0,204.72599613509502,0.0,False
Brazil.regions.MG:Chácara,2.25,0.0,28.028301454114402,0.0,False
Brazil.regions.MG:Cipotânea,1.0,0.0,12.470992546693846,0.0,False
Brazil.regions.MG:Cláudio,1.7219917012448132,0.0,4.532326654718616,0.0,False
Brazil.regions.MG:Comercinho,3.619324796274738,0.0,9.20519737715292,0.0,False
Brazil.regions.MG:Conceição das Alagoas,114.3680387409201,0.6210653753026635,125.35088760970947,0.7027534345327504,False
Brazil.regions.MG:Conceição do Rio Verde,1.25,0.0,10.987437881733785,0.0,False
Brazil.regions.MG:Congonhal,3.300109529025192,0.0,3.50250253747955,0.0,False
Brazil.regions.MG:Congonhas,2.1951588502269286,0.0,1.6632392146583002,0.0,False
Brazil.regions.MG:Couto de Magalhães de Minas,3.525622254758419,0.0,17.55486449069175,0.0,False
Brazil.regions.MG:Cristina,1.8727272727272728,0.0,14.98838423924289,0.0,False
Brazil.regions.MG:Cruzília,2.6727272727272724,0.0,3.3041522588573344,0.0,False
Brazil.regions.MG:Córrego do Bom Jesus,1.1944444444444444,0.0,81.81569155104869,0.0,False
Brazil.regions.MG:Delfim Moreira,1.0,0.0,53.247368155378034,0.0,False
Brazil.regions.MG:Diogo de Vasconcelos,1.0,0.0,24.03888850027097,0.0,False
Brazil.regions.MG:Dionísio,0.5352697095435686,0.0,59.639450465411976,0.0,False
Brazil.regions.MG:Divino,2.4053350683148995,0.0,5.714761284471326,0.0,False
Brazil.regions.MG:Divino das Laranjeiras,1.0,0.0,17.821296444251153,0.0,False
Brazil.regions.MG:Divinésia,115.363196125908,0.6210653753026635,116.49779409118176,0.7027534345327504,False
Brazil.regions.MG:Divisa Nova,6.709654178674352,0.0,9.280782974841948,0.0,False
Brazil.regions.MG:Elói Mendes,0.9341142020497804,0.0,9.600725067151087,0.0,False
Brazil.regions.MG:Engenheiro Caldas,1.0,0.0,6.718440270126909,0.0,False
Brazil.regions.MG:Engenheiro Navarro,1.0,0.0,11.545282393744966,0.0,False
Brazil.regions.MG:Ervália,1.0,0.0,3.0293475544950197,0.0,False
Brazil.regions.MG:Esmeraldas,114.50605326876514,0.6210653753026635,129.0360182286224,0.7027534345327504,False
Brazil.regions.MG:Espera Feliz,57.51142631993696,0.2600472813238771,53.01053955260018,0.29425101987403496,False
Brazil.regions.MG:Espírito Santo do Dourado,38.44168547780286,0.11851015801354402,25.815210410509728,0.1340976713288042,False
Brazil.regions.MG:Estiva,20.024668798538144,0.0,21.6061767636835,0.0,False
Brazil.regions.MG:Estrela Dalva,1.7667031763417307,0.6024096385542169,121.95984388803306,25.711038777388683,False
Brazil.regions.MG:Estrela do Sul,2.8545454545454545,0.0,8.172940129411446,0.0,False
Brazil.regions.MG:Eugenópolis,1.25,0.0,10.192064866162458,0.0,False
Brazil.regions.MG:Extrema,95.00968523002422,0.3038740920096853,81.59853435489211,1.5898855567060934,False
Brazil.regions.MG:Faria Lemos,13.794426919032597,0.0,33.80476442770799,0.0,False
Brazil.regions.MG:Ferros,111.26271186440678,0.6210653753026635,107.48358872877556,0.7027534345327504,False
Brazil.regions.MG:Fervedouro,1.7400379506641366,0.0,19.117113052175853,0.0,False
Brazil.regions.MG:Frei Inocêncio,1.0,0.0,8.141686719762479,0.0,False
Brazil.regions.MG:Fronteira,4.696682464454977,0.0,1.6020103585975387,0.0,False
Brazil.regions.MG:Goianá,99.10487463408425,0.5001909125620465,97.69009248593515,0.5659804840251274,False
Brazil.regions.MG:Gouveia,1.0,0.0,6.193601775691829,0.0,False
Brazil.regions.MG:Guanhães,1.2857142857142856,0.0,1.1549865522347278,0.0,False
Brazil.regions.MG:Guapé,2.1346444780635396,0.0,8.818129459860083,0.0,False
Brazil.regions.MG:Guaranésia,100.1014382079674,0.5001909125620465,109.3453607224646,0.5659804840251274,False
Brazil.regions.MG:Guarará,1.75,0.0,23.23181495903651,0.0,False
Brazil.regions.MG:Guaxupé,69.24090638044126,0.2996422182468694,75.46983150077712,0.33905383616238505,False
Brazil.regions.MG:Guimarânia,115.363196125908,0.6210653753026635,122.58125585261458,0.7027534345327504,False
Brazil.regions.MG:Heliodora,1.0,0.0,12.98549354385969,0.0,False
Brazil.regions.MG:Iapu,0.6666666666666666,0.0,21.97055417611308,0.0,False
Brazil.regions.MG:Ibiaí,8.084161696487742,0.0,5.68988107458538,0.0,False
Brazil.regions.MG:Icaraí de Minas,6.709654178674352,0.0,4.272038078375233,0.0,False
Brazil.regions.MG:Igarapé,0.9483204134366925,0.0,7.5787072057170395,0.0,False
Brazil.regions.MG:Igaratinga,1.75,0.0,6.096398595587146,0.0,False
Brazil.regions.MG:Ilicínea,3.4890190336749636,0.0,3.2557192147633693,0.0,False
Brazil.regions.MG:Imbé de Minas,14.456887486855939,0.0,12.72420475154042,0.0,False
Brazil.regions.MG:Inconfidentes,1.75,0.0,10.534583674439068,0.0,False
Brazil.regions.MG:Inhapim,2.6,0.0,1.6851499931739522,0.0,False
Brazil.regions.MG:Ipaba,113.80508474576271,0.6210653753026635,120.10679483110653,0.7027534345327504,False
Brazil.regions.MG:Ipiaçu,22.59433531292828,0.9707629054362722,22.23143338791036,22.998410458096952,False
Brazil.regions.MG:Ipuiúna,115.363196125908,0.6210653753026635,123.7960424729628,0.7027534345327504,False
Brazil.regions.MG:Itabirito,3.2580645161290325,0.7305502846299811,2.7846575934242743,1.408289705310807,False
Brazil.regions.MG:Itacarambi,4.696682464454977,0.0,1.6140525371168464,0.0,False
Brazil.regions.MG:Itaguara,69.93112701252235,0.2996422182468694,64.89329832606386,0.33905383616238505,False
Brazil.regions.MG:Itaipé,1.75,0.0,4.725286060443366,0.0,False
Brazil.regions.MG:Itamarati de Minas,1.2,0.0,71.21570220216574,0.0,False
Brazil.regions.MG:Itamogi,0.0,0.0,17.360176065189712,0.0,False
Brazil.regions.MG:Itamonte,12.945320715036805,0.0,11.224225094103994,0.0,False
Brazil.regions.MG:Itanhandu,110.78329297820825,0.6210653753026635,106.14116281921228,0.7027534345327504,False
Brazil.regions.MG:Itaobim,54.836782376502,0.21695594125500672,56.264138831536535,0.24549192230357417,False
Brazil.regions.MG:Itapecerica,106.7360774818402,0.6210653753026635,98.97115634886597,0.7027534345327504,False
Brazil.regions.MG:Itapeva,113.30387409200969,0.2675544794188862,103.52400850809741,3.083375066999634,False
Brazil.regions.MG:Itatiaiuçu,4.536116633532141,0.0,31.122793039928595,0.0,False
Brazil.regions.MG:Itaú de Minas,1.7979502196193264,0.0,11.812775624218723,0.0,False
Brazil.regions.MG:Itaúna,79.65555712469992,0.33611071882502475,90.23782383015943,0.38031899930413776,False
Brazil.regions.MG:Itumirim,3.415599534342258,0.0,14.758577098300636,0.0,False
Brazil.regions.MG:Jaboticatubas,112.59685230024213,0.6210653753026635,114.23284122141749,0.7027534345327504,False
Brazil.regions.MG:Jacutinga,2.036363636363636,1.0,2.637130094140245,3.8492628661611303,False
Brazil.regions.MG:Japaraíba,0.16666666666666666,0.0,39.88253602597331,0.0,False
Brazil.regions.MG:Jeceaba,115.363196125908,0.6210653753026635,119.57563137029206,0.7027534345327504,False
Brazil.regions.MG:Jequitibá,1.75,0.0,16.07847009542122,0.0,False
Brazil.regions.MG:João Monlevade,103.136803874092,0.6210653753026635,115.116710981765,0.7027534345327504,False
Brazil.regions.MG:Juatuba,5.837896253602306,0.0,2.942033199732611,0.0,False
Brazil.regions.MG:Ladainha,2.8545454545454545,0.0,1.3282931005585117,0.0,False
Brazil.regions.MG:Lagoa Dourada,1.0,0.0,5.423928089057256,0.0,False
Brazil.regions.MG:Lagoa Santa,50.727303070761025,0.21695594125500672,55.901884887593866,0.24549192230357417,False
Brazil.regions.MG:Lagoa da Prata,104.6719128329298,0.6210653753026635,112.08074744118804,0.7027534345327504,False
Brazil.regions.MG:Lajinha,3.4647302904564317,0.0,1.0162110520488414,0.0,False
Brazil.regions.MG:Lambari,4.316251830161055,0.0,37.10630849666289,0.0,False
Brazil.regions.MG:Laranjal,2.467473524962178,0.0,18.552039838235196,0.0,False
Brazil.regions.MG:Lavras,110.10653753026634,0.6210653753026635,125.63426606219154,0.7027534345327504,False
Brazil.regions.MG:Lima Duarte,1.4265402843601898,0.0,24.746581886265407,0.0,False
Brazil.regions.MG:Machado,114.4043583535109,0.6210653753026635,127.02636083269427,0.7027534345327504,False
Brazil.regions.MG:Malacacheta,2.25,0.0,1.9308898942070003,0.0,False
Brazil.regions.MG:Mamonas,3.619324796274738,0.0,10.056609487149101,0.0,False
Brazil.regions.MG:Manhuaçu,113.66949152542372,0.6210653753026635,128.68291295422398,0.7027534345327504,False
Brazil.regions.MG:Manhumirim,1.0,0.0,2.1408704602887236,0.0,False
Brazil.regions.MG:Mantena,5.887966804979253,0.0,25.46345557481001,0.0,False
Brazil.regions.MG:Mar de Espanha,8.4597364568082,1.061493411420205,95.4622881965286,8.283856808336234,False
Brazil.regions.MG:Maria da Fé,1.0,0.0,4.831656593985394,0.0,False
Brazil.regions.MG:Maripá de Minas,39.06997742663656,0.11851015801354402,34.88382824104381,0.1340976713288042,False
Brazil.regions.MG:Marliéria,112.46004842615014,0.6210653753026635,94.38523322288086,0.7027534345327504,False
Brazil.regions.MG:Martinho Campos,18.530592266275086,0.9691629955947137,16.56166845310817,7.239042393148444,False
Brazil.regions.MG:Mateus Leme,0.2857142857142857,0.0,3.251597352425373,0.0,False
Brazil.regions.MG:Mathias Lobato,1.0,0.0,28.957672721336735,0.0,False
Brazil.regions.MG:Matias Barbosa,100.0518009418353,0.5001909125620465,107.93913450620413,0.5659804840251274,False
Brazil.regions.MG:Matipó,1.0,0.0,3.0257088158564907,0.0,False
Brazil.regions.MG:Matozinhos,115.363196125908,0.6210653753026635,129.04912919474592,0.7027534345327504,False
Brazil.regions.MG:Miradouro,2.0,0.6666666666666666,46.760294157844974,6.199243692269543,False
Brazil.regions.MG:Miraí,1.0833333333333333,0.0,10.753506537838554,0.0,False
Brazil.regions.MG:Moema,8.160371106693175,0.0,7.302477026793064,0.0,False
Brazil.regions.MG:Monte Azul,70.98956469886703,0.2996422182468694,73.1056210162257,0.33905383616238505,False
Brazil.regions.MG:Monte Sião,2.311111111111111,0.0,20.759966918965727,0.0,False
Brazil.regions.MG:Morro da Garça,26.52136752136752,1.0,30.934384826682532,40.6173842404549,False
Brazil.regions.MG:Munhoz,69.47346451997616,0.2996422182468694,60.00959823333702,0.33905383616238505,False
Brazil.regions.MG:Mutum,6.453943008614977,0.0,2.5964460867705497,0.0,False
Brazil.regions.MG:Muzambinho,17.524718551150272,0.0,14.49845858239574,0.0,False
Brazil.regions.MG:Mário Campos,108.40677966101696,0.5242130750605327,81.63575017179794,4.244780714447398,False
Brazil.regions.MG:Naque,1.0,0.0,12.030824374652033,0.0,False
Brazil.regions.MG:Nazareno,63.99133175728922,0.2600472813238771,65.67728092896748,0.29425101987403496,False
Brazil.regions.MG:Nepomuceno,1.0,0.0,1.4726065441529037,0.0,False
Brazil.regions.MG:Nova Lima,90.27481840193705,0.6210653753026635,103.5355545960308,0.7027534345327504,False
Brazil.regions.MG:Nova Ponte,1.5597579425113464,0.0,18.208864424535133,0.0,False
Brazil.regions.MG:Nova Porteirinha,3.390891840607211,0.0,8.364912222842692,0.0,False
Brazil.regions.MG:Oliveira,2.0666666666666664,0.0,0.5220191751639283,0.0,False
Brazil.regions.MG:Orizânia,2.0277777777777777,0.0,11.566010951787474,0.0,False
Brazil.regions.MG:Ouro Branco,1.7622739018087856,0.0,8.434403827324365,0.0,False
Brazil.regions.MG:Ouro Fino,113.0314769975787,0.7615012106537532,121.81038290648704,2.3506787832553426,False
Brazil.regions.MG:Padre Paraíso,2.062431544359255,0.0,9.061203859843605,0.0,False
Brazil.regions.MG:Paraguaçu,1.4363636363636363,0.0,10.25965076538559,0.0,False
Brazil.regions.MG:Paraisópolis,112.40314769975788,1.5145278450363195,119.44344105971288,8.519415741394656,False
Brazil.regions.MG:Paraopeba,3.75,0.0,24.847388379605583,0.0,False
Brazil.regions.MG:Pará de Minas,109.83898305084747,0.6210653753026635,124.7217924031964,0.7027534345327504,False
Brazil.regions.MG:Passa Quatro,1.5555555555555554,0.0,8.435333647047527,0.0,False
Brazil.regions.MG:Pedra Dourada,3.619324796274738,0.0,34.70920262988292,0.0,False
Brazil.regions.MG:Pedra do Indaiá,2.25,0.0,21.4987646393406,0.0,False
Brazil.regions.MG:Pedro Leopoldo,11.002831257078142,0.0,11.546757938879507,0.0,False
Brazil.regions.MG:Perdões,110.07021791767555,0.6210653753026635,108.20529697278488,0.7027534345327504,False
Brazil.regions.MG:Piedade dos Gerais,32.37792910074104,0.06208692169036652,27.466293062351422,0.07025314756310143,False
Brazil.regions.MG:Piracema,1.8363636363636366,0.0,27.12827870355976,0.0,False
Brazil.regions.MG:Piranga,1.1454545454545455,0.890909090909091,22.35520078733562,5.0545165715936164,False
Brazil.regions.MG:Piranguinho,2.6,0.0,7.559813703477628,0.0,False
Brazil.regions.MG:Piranguçu,2.4647302904564317,0.0,31.497736150297413,0.0,False
Brazil.regions.MG:Pirapetinga,112.52784503631963,0.6210653753026635,97.78046047090015,0.7027534345327504,False
Brazil.regions.MG:Pirapora,114.06053268765133,0.6210653753026635,127.60622541496957,0.7027534345327504,False
Brazil.regions.MG:Piraúba,2.0666666666666664,0.0,10.141136961547446,0.0,False
Brazil.regions.MG:Pitangui,2.25,0.0,1.6327068757346916,0.0,False
Brazil.regions.MG:Piumhi,114.4043583535109,0.7106537530266345,126.09952915612425,2.1312021559231162,False
Brazil.regions.MG:Planura,2.6784591194968557,1.0,23.588735247855983,8.241984669908511,False
Brazil.regions.MG:Ponte Nova,2.646063760572544,0.0,2.102437649654291,0.0,False
Brazil.regions.MG:Porto Firme,46.16905647017172,0.1699415825809878,45.90312068908121,0.1922938157203175,False
Brazil.regions.MG:Poté,3.619324796274738,0.0,0.8135715502114184,0.0,False
Brazil.regions.MG:Poço Fundo,14.456887486855939,0.0,12.223585869276933,0.0,False
Brazil.regions.MG:Pratinha,1.0,0.0,25.491591059932887,0.0,False
Brazil.regions.MG:Pratápolis,1.75,0.0,8.512147609432802,0.0,False
Brazil.regions.MG:Presidente Juscelino,18.530592266275086,0.9789525208027411,20.223203467055022,26.8869135073535,False
Brazil.regions.MG:Raposos,2.726959517657192,0.0,13.185897046821092,0.0,False
Brazil.regions.MG:Raul Soares,0.0,0.0,6.153742088907114,0.0,False
Brazil.regions.MG:Recreio,3.134724857685009,0.0,6.975735806141487,0.0,False
Brazil.regions.MG:Resplendor,1.0,0.0,3.4850596477630407,0.0,False
Brazil.regions.MG:Riacho dos Machados,3.390891840607211,0.0,5.578989500204431,0.0,False
Brazil.regions.MG:Ribeirão Vermelho,1.0,0.0,22.53237979571585,0.0,False
Brazil.regions.MG:Rio Acima,1.0,0.0,7.434382032114282,0.0,False
Brazil.regions.MG:Rio Manso,1.0,0.0,14.883718562277176,0.0,False
Brazil.regions.MG:Rio Novo,2.6431535269709543,0.0,15.303115859227397,0.0,False
Brazil.regions.MG:Rio Piracicaba,1.0,0.0,4.710929184625639,0.0,False
Brazil.regions.MG:Rio Pomba,1.1059001512859303,0.8472012102874432,18.241323870016533,4.730325015563613,False
Brazil.regions.MG:Rodeiro,1.9272727272727275,0.0,66.93971810931966,0.0,False
Brazil.regions.MG:Salto da Divisa,2.8545454545454545,0.0,9.905840861096145,0.0,False
Brazil.regions.MG:Santa Bárbara,3.224066390041494,0.0,1.7729117693561645,0.0,False
Brazil.regions.MG:Santa Cruz de Minas,1.7866868381240544,0.0,21.642517327766388,0.0,False
Brazil.regions.MG:Santa Margarida,3.619324796274738,0.0,0.94289308842664,0.0,False
Brazil.regions.MG:Santa Maria de Itabira,114.60048426150122,0.6210653753026635,118.30452653010525,0.7027534345327504,False
Brazil.regions.MG:Santa Rita de Jacutinga,2.796276013143483,0.0,25.92532372935948,0.0,False
Brazil.regions.MG:Santa Rita do Sapucaí,6.709654178674352,0.0,6.41999695817402,0.0,False
Brazil.regions.MG:Santana de Cataguases,2.4313597918022123,0.0,50.221612850963666,0.0,False
Brazil.regions.MG:Santana do Paraíso,112.69612590799034,0.6210653753026635,121.1297701979109,0.7027534345327504,False
Brazil.regions.MG:Santo Antônio do Amparo,1.2777777777777777,0.0,6.968804808061001,0.0,False
Brazil.regions.MG:Santo Antônio do Aventureiro,3.186700767263427,0.0,23.024981242227614,0.0,False
Brazil.regions.MG:Santo Antônio do Monte,113.39951573849879,0.6210653753026635,123.31068593702352,0.7027534345327504,False
Brazil.regions.MG:Santos Dumont,51.249014972419225,0.6997635933806148,50.76536659638142,1.7704356123123655,False
Brazil.regions.MG:Sarzedo,114.38498789346248,0.6210653753026635,125.68001919418991,0.7027534345327504,False
Brazil.regions.MG:Senador Amaral,110.73849878934625,0.6210653753026635,90.03448977465186,0.7027534345327504,False
Brazil.regions.MG:Senador José Bento,2.7452830188679243,0.0,237.53251609815163,0.0,False
Brazil.regions.MG:Senhora do Porto,22.59433531292828,0.0,23.389502840550712,0.0,False
Brazil.regions.MG:Serra do Salitre,115.363196125908,0.6210653753026635,124.53177494798595,0.7027534345327504,False
Brazil.regions.MG:Serrania,1.0,0.0,10.776451870676249,0.0,False
Brazil.regions.MG:Serro,0.16666666666666666,0.0,6.481258350715105,0.0,False
Brazil.regions.MG:Simão Pereira,1.0,0.0,35.97785993826828,0.0,False
Brazil.regions.MG:Sobrália,55.49432576769026,0.21695594125500672,55.18471069744739,0.24549192230357417,False
Brazil.regions.MG:São Brás do Suaçuí,114.45036319612592,0.6210653753026635,109.45034482784688,0.7027534345327504,False
Brazil.regions.MG:São Domingos do Prata,1.0,0.0,3.4976426574224573,0.0,False
Brazil.regions.MG:São Francisco de Paula,0.75,0.0,27.530244292777535,0.0,False
Brazil.regions.MG:São Francisco do Glória,2.859443631039532,0.0,29.275878638218348,0.0,False
Brazil.regions.MG:São Geraldo da Piedade,32.558181454035655,0.9317043861405967,31.253903541825483,25.01281873105788,False
Brazil.regions.MG:São Gonçalo do Rio Abaixo,0.8,0.0,21.54646596576532,0.0,False
Brazil.regions.MG:São Gonçalo do Sapucaí,1.5,0.0,1.8000798178518465,0.0,False
Brazil.regions.MG:São Gotardo,113.98426150121067,0.6210653753026635,124.99760931936778,0.7027534345327504,False
Brazil.regions.MG:São Joaquim de Bicas,1.2181818181818185,0.34545454545454546,7.787319651447911,1.093972213105787,False
Brazil.regions.MG:São José da Barra,0.3,0.0,20.62948188153104,0.0,False
Brazil.regions.MG:São José da Lapa,43.722782793414765,0.3752876615330147,40.89306987334724,2.101862727719902,False
Brazil.regions.MG:São João Nepomuceno,114.75544794188862,0.2288135593220339,125.66940877599355,0.8701802449351687,False
Brazil.regions.MG:São João da Mata,3.0153340635268346,0.0,41.870404483429816,0.0,False
Brazil.regions.MG:São João do Manhuaçu,3.390891840607211,0.6546489563567363,3.6828463001850205,5.6635431815618675,False
Brazil.regions.MG:São João do Manteninha,1.4166666666666667,0.0,47.52580801362109,0.0,False
Brazil.regions.MG:São Lourenço,106.53874092009687,0.6210653753026635,112.41023119527758,0.7027534345327504,False
Brazil.regions.MG:São Sebastião da Vargem Alegre,1.0,0.0,30.992678770807526,0.0,False
Brazil.regions.MG:São Sebastião do Anta,1.0,0.0,12.992472285913518,0.0,False
Brazil.regions.MG:São Sebastião do Oeste,5.9933730947647454,0.0,182.49483497095153,0.0,False
Brazil.regions.MG:São Sebastião do Paraíso,67.89087656529516,0.6949910554561717,75.42820153253801,1.0627067953600249,False
Brazil.regions.MG:São Sebastião do Rio Preto,1.75,0.0,63.28935788183075,0.0,False
Brazil.regions.MG:São Tomás de Aquino,99.12142038946162,0.6933944253531882,99.8669376380848,13.606306560367248,False
Brazil.regions.MG:São Vicente de Minas,1.7869615832363215,0.0,31.30558089182849,0.0,False
Brazil.regions.MG:Tabuleiro,2.683748169838946,0.0,43.99576979375978,0.0,False
Brazil.regions.MG:Timóteo,109.72639225181598,0.6210653753026635,124.28112670050264,0.7027534345327504,False
Brazil.regions.MG:Toledo,111.92251815980632,0.3910411622276029,90.77674723680619,3.424992713880032,False
Brazil.regions.MG:Tombos,3.093704245973646,0.0,34.81323260558071,0.0,False
Brazil.regions.MG:Três Corações,15.247706422018348,0.0,20.475192844656615,0.0,False
Brazil.regions.MG:Três Pontas,56.123719464145,0.7399527186761229,60.48795923890286,1.4679877282315588,False
Brazil.regions.MG:Ubaí,1.0,0.0,5.7158777662311415,0.0,False
Brazil.regions.MG:Vargem Alegre,1.7551867219917014,0.0,55.715919537149354,0.0,False
Brazil.regions.MG:Varjão de Minas,2.8545454545454545,0.0,9.851091144760506,0.0,False
Brazil.regions.MG:Varzelândia,55.32910547396529,0.7716955941255006,58.13881502066791,4.871752049645223,False
Brazil.regions.MG:Visconde do Rio Branco,1.6222222222222222,0.0,1.5958540699013835,0.0,False
Brazil.regions.MG:Viçosa,49.59979973297731,0.21695594125500672,55.18066954409729,0.24549192230357417,False
Brazil.regions.MG:Wenceslau Braz,1.858815875081327,0.0,110.48988758942319,0.0,False
Brazil.regions.MG:Águas Vermelhas,0.0,0.0,12.509081900683494,0.0,False
Brazil.regions.MS:Deodápolis,1.1428571428571428,0.0,19.84420660333883,0.0,False
Brazil.regions.MS:Douradina,4.571428571428571,0.0,108.6658511945361,0.0,False
Brazil.regions.MS:Fátima do Sul,9.357142857142858,0.0,59.6102418180255,0.0,False
Brazil.regions.MS:Glória de Dourados,1.1071428571428572,0.0,13.374568850252484,0.0,False
Brazil.regions.MS:Guia Lopes da Laguna,76.57625145518044,0.0,814.8977973718037,0.0,False
Brazil.regions.MS:Ladário,60.83766745468874,0.2600472813238771,60.4020832031482,0.29425101987403496,False
Brazil.regions.MS:Mundo Novo,71.01371496720334,0.2996422182468694,74.81723545826047,0.33905383616238505,False
Brazil.regions.MS:Vicentina,0.9092284417549166,1.0,46.771931354058,16.38806948541462,False
Brazil.regions.MT:Acorizal,2.6319824753559695,0.0,26.031265095162563,0.0,False
Brazil.regions.MT:Curvelândia,2.874213836477987,0.08647798742138364,62.37164151934305,1.6569838555543905,False
Brazil.regions.MT:Jangada,5.573394495412844,0.0,52.35259579006404,0.0,False
Brazil.regions.MT:Mirassol d'Oeste,58.420015760441295,0.6997635933806148,60.67820901105818,3.1658984977887936,False
Brazil.regions.MT:Ponte Branca,3.4647302904564317,0.9709543568464731,58.39980519770441,61.60877898772036,False
Brazil.regions.MT:Rio Branco,31.436010414580416,0.06208692169036652,32.332787946432035,0.07025314756310143,False
Brazil.regions.MT:São José do Povo,1.0,0.0,22.349297558653525,0.0,False
Brazil.regions.MT:São Pedro da Cipa,1.2386495925494763,0.20372526193247964,82.54569352439381,4.3098214921193065,False
Brazil.regions.PA:Abel Figueiredo,1.732064421669107,0.951683748169839,32.457252806201915,12.801772237958556,False
Brazil.regions.PA:Augusto Corrêa,28.986192246415293,1.6764029031687024,34.52776775488284,3.821673064904254,False
Brazil.regions.PA:Benevides,87.64406779661017,2.7711864406779663,86.87765678718807,4.704345750925001,False
Brazil.regions.PA:Bonito,10.697055492638732,0.07361268403171008,128.79588053438104,0.451999779145954,False
Brazil.regions.PA:Brejo Grande do Araguaia,3.8000000000000003,0.0,70.90767386355857,0.0,False
Brazil.regions.PA:Bujaru,82.54963680387411,2.650121065375303,38.601991767181225,10.526089215055215,False
Brazil.regions.PA:Capanema,38.05084745762712,5.693704600484263,36.728577881335035,8.445507355863652,False
Brazil.regions.PA:Colares,40.5025668259869,1.1240927597804922,23.506641123579538,10.515478979989075,False
Brazil.regions.PA:Concórdia do Pará,17.087606837606838,0.18589743589743588,83.91811423158862,0.5579489642158469,False
Brazil.regions.PA:Curuçá,16.58782295213299,9.529341077508512,75.81726264352478,23.868817384056918,False
Brazil.regions.PA:Igarapé-Açu,31.971628838451274,3.6248331108144196,45.171528399196575,9.654240218983889,False
Brazil.regions.PA:Inhangapi,28.974040632054177,0.31038374717832956,62.30047593282458,3.528218998399431,False
Brazil.regions.PA:Magalhães Barata,15.790454016298021,1.7578579743888239,224.5785733427667,20.564552812223027,False
Brazil.regions.PA:Maracanã,24.731610337972167,1.499005964214712,104.62809597554897,5.086031161451877,False
Brazil.regions.PA:Marapanim,62.89308681672026,2.280278670953912,25.491143572311657,8.933839091748139,False
Brazil.regions.PA:Mocajuba,28.61566771819138,2.0425867507886437,123.84924417342863,6.560209245852529,False
Brazil.regions.PA:Mãe do Rio,26.261108160736413,0.1699415825809878,35.01635391144284,0.1922938157203175,False
Brazil.regions.PA:Nova Timboteua,16.215166742804932,0.0,44.004903981112385,0.0,False
Brazil.regions.PA:Ourém,30.470879801734824,0.11152416356877325,42.57614220658022,0.387507011965982,False
Brazil.regions.PA:Palestina do Pará,1.0555555555555556,0.8333333333333334,25.23865229055005,10.980805551895287,False
Brazil.regions.PA:Peixe-Boi,3.543227665706052,0.0,42.86014030030289,0.0,False
Brazil.regions.PA:Primavera,64.50091794944218,0.33611071882502475,64.39278835532572,0.38031899930413776,False
Brazil.regions.PA:Quatipuru,106.97094430992736,0.6210653753026635,67.73890522740028,0.7027534345327504,False
Brazil.regions.PA:Salinópolis,79.3498789346247,3.9757869249394675,60.20050641505829,10.598665865386439,False
Brazil.regions.PA:Salvaterra,35.164218958611485,1.1615487316421897,37.2252270763348,5.558249543245417,False
Brazil.regions.PA:Santa Bárbara do Pará,67.78528700521827,0.8578337787959782,51.95076907381466,5.405603362902155,False
Brazil.regions.PA:Santa Cruz do Arari,44.25100133511349,1.6321762349799736,74.91800141638534,18.01213225063264,False
Brazil.regions.PA:Santa Izabel do Pará,57.183926358647554,4.446804744202514,87.66758447073614,6.328442228662534,False
Brazil.regions.PA:Santa Maria do Pará,16.03574115876599,0.11851015801354402,88.03909301051442,0.4821290240912658,False
Brazil.regions.PA:Santarém Novo,4.335691823899371,0.9913522012578615,23.832815917410674,14.776452545205865,False
Brazil.regions.PA:Santo Antônio do Tauá,62.35714285714286,4.537530266343826,68.46250808221421,15.683104013045194,False
Brazil.regions.PA:Sapucaia,2.0892586989409985,0.0,28.361894695292854,0.0,False
Brazil.regions.PA:São Caetano de Odivelas,20.287001802523534,5.433607049869817,118.08354406838946,30.37680486662074,False
Brazil.regions.PA:São Francisco do Pará,3.3734939759036147,1.0,39.31280159852341,6.29643621710112,False
Brazil.regions.PA:São João da Ponta,9.977916194790488,0.5096262740656852,36.483279260347956,8.301454211853478,False
Brazil.regions.PA:São João de Pirabas,17.356837606837605,1.7756410256410258,18.678900434236116,7.705103170496964,False
Brazil.regions.PA:São João do Araguaia,30.769677548567998,0.9012617664730623,25.459687696684956,6.8127754903579385,False
Brazil.regions.PA:Terra Alta,27.071871127633212,1.6055939104266241,150.22203622451585,14.957326431784907,False
Brazil.regions.PA:Tracuateua,30.253197893152745,0.11851015801354402,22.059933589988642,0.1340976713288042,False
Brazil.regions.PA:Vigia,49.214094319399784,2.8121650589496254,51.489428891179664,5.5085345163446116,False
Brazil.regions.PB:Aguiar,1.0,0.0,15.46743861014222,0.0,False
Brazil.regions.PB:Alagoa Grande,11.347190497944267,0.25125628140703515,20.8036445187497,0.8817247382335598,False
Brazil.regions.PB:Alagoa Nova,30.835770078109352,0.28039254956939713,25.160883116037226,1.5724130295185987,False
Brazil.regions.PB:Alagoinha,13.22629649030906,0.0,120.3701659329722,0.0,False
Brazil.regions.PB:Alhandra,36.2571239231279,2.993373094764745,221.417450557142,15.281667831145318,False
Brazil.regions.PB:Amparo,6.083333333333333,0.0,410.8791788045081,0.0,False
Brazil.regions.PB:Aparecida,1.0,0.0,9.71729437859685,0.0,False
Brazil.regions.PB:Arara,0.5833333333333334,0.0,22.306198412949627,0.0,False
Brazil.regions.PB:Araruna,1.0,0.0,2.6601402657334394,0.0,False
Brazil.regions.PB:Araçagi,4.293577981651376,0.0,69.71679956498257,0.0,False
Brazil.regions.PB:Areia,7.764561918746941,0.0,32.48955646997858,0.0,False
Brazil.regions.PB:Areial,1.1090909090909091,0.0,41.10600651665172,0.0,False
Brazil.regions.PB:Aroeiras,3.9682365826944137,0.0,38.15559635512493,0.0,False
Brazil.regions.PB:Bananeiras,5.12448132780083,0.0,39.112292359460724,0.0,False
Brazil.regions.PB:Barra de Santa Rosa,1.0,0.0,4.23720216664193,0.0,False
Brazil.regions.PB:Barra de Santana,2.1905805038335155,0.0,63.87329753216218,0.0,False
Brazil.regions.PB:Barra de São Miguel,32.558181454035655,0.06208692169036652,30.99100155732663,0.07025314756310143,False
Brazil.regions.PB:Bayeux,74.36682808716708,3.7203389830508478,87.52439558238186,3.7784649370129872,False
Brazil.regions.PB:Baía da Traição,11.973645680819912,0.0,178.34702406630632,0.0,False
Brazil.regions.PB:Belém,5.205748865355521,0.0,47.5578038962355,0.0,False
Brazil.regions.PB:Belém do Brejo do Cruz,1.0,0.0,11.357209113473877,0.0,False
Brazil.regions.PB:Boa Vista,1.25,0.0,18.16187368068799,0.0,False
Brazil.regions.PB:Bom Jesus,46.28412108337759,0.1699415825809878,46.228695047437796,0.1922938157203175,False
Brazil.regions.PB:Boqueirão,17.257953989231524,0.9862946647087617,10.42398222783521,5.539736377829486,False
Brazil.regions.PB:Borborema,3.525622254758419,0.0,13.879697546341013,0.0,False
Brazil.regions.PB:Brejo do Cruz,21.772042028323433,0.9933759707629053,15.293039047112524,7.034244234265014,False
Brazil.regions.PB:Caaporã,62.037003197807216,0.8771128369118318,363.57687116031076,4.018292270990617,False
Brazil.regions.PB:Cabaceiras,0.0,0.0,33.3812123398095,0.0,False
Brazil.regions.PB:Cabedelo,83.79418886198549,2.215496368038741,84.55242229579794,3.4849189159771776,False
Brazil.regions.PB:Cachoeira dos Índios,0.3,0.7,14.33202220309821,6.833268254588051,False
Brazil.regions.PB:Cacimba de Dentro,2.7857142857142856,0.0,29.09702465383706,0.0,False
Brazil.regions.PB:Cacimbas,0.0,0.0,25.61927869604355,0.0,False
Brazil.regions.PB:Caiçara,2.635220125786163,0.1690251572327044,99.36358488031557,2.3472456218956306,False
Brazil.regions.PB:Cajazeiras,23.88713318284424,1.0,25.329315914478286,1.6701546765387678,False
Brazil.regions.PB:Cajazeirinhas,3.4647302904564317,0.0,26.266537786918462,0.0,False
Brazil.regions.PB:Caldas Brandão,3.266666666666667,0.0,83.09333280029428,0.0,False
Brazil.regions.PB:Capim,5.342258440046566,0.2968568102444703,137.52935804860712,4.5509245783300685,False
Brazil.regions.PB:Carrapateira,1.0,0.0,35.345065510886116,0.0,False
Brazil.regions.PB:Casserengue,5.422169811320755,0.0,6.151659102439678,0.0,False
Brazil.regions.PB:Catingueira,9.215596330275229,0.0,13.07811143177224,0.0,False
Brazil.regions.PB:Catolé do Rocha,6.952380952380953,0.0,27.044808824155325,0.0,False
Brazil.regions.PB:Caturité,1.0,0.0,32.95589645411485,0.0,False
Brazil.regions.PB:Conceição,1.7333333333333336,0.0,5.760373589941219,0.0,False
Brazil.regions.PB:Condado,16.324007807417047,0.0,308.92524553641556,0.0,False
Brazil.regions.PB:Conde,20.339729119638825,0.9819413092550789,76.64620961654829,4.326589265309311,False
Brazil.regions.PB:Congo,59.469661150512216,0.36879432624113484,43.64955079484522,12.84493844032262,False
Brazil.regions.PB:Coremas,27.110554776687366,0.06208692169036652,18.592491108038992,0.07025314756310143,False
Brazil.regions.PB:Coxixola,20.6870717222476,0.0,124.64348236387607,0.0,False
Brazil.regions.PB:Cruz do Espírito Santo,10.979307750188111,2.168924003009782,167.60330828252185,13.073559589617703,False
Brazil.regions.PB:Cuitegi,7.46705710102489,0.7320644216691069,171.16428636774276,10.760905801398012,False
Brazil.regions.PB:Cuité,3.0423600605143717,0.0,1.3514292547991233,0.0,False
Brazil.regions.PB:Cuité de Mamanguape,2.49616368286445,0.0,21.872686563279014,0.0,False
Brazil.regions.PB:Curral de Cima,1.8666666666666665,0.0,29.08764631806911,0.0,False
Brazil.regions.PB:Desterro,0.0,0.0,21.842040384516796,0.0,False
Brazil.regions.PB:Dona Inês,1.0,0.0,7.303573745259019,0.0,False
Brazil.regions.PB:Duas Estradas,1.9974424552429668,0.0,103.08347937674547,0.0,False
Brazil.regions.PB:Emas,1.0,0.0,26.129900702522036,0.0,False
Brazil.regions.PB:Esperança,6.1269716088328074,0.0,11.732290029734317,0.0,False
Brazil.regions.PB:Fagundes,0.5,0.0,19.953240032363436,0.0,False
Brazil.regions.PB:Gado Bravo,4.165388828039431,0.7667031763417306,94.21882028134455,9.219614915124225,False
Brazil.regions.PB:Guarabira,99.01495726495726,0.8952991452991452,183.885054885011,1.5217635430781111,False
Brazil.regions.PB:Gurinhém,11.668135095447871,0.0,33.54822496009907,0.0,False
Brazil.regions.PB:Gurjão,1.0,0.0,85.25152792053555,0.0,False
Brazil.regions.PB:Ibiara,0.1,0.0,29.782818357961872,0.0,False
Brazil.regions.PB:Igaracy,115.363196125908,0.6210653753026635,121.07104342579838,0.7027534345327504,False
Brazil.regions.PB:Imaculada,3.016509433962264,0.0,22.891902353627785,0.0,False
Brazil.regions.PB:Ingá,3.792990142387733,0.0,28.812758512804333,0.0,False
Brazil.regions.PB:Itabaiana,21.761851015801355,0.056433408577878104,30.36033436577688,0.5806286700995656,False
Brazil.regions.PB:Itaporanga,3.0198105081826014,0.5426356589147286,5.257657114241177,2.1976172805553564,False
Brazil.regions.PB:Itapororoca,22.966553174444222,0.7210094131784499,23.422421933564227,4.125505183281392,False
Brazil.regions.PB:Itatuba,9.531013615733736,0.9077155824508321,119.24800774408654,8.280565430129828,False
Brazil.regions.PB:Jacaraú,2.2888888888888888,0.0,36.73370874859588,0.0,False
Brazil.regions.PB:Jericó,1.0,0.0,10.658508250052083,0.0,False
Brazil.regions.PB:Joca Claudino,3.4647302904564317,0.0,32.88429561927842,0.0,False
Brazil.regions.PB:Juarez Távora,1.959079283887468,0.0,62.97181971796007,0.0,False
Brazil.regions.PB:Juazeirinho,16.471698113207545,0.0,109.53105339205203,0.0,False
Brazil.regions.PB:Junco do Seridó,113.51089588377725,0.7566585956416465,111.8936734488468,13.215531670193034,False
Brazil.regions.PB:Juripiranga,15.351390922401173,0.0,179.67843189108123,0.0,False
Brazil.regions.PB:Juru,0.6,0.0,11.925651997125268,0.0,False
Brazil.regions.PB:Lagoa,1.0,0.0,62.03184142756599,0.0,False
Brazil.regions.PB:Lagoa Seca,4.708946772366931,0.9881087202718007,19.013891146957345,3.592730684913649,False
Brazil.regions.PB:Lagoa de Dentro,1.0383631713554988,0.0,36.04948534292177,0.0,False
Brazil.regions.PB:Lastro,1.75,0.0,33.424649136735624,0.0,False
Brazil.regions.PB:Logradouro,2.821428571428571,0.0,125.49929665201054,0.0,False
Brazil.regions.PB:Lucena,12.43730886850153,0.0,162.99522108401686,0.0,False
Brazil.regions.PB:Malta,1.051150895140665,0.0,81.68356981776333,0.0,False
Brazil.regions.PB:Mamanguape,8.755763688760808,0.0,27.666670676425863,0.0,False
Brazil.regions.PB:Manaíra,0.5,0.0,11.429320065871817,0.0,False
Brazil.regions.PB:Mari,22.644960362400905,1.6964892412231032,148.52315001862831,7.768875034222204,False
Brazil.regions.PB:Marizópolis,16.11747430249633,1.0,33.93726986425576,15.112588786459124,False
Brazil.regions.PB:Massaranduba,3.1145087833441774,0.0,45.90154126987733,0.0,False
Brazil.regions.PB:Mataraca,3.3677317967522264,0.0,52.87948143211092,0.0,False
Brazil.regions.PB:Matinhas,2.7462165308498254,0.0,36.39772851401481,0.0,False
Brazil.regions.PB:Mato Grosso,1.0,0.0,100.90062853863489,0.0,False
Brazil.regions.PB:Maturéia,1.887185104052574,0.0,59.21103237680652,0.0,False
Brazil.regions.PB:Mogeiro,3.0423600605143717,1.0,2.953805735186801,7.52785305630834,False
Brazil.regions.PB:Montadas,0.6,0.0,22.43265568596457,0.0,False
Brazil.regions.PB:Monteiro,3.5746855345911945,0.0,19.359798040531096,0.0,False
Brazil.regions.PB:Mulungu,1.7535545023696684,0.0,41.79935497730517,0.0,False
Brazil.regions.PB:Mãe d'Água,0.0,0.0,47.624694712988834,0.0,False
Brazil.regions.PB:Natuba,2.5728900255754477,0.0,10.699882989306946,0.0,False
Brazil.regions.PB:Nova Floresta,4.352540597171294,0.0,4.17538596337123,0.0,False
Brazil.regions.PB:Nova Olinda,2.8545454545454545,0.0,12.448018160647205,0.0,False
Brazil.regions.PB:Olho d'Água,2.6,0.0,11.249817977465188,0.0,False
Brazil.regions.PB:Ouro Velho,1.0,0.0,30.642503196057245,0.0,False
Brazil.regions.PB:Passagem,1.5,0.0,48.562541020846965,0.0,False
Brazil.regions.PB:Paulista,2.733333333333333,0.0,36.072840215149206,0.0,False
Brazil.regions.PB:Pedras de Fogo,24.73503883051622,1.697121973503883,143.12934998340717,5.963602408826633,False
Brazil.regions.PB:Piancó,1.5555555555555556,1.3006029285099052,33.625586841641265,8.090842479066284,False
Brazil.regions.PB:Picuí,2.6727272727272724,0.0,2.2286785220897083,0.0,False
Brazil.regions.PB:Pilar,8.232704402515722,0.0,114.75768787087209,0.0,False
Brazil.regions.PB:Pilões,1.7566938300349242,0.0,37.917500788936906,0.0,False
Brazil.regions.PB:Pilõezinhos,3.2209119496855343,0.0,184.72386704928152,0.0,False
Brazil.regions.PB:Pirpirituba,1.4766893661602933,0.0,53.160161705908884,0.0,False
Brazil.regions.PB:Pitimbu,21.876572327044023,0.7154088050314465,140.9846420645366,3.752472095627834,False
Brazil.regions.PB:Pocinhos,3.0571010248901906,0.0,3.1823430116808122,0.0,False
Brazil.regions.PB:Pombal,75.68238949300947,0.33611071882502475,75.0206710187056,0.38031899930413776,False
Brazil.regions.PB:Princesa Isabel,4.043948126801153,0.0,7.554577705022049,0.0,False
Brazil.regions.PB:Puxinanã,3.1248630887185107,0.0,16.215436446981276,0.0,False
Brazil.regions.PB:Queimadas,54.34751773049646,0.2600472813238771,49.3318429711125,0.29425101987403496,False
Brazil.regions.PB:Quixaba,0.6,0.0,195.48974380838902,0.0,False
Brazil.regions.PB:Remígio,11.360884749708964,0.0,75.99205998030949,0.0,False
Brazil.regions.PB:Riacho de Santo Antônio,1.0,0.0,151.74104893242222,0.0,False
Brazil.regions.PB:Riacho dos Cavalos,7.348575215374421,0.0,12.052135577466569,0.0,False
Brazil.regions.PB:Riachão do Bacamarte,15.494875549048317,0.0,431.04119924078805,0.0,False
Brazil.regions.PB:Riachão do Poço,72.01371496720334,0.7003577817531307,71.95109324184857,21.838812653081348,False
Brazil.regions.PB:Rio Tinto,7.313400576368876,0.2377521613832853,53.41666878507277,0.9834222426509154,False
Brazil.regions.PB:Salgado de São Félix,3.6888888888888887,0.0,53.404072304445414,0.0,False
Brazil.regions.PB:Santa Cecília,1.0,0.0,12.98549354385969,0.0,False
Brazil.regions.PB:Santa Helena,8.160371106693175,0.0,9.800010515921969,0.0,False
Brazil.regions.PB:Santa Luzia,6.920624593363695,1.0540013012361744,62.146334963577246,6.852173327500808,False
Brazil.regions.PB:Santa Teresinha,1.959079283887468,0.0,43.975102030143056,0.0,False
Brazil.regions.PB:Sapé,63.50363196125908,1.7251815980629541,53.086422696214235,3.755673118181012,False
Brazil.regions.PB:Serra Branca,115.363196125908,0.6210653753026635,125.29422321749608,0.7027534345327504,False
Brazil.regions.PB:Serra Redonda,5.5821325648414994,0.0,21.49248871657007,0.0,False
Brazil.regions.PB:Serra da Raiz,1.8957795004306632,0.0,123.34884075487282,0.0,False
Brazil.regions.PB:Serraria,2.3636363636363638,0.18181818181818182,20.083610375343802,2.981114638763434,False
Brazil.regions.PB:Sertãozinho,1.7012448132780082,0.0,76.71323192031862,0.0,False
Brazil.regions.PB:Sobrado,1.2342606149341142,0.8857979502196194,46.19794398339246,11.381189132977251,False
Brazil.regions.PB:Soledade,2.0153340635268346,0.0,10.377316348056603,0.0,False
Brazil.regions.PB:Solânea,9.036363636363637,0.0,44.45472773479909,0.0,False
Brazil.regions.PB:Sousa,110.06537530266344,0.6210653753026635,122.5994018322113,0.7027534345327504,False
Brazil.regions.PB:Sumé,1.0,0.0,9.525224603488947,0.0,False
Brazil.regions.PB:São Bentinho,0.0,0.0,41.89680084469371,0.0,False
Brazil.regions.PB:São Bento,61.27728085867621,1.4221824686940967,51.8817248459616,4.720523275709044,False
Brazil.regions.PB:São José da Lagoa Tapada,10.333333333333334,0.0,159.37958086310041,0.0,False
Brazil.regions.PB:São José de Caiana,2.0357142857142856,0.0,71.02394123123739,0.0,False
Brazil.regions.PB:São José de Espinharas,4.785377358490566,0.0,27.692386973532848,0.0,False
Brazil.regions.PB:São José de Piranhas,6.318091451292247,0.8117958913187541,6.1534334762052465,4.0086706400610055,False
Brazil.regions.PB:São José do Bonfim,7.685015290519878,0.0,65.73173352363729,0.0,False
Brazil.regions.PB:São José do Sabugi,28.953964194373402,0.0,795.5684700671985,0.0,False
Brazil.regions.PB:São José dos Cordeiros,0.5,0.0,61.13275252007834,0.0,False
Brazil.regions.PB:São José dos Ramos,0.8981380065717415,0.0,56.655892818898046,0.0,False
Brazil.regions.PB:São João do Cariri,1.0,0.0,21.552136250073378,0.0,False
Brazil.regions.PB:São João do Rio do Peixe,95.66335751559117,0.5001909125620465,95.95741206542105,0.5659804840251274,False
Brazil.regions.PB:São João do Tigre,1.0,0.0,20.351143874920844,0.0,False
Brazil.regions.PB:São Mamede,3.866666666666667,0.0,73.69067942535942,0.0,False
Brazil.regions.PB:São Miguel de Taipu,3.5549048316251834,0.32942898975109813,100.05874164147131,4.471077493907412,False
Brazil.regions.PB:São Sebastião de Lagoa de Roça,2.268917345750873,1.5075669383003494,52.06685261909735,12.928281779438723,False
Brazil.regions.PB:São Vicente do Seridó,2.638888888888889,0.0,49.42900174377387,0.0,False
Brazil.regions.PB:Tacima,2.0262869660460026,0.5038335158817087,21.193998281870208,4.617665804066618,False
Brazil.regions.PB:Taperoá,85.96754486445208,0.6983581519663994,50.83065469943412,5.937661555517017,False
Brazil.regions.PB:Tavares,1.0,0.0,4.527652464539761,0.0,False
Brazil.regions.PB:Teixeira,2.5684647302904566,0.0,20.15465583827864,0.0,False
Brazil.regions.PB:Uiraúna,3.027239392352017,0.2828706128863279,9.199325346186052,1.855862832215772,False
Brazil.regions.PB:Umbuzeiro,2.7879390324718356,0.9840954274353877,62.18490555187337,9.93333428318752,False
Brazil.regions.PB:Vieirópolis,0.0,0.0,35.13409997224749,0.0,False
Brazil.regions.PB:Vista Serrana,2.8545454545454545,0.0,21.968117520211397,0.0,False
Brazil.regions.PB:Várzea,1.0,0.0,33.324130768341156,0.0,False
Brazil.regions.PB:Água Branca,1.0,0.0,7.50829255686688,0.0,False
Brazil.regions.PE:Abreu e Lima,50.81840193704601,6.278450363196127,61.721082711458806,6.197452324541947,False
Brazil.regions.PE:Afogados da Ingazeira,4.453280318091451,0.0,5.774685391019539,0.0,False
Brazil.regions.PE:Agrestina,18.533120146185468,2.6148926450433985,10.844890009693056,10.5079069521535,False
Brazil.regions.PE:Alagoinha,54.23431241655541,0.21695594125500672,51.85179269146188,0.24549192230357417,False
Brazil.regions.PE:Aliança,107.52905569007264,2.360774818401937,110.11893722823706,7.065287501497576,False
Brazil.regions.PE:Altinho,51.01001335113485,0.21695594125500672,43.09530007491562,0.24549192230357417,False
Brazil.regions.PE:Amaraji,68.34783222708658,3.7157181189097592,49.172312877676795,17.368285134625438,False
Brazil.regions.PE:Araçoiaba,105.79297820823246,1.12590799031477,92.90852123727755,7.80910276122555,False
Brazil.regions.PE:Arcoverde,93.81598062953995,4.15496368038741,102.48105981113342,5.721994414064297,False
Brazil.regions.PE:Barra de Guabiraba,1.6010230179028133,1.0,34.2525168254801,6.9516857838025725,False
Brazil.regions.PE:Barreiros,26.786163522012576,2.8734276729559745,69.45133694398736,6.735806448711818,False
Brazil.regions.PE:Belo Jardim,113.953995157385,0.5254237288135594,128.51652635055854,0.5776319043072056,False
Brazil.regions.PE:Belém de Maria,1.0,1.0,6.019887571631226,8.282945415389712,False
Brazil.regions.PE:Betânia,15.747919725893295,0.7366617719040626,22.051069394411222,5.791821463197286,False
Brazil.regions.PE:Bezerros,104.0084745762712,0.19128329297820826,111.34738770035061,0.3388549499026913,False
Brazil.regions.PE:Bom Conselho,108.78450363196127,0.7360774818401937,116.08649528594276,1.5598151830441438,False
Brazil.regions.PE:Bom Jardim,105.99152542372882,3.4963680387409197,107.28670633853797,9.805192191344098,False
Brazil.regions.PE:Bonito,55.35460992907802,2.8739164696611508,52.12907419434468,7.92404171360535,False
Brazil.regions.PE:Brejo da Madre de Deus,9.22997416020672,0.09043927648578812,19.92116650323006,0.17823356683967545,False
Brazil.regions.PE:Buenos Aires,1.9383886255924174,1.298578199052133,36.60616452875203,9.87136601331914,False
Brazil.regions.PE:Cachoeirinha,108.3038740920097,0.6210653753026635,106.68462292285213,0.7027534345327504,False
Brazil.regions.PE:Caetés,46.694259012016026,0.4138851802403205,38.53098607734671,1.9495779183148436,False
Brazil.regions.PE:Calçado,1.75,0.0,5.9356129352021165,0.0,False
Brazil.regions.PE:Camocim de São Félix,19.31196581196581,0.0,14.000659185244746,0.0,False
Brazil.regions.PE:Camutanga,3.685009487666034,1.569259962049336,86.05813969434216,18.351771278790036,False
Brazil.regions.PE:Canhotinho,2.227621483375959,0.1534526854219949,3.1608663264994767,0.6186610442750963,False
Brazil.regions.PE:Capoeiras,114.22033898305084,0.19128329297820826,121.15783466017956,1.4410119401901909,False
Brazil.regions.PE:Carnaubeira da Penha,13.59726603575184,0.5914826498422712,7.827405636934274,4.57379098238688,False
Brazil.regions.PE:Carnaíba,97.27593228967798,2.3809341988036143,96.37928964826095,14.170478578762763,False
Brazil.regions.PE:Carpina,93.76029055690073,3.0883777239709445,104.78652472764696,3.7322044201959206,False
Brazil.regions.PE:Casinhas,1.3555555555555554,0.0,11.577039388970897,0.0,False
Brazil.regions.PE:Catende,109.19007263922519,1.9176755447941887,115.11462002516218,5.216161328352758,False
Brazil.regions.PE:Cedro,14.251840168243955,0.0,10.26487188786685,0.0,False
Brazil.regions.PE:Chã Grande,88.01694915254237,1.5786924939467315,54.02328401508907,9.435313987577096,False
Brazil.regions.PE:Chã de Alegria,79.24996818123967,0.8883797887234315,61.45805048748492,9.706032397210839,False
Brazil.regions.PE:Condado,11.579059829059828,3.384615384615384,65.62362023707243,12.810322791019964,False
Brazil.regions.PE:Correntes,21.166742804933758,0.7857469164001826,17.51591763444723,4.315630891416392,False
Brazil.regions.PE:Cortês,4.260086455331412,1.8443804034582132,80.50625195550207,14.663542721086129,False
Brazil.regions.PE:Cumaru,4.533861671469741,0.0,88.10849414977248,0.0,False
Brazil.regions.PE:Cupira,73.80892529303772,0.3304617991809067,61.103974316156254,2.384738942397159,False
Brazil.regions.PE:Escada,44.093630843101266,3.9528315209716145,40.60126925877848,5.846820368821655,False
Brazil.regions.PE:Feira Nova,59.5833921762463,2.68323683095608,17.16074264305622,13.262749772017106,False
Brazil.regions.PE:Fernando de Noronha,98.63075060532688,0.6210653753026635,655.2763930700409,0.7027534345327504,False
Brazil.regions.PE:Ferreiros,32.571959638874134,2.423437776597628,69.57714085404966,21.199930544410144,False
Brazil.regions.PE:Flores,9.4434250764526,0.0,7.700387645757975,0.0,False
Brazil.regions.PE:Frei Miguelinho,103.38377723970945,1.3547215496368041,59.735244676669964,12.07972003987669,False
Brazil.regions.PE:Gameleira,111.73002421307507,1.152542372881356,116.81022108736867,5.008980908453271,False
Brazil.regions.PE:Glória do Goitá,92.7493946731235,6.513317191283293,68.6107815006922,22.609174962362943,False
Brazil.regions.PE:Goiana,99.73486682808718,3.1489104116222766,110.87165028511639,4.0240147729510625,False
Brazil.regions.PE:Granito,14.456887486855939,0.0,12.35945046429954,0.0,False
Brazil.regions.PE:Gravatá,88.81355932203391,2.0217917675544794,99.05084948060986,2.4407358045389516,False
Brazil.regions.PE:Iati,1.0,0.0,2.9460894188346267,0.0,False
Brazil.regions.PE:Ibirajuba,6.709654178674352,0.0,6.244916368282291,0.0,False
Brazil.regions.PE:Iguaracy,11.651945320715036,0.26813880126182965,14.61251635201661,2.1928263106135892,False
Brazil.regions.PE:Ilha de Itamaracá,81.34491536209748,0.22018582156039201,60.959517389873966,1.1452694205086742,False
Brazil.regions.PE:Inajá,39.01354401805869,0.11851015801354402,40.608934653847676,0.1340976713288042,False
Brazil.regions.PE:Ipojuca,64.22154963680387,5.612590799031477,76.70796540357729,5.776869215600446,False
Brazil.regions.PE:Ipubi,109.85714285714288,0.572639225181598,113.17017693394614,0.5458008510069017,False
Brazil.regions.PE:Itambé,24.521068472535738,0.7279909706546275,6.662543875708922,2.188455978266969,False
Brazil.regions.PE:Itapetim,43.25349619401665,0.812533191715348,30.204450245108035,7.023296477290374,False
Brazil.regions.PE:Itapissuma,88.71065375302663,3.8365617433414045,40.81181916139182,16.023174743186917,False
Brazil.regions.PE:Itaquitinga,9.18208516886931,2.97503671071953,56.05510447223888,17.54666299451212,False
Brazil.regions.PE:Itaíba,1.569259962049336,0.3700189753320683,11.604847331723004,1.4042998798135349,False
Brazil.regions.PE:Jaqueira,6.348244620611552,2.015855039637599,82.77027100799684,17.294569660583385,False
Brazil.regions.PE:Jataúba,27.329947328818662,0.8314522197140707,29.50247508410334,5.405041557403644,False
Brazil.regions.PE:Jatobá,54.653204272363155,0.21695594125500672,54.750388989300795,0.24549192230357417,False
Brazil.regions.PE:Joaquim Nabuco,2.0073212747631355,0.8010335917312662,21.476244370157332,4.999273492674694,False
Brazil.regions.PE:João Alfredo,105.56537530266345,0.8414043583535109,104.49797938395373,2.8920988814095043,False
Brazil.regions.PE:Jucati,30.601442018826358,0.06208692169036652,19.49575517664573,0.07025314756310143,False
Brazil.regions.PE:Jupi,54.78671562082778,0.3905206942590121,53.860838246632824,3.8491200722638212,False
Brazil.regions.PE:Jurema,16.95043398812243,0.0,20.877752561659157,0.0,False
Brazil.regions.PE:Lagoa de Itaenga,61.91681574239714,1.650268336314848,36.08600293882585,8.760346763780298,False
Brazil.regions.PE:Lagoa do Carro,103.52784503631962,1.1513317191283292,70.27650480077958,8.582654687291805,False
Brazil.regions.PE:Lagoa do Ouro,14.180862250262882,0.0,9.977828495056473,0.0,False
Brazil.regions.PE:Lagoa dos Gatos,112.03631961259082,1.1380145278450364,107.12505611110406,8.921535148459833,False
Brazil.regions.PE:Lajedo,9.288643533123029,0.8990536277602523,6.105217968433103,2.2315667885232635,False
Brazil.regions.PE:Limoeiro,94.10048426150121,5.198547215496368,96.26810629535811,9.643224504665529,False
Brazil.regions.PE:Macaparana,110.56053268765133,1.5072639225181599,111.21120693488626,6.930624579506558,False
Brazil.regions.PE:Machados,110.31961259079905,0.728813559322034,102.33323329902115,5.309879264797688,False
Brazil.regions.PE:Maraial,2.98389458272328,1.5153733528550513,8.468617807205586,13.357191298854573,False
Brazil.regions.PE:Moreno,79.85956416464892,2.910411622276029,78.54704209876947,4.922050651824749,False
Brazil.regions.PE:Nazaré da Mata,18.105347486481076,3.4668535950330464,33.50000146627037,10.797722944098421,False
Brazil.regions.PE:Orobó,13.534174553101996,0.0,10.618906423459741,0.0,False
Brazil.regions.PE:Orocó,31.847186060484685,0.3304626477067895,27.59625608185929,2.548315122713438,False
Brazil.regions.PE:Palmares,107.22518159806295,2.0871670702179177,117.34996560218786,3.5790369931677732,False
Brazil.regions.PE:Palmeirina,1.5238095238095237,0.0,31.162505284131434,0.0,False
Brazil.regions.PE:Panelas,27.899659523332666,0.9254956939715602,22.699081912023843,3.6601337061874717,False
Brazil.regions.PE:Paranatama,1.8909090909090909,0.0,12.679487118151558,0.0,False
Brazil.regions.PE:Passira,101.02905569007265,0.30024213075060535,80.75557898653032,0.7622667702482193,False
Brazil.regions.PE:Paudalho,81.03874092009686,6.720338983050847,77.12381202635439,12.28950288931518,False
Brazil.regions.PE:Pedra,45.26902536715621,0.5524032042723632,35.798287142848686,3.156193294689705,False
Brazil.regions.PE:Petrolândia,6.6483180428134565,0.0,3.5949732652465545,0.0,False
Brazil.regions.PE:Pombos,74.53753026634382,3.0726392251815984,46.711093155397585,12.931680881233598,False
Brazil.regions.PE:Poção,53.66855807743659,0.21695594125500672,43.382381659786795,0.24549192230357417,False
Brazil.regions.PE:Primavera,4.677802944507362,0.3397508493771234,82.27560549868433,2.270151338882289,False
Brazil.regions.PE:Quipapá,113.84624697336564,0.6210653753026635,122.10464288478178,0.7027534345327504,False
Brazil.regions.PE:Quixaba,30.343080312437415,1.5764069697576608,27.10882965906452,23.97926822992152,False
Brazil.regions.PE:Riacho das Almas,0.6666666666666666,0.0,10.06699829044444,0.0,False
Brazil.regions.PE:Ribeirão,70.04340836012861,3.9255091103965705,62.694132076749824,8.64050289299412,False
Brazil.regions.PE:Rio Formoso,64.33333333333334,1.3670244484197973,50.63076667017792,6.742597604953683,False
Brazil.regions.PE:Sairé,6.1693083573487035,0.9917146974063401,6.785222180657595,9.98504528198087,False
Brazil.regions.PE:Salgadinho,1.75,0.0,6.046643298882818,0.0,False
Brazil.regions.PE:Saloá,2.7263427109974425,0.959079283887468,4.480313394044491,6.05364693484484,False
Brazil.regions.PE:Sanharó,70.61985688729875,0.2996422182468694,73.78932978576672,0.33905383616238505,False
Brazil.regions.PE:Santa Cruz,3.196193265007321,0.0,3.5129045765914384,0.0,False
Brazil.regions.PE:Santa Cruz da Baixa Verde,0.5,0.0,9.64926744213732,0.0,False
Brazil.regions.PE:Santa Maria do Cambucá,8.20183486238532,0.0,7.012955037294072,0.0,False
Brazil.regions.PE:Sirinhaém,29.716955941255012,2.214619492656876,14.764115648974812,5.056100651362365,False
Brazil.regions.PE:Surubim,70.1187685355176,1.9841830249964698,75.33218766560084,3.184482647397293,False
Brazil.regions.PE:São Benedito do Sul,3.157721796276013,0.0,2.321390299270213,0.0,False
Brazil.regions.PE:São Bento do Una,105.50242130750605,0.3886198547215496,113.4161458396772,0.5514017987768273,False
Brazil.regions.PE:São Caitano,100.63922518159806,0.6210653753026635,96.44685127913749,0.7027534345327504,False
Brazil.regions.PE:São Joaquim do Monte,8.770767613038906,0.5914826498422712,15.506307352318286,2.7696321869370264,False
Brazil.regions.PE:São José da Coroa Grande,97.39346246973366,1.1598062953995159,64.67146248144627,7.658931562660317,False
Brazil.regions.PE:São José do Egito,68.31961836613,0.2996422182468694,68.87898682341799,0.33905383616238505,False
Brazil.regions.PE:São João,5.643371757925071,0.0,3.941604326526952,0.0,False
Brazil.regions.PE:São Vicente Ferrer,68.56410256410257,0.2996422182468694,58.1745987779049,0.8133089304156559,False
Brazil.regions.PE:Tabira,35.16102332580888,1.784048156508653,31.051528562525835,6.533591101791672,False
Brazil.regions.PE:Tacaimbó,1.0,0.0,5.504535755744387,0.0,False
Brazil.regions.PE:Tamandaré,16.76923076923077,0.7692307692307692,25.071258132229527,3.2889976450776865,False
Brazil.regions.PE:Taquaritinga do Norte,6.248508946322068,2.1371769383697816,3.8632360523736238,7.427200480868051,False
Brazil.regions.PE:Terezinha,1.6505295007564293,0.0,36.38647589311255,0.0,False
Brazil.regions.PE:Terra Nova,14.456887486855939,1.0,11.874748143121556,9.904912836767037,False
Brazil.regions.PE:Timbaúba,98.99878934624698,4.720338983050848,100.79781816354507,9.371186360936132,False
Brazil.regions.PE:Toritama,114.75181598062954,0.6210653753026635,128.10481946977924,0.7027534345327504,False
Brazil.regions.PE:Tracunhaém,113.0774818401937,0.1791767554479419,112.13151000191614,3.0341035996477976,False
Brazil.regions.PE:Trindade,9.602101416171767,3.0216994061215163,28.860985230981004,9.900394502544202,False
Brazil.regions.PE:Triunfo,83.7443729903537,0.8976420150053589,69.26833783172945,7.890340358064718,False
Brazil.regions.PE:Tupanatinga,50.66288384512684,0.09846461949265689,46.54223264401675,0.9097254844780829,False
Brazil.regions.PE:Tuparetama,46.05399185696584,0.1699415825809878,43.142550030901084,0.1922938157203175,False
Brazil.regions.PE:Venturosa,11.752628811777077,0.9929022082018928,14.166037059365783,5.372266032907113,False
Brazil.regions.PE:Verdejante,1.0,0.0,8.22571916484231,0.0,False
Brazil.regions.PE:Vertente do Lério,1.226928895612708,0.1664145234493192,32.383568390373135,2.1844909877831347,False
Brazil.regions.PE:Vertentes,67.12104949314252,0.2996422182468694,54.79090233037618,0.33905383616238505,False
Brazil.regions.PE:Vicência,34.529828288192604,0.7895202690741725,27.602240456209515,2.746963763715274,False
Brazil.regions.PE:Xexéu,21.630341880341877,1.7029914529914527,13.397740840317958,11.565306981266232,False
Brazil.regions.PE:Água Preta,29.717139852786538,6.368033648790747,105.32380143454138,17.31808666827322,False
Brazil.regions.PE:Águas Belas,38.01550387596899,1.5590008613264428,94.51958175493547,3.5886123456631513,False
Brazil.regions.PI:Altos,75.99866023579851,0.36977491961414793,71.08529287700311,0.4184110161289807,False
Brazil.regions.PI:Amarante,2.9853574504737295,0.0,10.599812797122846,0.0,False
Brazil.regions.PI:Angical do Piauí,62.35697399527187,0.2600472813238771,56.03619510536503,0.29425101987403496,False
Brazil.regions.PI:Anísio de Abreu,12.248164464023496,0.0,71.11904484466521,0.0,False
Brazil.regions.PI:Aroazes,8.160371106693175,0.0,9.908213105045903,0.0,False
Brazil.regions.PI:Avelino Lopes,1.0,0.0,6.595122685960708,0.0,False
Brazil.regions.PI:Bela Vista do Piauí,2.25,0.0,21.229131252958464,0.0,False
Brazil.regions.PI:Belém do Piauí,1.4,0.4,59.4307166935382,11.217049915872126,False
Brazil.regions.PI:Beneditinos,4.352540597171294,0.0,4.29838889352797,0.0,False
Brazil.regions.PI:Bertolínia,4.696682464454977,0.0,11.732552030343662,0.0,False
Brazil.regions.PI:Betânia do Piauí,46.28412108337759,0.1699415825809878,45.48028698958396,0.1922938157203175,False
Brazil.regions.PI:Boa Hora,8.160371106693175,0.0,8.262012187465983,0.0,False
Brazil.regions.PI:Bocaina,0.0,0.0,42.18138660068596,0.0,False
Brazil.regions.PI:Bom Princípio do Piauí,72.01371496720334,0.7003577817531307,72.97277501454843,17.42293550664401,False
Brazil.regions.PI:Bonfim do Piauí,88.23338692390139,0.36977491961414793,90.56706179411664,0.4184110161289807,False
Brazil.regions.PI:Buriti dos Lopes,13.024185068349107,1.0,9.747891824259176,5.055356149840756,False
Brazil.regions.PI:Cabeceiras do Piauí,1.0,0.0,7.183380848854398,0.0,False
Brazil.regions.PI:Campo Grande do Piauí,5.777777777777778,0.0,148.22860163787828,0.0,False
Brazil.regions.PI:Campo Largo do Piauí,1.0,0.0,11.47509300113779,0.0,False
Brazil.regions.PI:Capitão Gervásio Oliveira,1.0,0.0,22.12718605868054,0.0,False
Brazil.regions.PI:Capitão de Campos,1.0,0.0,6.49581051045015,0.0,False
Brazil.regions.PI:Cocal,2.3567312729177576,0.9795704557359873,14.926660791206091,3.5252832466116795,False
Brazil.regions.PI:Cocal de Telha,13.522821576763487,0.0,359.1532628210875,0.0,False
Brazil.regions.PI:Cocal dos Alves,4.234280792420327,0.0,21.790494639962752,0.0,False
Brazil.regions.PI:Coivaras,2.6105417276720355,0.0,42.51794661099134,0.0,False
Brazil.regions.PI:Colônia do Gurguéia,44.26252434059126,0.6107275624004249,36.567658698187074,11.84763747640511,False
Brazil.regions.PI:Colônia do Piauí,4.992248062015504,0.0,6.36580736112694,0.0,False
Brazil.regions.PI:Demerval Lobão,73.88094901850022,0.33611071882502475,54.632637042354,0.38031899930413776,False
Brazil.regions.PI:Dirceu Arcoverde,1.0357142857142856,0.0,35.602968325846405,0.0,False
Brazil.regions.PI:Dom Expedito Lopes,1.959079283887468,0.0,27.528291585780334,0.0,False
Brazil.regions.PI:Esperantina,42.839594514013115,0.24597495527728086,31.749537485494933,0.3526578673668869,False
Brazil.regions.PI:Fartura do Piauí,12.028878822197056,0.0,14.663887469382948,0.0,False
Brazil.regions.PI:Francinópolis,69.55694692903995,0.2996422182468694,48.84097149800344,0.33905383616238505,False
Brazil.regions.PI:Francisco Ayres,6.709654178674352,0.0,14.589322791276574,0.0,False
Brazil.regions.PI:Francisco Santos,3.483412322274882,0.0,17.30412103914635,0.0,False
Brazil.regions.PI:Fronteiras,1.2655601659751037,0.0,25.037708644330877,0.0,False
Brazil.regions.PI:Hugo Napoleão,1.0,0.0,75.11635923129954,0.0,False
Brazil.regions.PI:Ilha Grande,22.144358154408405,0.7195066240292372,15.694839010758539,7.633212646183289,False
Brazil.regions.PI:Inhuma,77.67984747916962,0.2838582121169327,68.23157454381811,0.6034097267847045,False
Brazil.regions.PI:Ipiranga do Piauí,3.4647302904564317,0.0,5.1406694612188595,0.0,False
Brazil.regions.PI:Jaicós,0.9,0.0,3.4948986051527364,0.0,False
Brazil.regions.PI:Joaquim Pires,0.5,0.0,15.153690101065255,0.0,False
Brazil.regions.PI:Juazeiro do Piauí,1.8,0.0,56.1524222584686,0.0,False
Brazil.regions.PI:Júlio Borges,3.2997416020671833,1.7105943152454781,41.06936627001036,30.39975680194559,False
Brazil.regions.PI:Lagoa do Barro do Piauí,54.89686248331108,0.21695594125500672,41.8581922691932,0.24549192230357417,False
Brazil.regions.PI:Lagoa do Piauí,2.0181818181818185,0.0,134.77590770326745,0.0,False
Brazil.regions.PI:Lagoa do Sítio,1.75,0.0,16.20450176191533,0.0,False
Brazil.regions.PI:Landri Sales,1.5277777777777777,0.0,70.81628821719642,0.0,False
Brazil.regions.PI:Luzilândia,23.888888888888886,0.8525641025641025,18.322055358519822,3.3452252317511673,False
Brazil.regions.PI:Luís Correia,68.46302921884318,0.2996422182468694,69.68587953700322,0.33905383616238505,False
Brazil.regions.PI:Marcolândia,1.2190580503833515,0.0,41.7344392439384,0.0,False
Brazil.regions.PI:Marcos Parente,3.2629649030906234,0.0,39.8782816063865,0.0,False
Brazil.regions.PI:Matias Olímpio,1.6363636363636365,0.7272727272727273,15.921771527880663,6.650262685376072,False
Brazil.regions.PI:Monsenhor Gil,7.149490373725935,0.0,42.7172936536161,0.0,False
Brazil.regions.PI:Monsenhor Hipólito,2.236003445305771,0.8397932816537467,43.69428347210002,10.837440723367488,False
Brazil.regions.PI:Morro do Chapéu do Piauí,2.8026565464895636,0.0,97.13986225297911,0.0,False
Brazil.regions.PI:Nazaré do Piauí,26.52136752136752,0.0,24.50641783161583,0.0,False
Brazil.regions.PI:Nazária,37.924379232505636,0.05831452219714071,34.18952886998945,0.7002709499732418,False
Brazil.regions.PI:Nossa Senhora dos Remédios,1.0,0.0,32.25143824459862,0.0,False
Brazil.regions.PI:Nova Santa Rita,1.0,0.0,20.5993106976224,0.0,False
Brazil.regions.PI:Olho D'Água do Piauí,1.0,0.0,38.40387993582671,0.0,False
Brazil.regions.PI:Padre Marcos,1.0,0.0,12.297221713609016,0.0,False
Brazil.regions.PI:Passagem Franca do Piauí,0.6666666666666666,0.0,28.651232286854384,0.0,False
Brazil.regions.PI:Pau D'Arco do Piauí,1.6444444444444444,0.0,98.11026184744814,0.0,False
Brazil.regions.PI:Pavussu,2.25,0.8333333333333334,23.518614767830456,22.663403136614996,False
Brazil.regions.PI:Pedro Laurentino,1.0,0.0,37.169118812392924,0.0,False
Brazil.regions.PI:Picos,35.34485530546624,1.8435155412647373,37.07368235346375,2.4110876682294933,False
Brazil.regions.PI:Porto,4.696682464454977,0.0,2.945369636868767,0.0,False
Brazil.regions.PI:Queimada Nova,7.798165137614679,0.0,17.88645252935419,0.0,False
Brazil.regions.PI:Regeneração,4.696682464454977,0.0,1.571611862288022,0.0,False
Brazil.regions.PI:Ribeira do Piauí,63.99133175728922,0.2600472813238771,63.483443914935954,0.29425101987403496,False
Brazil.regions.PI:Rio Grande do Piauí,15.534997552618698,0.6607929515418502,40.02113456726977,10.273522256558618,False
Brazil.regions.PI:Santa Cruz do Piauí,1.0,0.0,13.762583181882537,0.0,False
Brazil.regions.PI:Santa Luz,3.576447625243981,1.0,11.886463568953108,17.06484641638225,False
Brazil.regions.PI:Santo Antônio de Lisboa,1.0,0.0,13.325406692484691,0.0,False
Brazil.regions.PI:Sigefredo Pacheco,2.6,0.0,5.885663294838946,0.0,False
Brazil.regions.PI:Socorro do Piauí,2.8545454545454545,1.0,17.525097608221227,21.88662727073758,False
Brazil.regions.PI:São Francisco do Piauí,14.456887486855939,1.0,13.09531463875873,15.569048731122528,False
Brazil.regions.PI:São Gonçalo do Piauí,3.924203273040482,0.6029285099052542,34.45678223757458,12.022502690034976,False
Brazil.regions.PI:São José do Divino,113.53753026634384,0.7615012106537532,108.33782047711847,18.002820826597063,False
Brazil.regions.PI:São José do Peixe,3.525622254758419,0.0,21.581397222164398,0.0,False
Brazil.regions.PI:São José do Piauí,71.39803220035778,0.2996422182468694,64.84732311664666,0.33905383616238505,False
Brazil.regions.PI:São João da Canabrava,2.25,0.0,18.02391989278135,0.0,False
Brazil.regions.PI:São João da Fronteira,1.0,0.0,14.28775314598001,0.0,False
Brazil.regions.PI:São Julião,3.7917867435158503,0.0,62.35998640955972,0.0,False
Brazil.regions.PI:São Lourenço do Piauí,8.160371106693175,0.0,13.164657005867879,0.0,False
Brazil.regions.PI:São Luis do Piauí,3.525622254758419,0.0,32.7006101313585,0.0,False
Brazil.regions.PI:São Miguel da Baixa Grande,4.992248062015504,0.0,34.0026322685034,0.0,False
Brazil.regions.PI:São Pedro do Piauí,4.72782874617737,0.0,34.76817243801184,0.0,False
Brazil.regions.PI:Vera Mendes,2.186700767263427,0.0,60.2610020352114,0.0,False
Brazil.regions.PI:Vila Nova do Piauí,3.7061611374407586,0.0,60.55240076324266,0.0,False
Brazil.regions.PI:Várzea Grande,18.52080274106706,0.0,18.97871969370883,0.0,False
Brazil.regions.PI:Água Branca,12.743589743589743,2.3205128205128203,130.90389306423182,13.327854922249271,False
Brazil.regions.PR:Abatiá,3.390891840607211,0.0,8.441797476072319,0.0,False
Brazil.regions.PR:Agudos do Sul,4.504928806133626,0.0,88.79091026547626,0.0,False
Brazil.regions.PR:Alto Paraná,50.75467289719627,0.21695594125500672,50.10212200691455,0.24549192230357417,False
Brazil.regions.PR:Alto Paraíso,1.0,0.0,34.219977544785834,0.0,False
Brazil.regions.PR:Alvorada do Sul,2.8530805687203795,0.0,18.484793861170814,0.0,False
Brazil.regions.PR:Amaporã,38.61550716941051,0.1699415825809878,182.70297816209376,0.1922938157203175,False
Brazil.regions.PR:Ampére,0.3492433061699651,0.8323632130384168,17.737476798190514,4.3460902936425265,False
Brazil.regions.PR:Anahy,1.0,0.0,33.43847732225365,0.0,False
Brazil.regions.PR:Andirá,0.8214285714285714,0.0,8.655770164761476,0.0,False
Brazil.regions.PR:Araruna,105.37167070217919,0.47457627118644075,90.18459641249656,4.4015777074335185,False
Brazil.regions.PR:Assaí,80.39556559807937,0.33611071882502475,85.92677865938518,0.38031899930413776,False
Brazil.regions.PR:Assis Chateaubriand,105.07384987893464,0.6210653753026635,104.33045983662356,0.7027534345327504,False
Brazil.regions.PR:Balsa Nova,111.50847457627118,0.6210653753026635,113.83297464068788,0.7027534345327504,False
Brazil.regions.PR:Bandeirantes,113.40556900726392,0.6598062953995157,123.86519932967826,2.2006049432277277,False
Brazil.regions.PR:Barracão,17.791483113069017,0.0,10.738046343731833,0.0,False
Brazil.regions.PR:Bela Vista do Paraíso,1.0,0.0,4.23171386501595,0.0,False
Brazil.regions.PR:Boa Vista da Aparecida,26.504273504273502,0.0,24.72195072851241,0.0,False
Brazil.regions.PR:Braganey,1.0,0.0,16.163328741832082,0.0,False
Brazil.regions.PR:Cafeara,3.186700767263427,0.0,29.345789912106163,0.0,False
Brazil.regions.PR:Cafelândia,0.0,0.0,8.774469750060497,0.0,False
Brazil.regions.PR:Cambará,1.75,0.0,1.68872660233776,0.0,False
Brazil.regions.PR:Campina Grande do Sul,110.044794188862,0.3292978208232446,118.27597372071195,0.8163611169482902,False
Brazil.regions.PR:Campina da Lagoa,115.363196125908,0.7615012106537532,125.44196099532924,6.3385083595807545,False
Brazil.regions.PR:Campo Bonito,2.5473145780051154,0.0,38.032942393969414,0.0,False
Brazil.regions.PR:Campo Magro,115.318401937046,0.6210653753026635,128.17969948460276,0.7027534345327504,False
Brazil.regions.PR:Campo Mourão,95.46731234866829,3.0193704600484264,109.35646920311927,3.134980291683096,False
Brazil.regions.PR:Campo do Tenente,9.4434250764526,0.0,7.642639445212125,0.0,False
Brazil.regions.PR:Capanema,0.16666666666666666,0.0,7.323500059051247,0.0,False
Brazil.regions.PR:Capitão Leônidas Marques,1.0,0.0,4.074077770943667,0.0,False
Brazil.regions.PR:Carambeí,1.0,0.0,2.007708758846681,0.0,False
Brazil.regions.PR:Carlópolis,1.0,0.0,4.7201823797052,0.0,False
Brazil.regions.PR:Centenário do Sul,2.028744326777609,0.0,14.024047568845784,0.0,False
Brazil.regions.PR:Chopinzinho,115.363196125908,0.6210653753026635,126.6661891961029,0.7027534345327504,False
Brazil.regions.PR:Cianorte,105.83535108958839,0.4200968523002422,119.07452446463739,0.5121907959029898,False
Brazil.regions.PR:Cidade Gaúcha,1.25,0.0,12.130308430386295,0.0,False
Brazil.regions.PR:Colorado,1.3723986856516976,0.0,9.15157199942757,0.0,False
Brazil.regions.PR:Contenda,115.363196125908,0.6210653753026635,126.49118361804135,0.7027534345327504,False
Brazil.regions.PR:Cornélio Procópio,115.363196125908,0.6210653753026635,129.57823930051057,0.7027534345327504,False
Brazil.regions.PR:Coronel Vivida,2.8545454545454545,0.0,1.493395516612381,0.0,False
Brazil.regions.PR:Cruzeiro do Iguaçu,0.0,0.0,44.77363077336287,0.0,False
Brazil.regions.PR:Cruzeiro do Sul,42.02673039476014,0.1699415825809878,75.3325147149014,0.1922938157203175,False
Brazil.regions.PR:Céu Azul,5.793577981651376,0.0,30.071059010988574,0.0,False
Brazil.regions.PR:Diamante do Sul,0.0,0.0,55.89338298206297,0.0,False
Brazil.regions.PR:Dois Vizinhos,55.49432576769026,0.21695594125500672,61.48100727196936,0.24549192230357417,False
Brazil.regions.PR:Douradina,1.0,0.0,9.169433296060879,0.0,False
Brazil.regions.PR:Doutor Camargo,1.0,0.0,14.462147040001339,0.0,False
Brazil.regions.PR:Faxinal,115.363196125908,0.6210653753026635,126.1531017891632,0.7027534345327504,False
Brazil.regions.PR:Fazenda Rio Grande,101.20217917675545,0.5060532687651331,116.42731027763125,0.5190710278802526,False
Brazil.regions.PR:Fernandes Pinheiro,1.0,0.0,15.448596424750189,0.0,False
Brazil.regions.PR:Figueira,2.8545454545454545,0.0,8.508483207496514,0.0,False
Brazil.regions.PR:Floresta,25.521367521367523,0.0,26.47833043103256,0.0,False
Brazil.regions.PR:Francisco Beltrão,111.37530266343826,0.6210653753026635,126.19271620030197,0.7027534345327504,False
Brazil.regions.PR:General Carneiro,2.4676889375684556,0.0,8.49987858947592,0.0,False
Brazil.regions.PR:Goioerê,112.46125907990314,0.6210653753026635,120.19835139152481,0.7027534345327504,False
Brazil.regions.PR:Goioxim,1.0,0.0,11.799661886237294,0.0,False
Brazil.regions.PR:Guairaçá,67.81872391174716,0.6261180679785331,55.10888302946303,13.72811355823668,False
Brazil.regions.PR:Guaraci,60.69739952718677,0.2600472813238771,58.94167548414095,0.29425101987403496,False
Brazil.regions.PR:Guaraniaçu,111.28329297820824,0.6210653753026635,110.71934414153353,0.7027534345327504,False
Brazil.regions.PR:Guaíra,110.63922518159806,0.31234866828087177,114.5667103032225,1.2883486821907417,False
Brazil.regions.PR:Ibaiti,115.2675544794189,0.6210653753026635,128.23550466951758,0.7027534345327504,False
Brazil.regions.PR:Ibema,108.03147699757872,0.6210653753026635,115.85317259730026,0.7027534345327504,False
Brazil.regions.PR:Ibiporã,38.167042889390515,0.11851015801354402,41.76930626715237,0.1340976713288042,False
Brazil.regions.PR:Imbaú,54.518024032042725,0.21695594125500672,55.39369964946292,0.24549192230357417,False
Brazil.regions.PR:Imbituva,9.503836317135548,0.0,36.50346816637708,0.0,False
Brazil.regions.PR:Inácio Martins,3.576447625243981,0.0,3.8103811975146757,0.0,False
Brazil.regions.PR:Iretama,115.04963680387411,0.6271186440677966,120.76273757560307,7.809562755987888,False
Brazil.regions.PR:Itaipulândia,2.25,0.0,5.270276172110068,0.0,False
Brazil.regions.PR:Itaperuçu,51.799399198931916,0.21695594125500672,50.81712730141507,0.24549192230357417,False
Brazil.regions.PR:Itaúna do Sul,6.709654178674352,0.0,26.180317280748394,0.0,False
Brazil.regions.PR:Ivaiporã,110.20581113801454,1.291767554479419,117.24967799049784,4.679780447420332,False
Brazil.regions.PR:Ivaí,5.335691823899371,0.0,2.4734116367285766,0.0,False
Brazil.regions.PR:Jacarezinho,39.0079006772009,0.11851015801354402,42.501932425887944,0.1340976713288042,False
Brazil.regions.PR:Jaguapitã,55.49432576769026,0.21695594125500672,57.853406615722314,0.24549192230357417,False
Brazil.regions.PR:Japurá,46.28412108337759,0.1699415825809878,46.32108183259911,0.1922938157203175,False
Brazil.regions.PR:Jataizinho,99.02367315769376,0.5001909125620465,103.54648043832185,0.5659804840251274,False
Brazil.regions.PR:Jussara,115.363196125908,0.7615012106537532,121.84986210562013,13.556479418739745,False
Brazil.regions.PR:Kaloré,2.25,0.0,20.712774906331486,0.0,False
Brazil.regions.PR:Laranjeiras do Sul,0.7142857142857143,0.0,1.7456544242372911,0.0,False
Brazil.regions.PR:Leópolis,115.363196125908,0.6210653753026635,117.75850028327413,0.7027534345327504,False
Brazil.regions.PR:Loanda,3.6966824644549767,0.0,3.3907265348781137,0.0,False
Brazil.regions.PR:Lobato,1.0,0.0,18.62685232962777,0.0,False
Brazil.regions.PR:Luiziana,1.0,0.6666666666666666,11.50725336527484,9.180207472688883,False
Brazil.regions.PR:Lupionópolis,1.0,0.0,18.062145408274034,0.0,False
Brazil.regions.PR:Mallet,2.7012448132780085,0.0,7.886293237455104,0.0,False
Brazil.regions.PR:Mamborê,1.3333333333333333,0.0,17.263743309710307,0.0,False
Brazil.regions.PR:Mandaguari,32.37792910074104,0.06208692169036652,34.60376340206647,0.07025314756310143,False
Brazil.regions.PR:Mandaguaçu,17.31669114047969,0.0,14.923421505263478,0.0,False
Brazil.regions.PR:Mandirituba,113.06658595641646,0.6210653753026635,120.55595609056499,0.7027534345327504,False
Brazil.regions.PR:Mangueirinha,1.1071428571428572,0.0,11.418458373599755,0.0,False
Brazil.regions.PR:Manoel Ribas,115.363196125908,0.7203389830508475,125.23336191981114,6.398696516564083,False
Brazil.regions.PR:Marechal Cândido Rondon,114.38256658595643,0.6210653753026635,127.96767051135318,0.7027534345327504,False
Brazil.regions.PR:Marialva,3.525622254758419,0.0,2.478908058958373,0.0,False
Brazil.regions.PR:Marilena,5.37375745526839,0.0,127.60476939982678,0.0,False
Brazil.regions.PR:Marilândia do Sul,3.619324796274738,0.0,6.090438555525475,0.0,False
Brazil.regions.PR:Mariópolis,114.3765133171913,0.6210653753026635,114.61586727850494,0.7027534345327504,False
Brazil.regions.PR:Marumbi,114.3777239709443,0.6210653753026635,113.49282919871561,0.7027534345327504,False
Brazil.regions.PR:Matelândia,1.0,0.0,3.3101461912412353,0.0,False
Brazil.regions.PR:Matinhos,114.38861985472155,0.6210653753026635,126.10067490166972,0.7027534345327504,False
Brazil.regions.PR:Medianeira,111.22518159806297,0.6210653753026635,121.62978197211842,0.7027534345327504,False
Brazil.regions.PR:Mirador,2.110849056603773,0.9355345911949685,358.070031981137,42.27449576118249,False
Brazil.regions.PR:Missal,0.7142857142857143,0.0,9.750717952487877,0.0,False
Brazil.regions.PR:Morretes,54.63150867823765,0.21695594125500672,55.27867103403668,0.24549192230357417,False
Brazil.regions.PR:Nova Aliança do Ivaí,3.576447625243981,0.0,59.630431151274685,0.0,False
Brazil.regions.PR:Nova Aurora,1.0,0.0,7.2862164113981205,0.0,False
Brazil.regions.PR:Nova Esperança,22.39102564102564,0.0,23.34021913999351,0.0,False
Brazil.regions.PR:Nova Fátima,8.160371106693175,0.0,6.745056338308297,0.0,False
Brazil.regions.PR:Nova Londrina,48.9522696929239,0.21695594125500672,44.4984520366239,0.24549192230357417,False
Brazil.regions.PR:Paiçandu,115.363196125908,0.6210653753026635,129.2563183971775,0.7027534345327504,False
Brazil.regions.PR:Palotina,2.1791559000861325,0.0,5.679972693977918,0.0,False
Brazil.regions.PR:Paranacity,41.957514604354756,0.1699415825809878,46.59917200936714,0.1922938157203175,False
Brazil.regions.PR:Paranapoema,11.520951302378256,0.0,35.36881903953653,0.0,False
Brazil.regions.PR:Paraíso do Norte,4.81039755351682,0.14984709480122324,28.913457948428018,1.0834930932843327,False
Brazil.regions.PR:Pato Branco,107.8668280871671,0.391041162227603,121.41921599837276,0.47535249867423235,False
Brazil.regions.PR:Paula Freitas,1.1071428571428572,0.0,38.239758576894545,0.0,False
Brazil.regions.PR:Peabiru,114.4806295399516,0.6210653753026635,120.99941544466093,0.7027534345327504,False
Brazil.regions.PR:Pinhal de São Bento,39.18848758465011,0.11851015801354402,39.574254776250264,0.1340976713288042,False
Brazil.regions.PR:Piên,1.75,0.0,4.733894084006726,0.0,False
Brazil.regions.PR:Planaltina do Paraná,40.4069746857851,0.1699415825809878,127.99971441236394,0.1922938157203175,False
Brazil.regions.PR:Pontal do Paraná,1.6243154435925522,0.0,6.386678830562239,0.0,False
Brazil.regions.PR:Prado Ferreira,5.718356527501657,0.0,81.34845965513884,0.0,False
Brazil.regions.PR:Primeiro de Maio,114.41404358353512,0.7615012106537532,120.00503581743259,8.287626858553647,False
Brazil.regions.PR:Quarto Centenário,1.0,0.0,19.900062723617403,0.0,False
Brazil.regions.PR:Quatiguá,114.38256658595643,0.7203389830508475,117.00414932408955,12.169280024953013,False
Brazil.regions.PR:Quatro Barras,115.090799031477,0.6210653753026635,126.39697382770294,0.7027534345327504,False
Brazil.regions.PR:Querência do Norte,21.536324786324787,0.0,36.40167022013696,0.0,False
Brazil.regions.PR:Quitandinha,112.48910411622278,0.6210653753026635,113.31582758794114,0.7027534345327504,False
Brazil.regions.PR:Ramilândia,45.77960701009028,0.1699415825809878,36.262348309380926,0.1922938157203175,False
Brazil.regions.PR:Realeza,2.390891840607211,0.0,6.850512821668677,0.0,False
Brazil.regions.PR:Rebouças,2.6,0.0,2.6383557376009237,0.0,False
Brazil.regions.PR:Ribeirão do Pinhal,3.614314115308151,0.9609012591119948,54.32708284602487,7.375096009762796,False
Brazil.regions.PR:Rio Branco do Sul,112.8087167070218,0.6210653753026635,121.25715369216228,0.7027534345327504,False
Brazil.regions.PR:Rio Negro,114.23486682808716,0.6210653753026635,125.5270587857123,0.7027534345327504,False
Brazil.regions.PR:Rolândia,113.57142857142858,0.6210653753026635,127.47521949397827,0.7027534345327504,False
Brazil.regions.PR:Salto do Itararé,1.0,0.0,18.00036667498518,0.0,False
Brazil.regions.PR:Santa Cruz de Monte Castelo,85.58467309753483,0.36977491961414793,80.21049387192645,0.4184110161289807,False
Brazil.regions.PR:Santa Fé,110.27602905569007,0.7615012106537532,110.12815994568079,7.604964435368387,False
Brazil.regions.PR:Santa Isabel do Ivaí,47.81241655540722,0.3538050734312417,53.244745013425074,6.420719414840183,False
Brazil.regions.PR:Santa Mariana,6.626801152737753,0.0,3.611422339482237,0.0,False
Brazil.regions.PR:Santa Mônica,109.23002421307507,0.7106537530266345,117.47205576662333,23.13930992575063,False
Brazil.regions.PR:Santa Tereza do Oeste,1.8363636363636366,0.0,15.543607118051927,0.0,False
Brazil.regions.PR:Santa Terezinha de Itaipu,40.82474774296336,0.1699415825809878,28.901464324669117,0.1922938157203175,False
Brazil.regions.PR:Santana do Itararé,88.23338692390139,0.36977491961414793,89.83022329155826,0.4184110161289807,False
Brazil.regions.PR:Santo Antônio da Platina,1.7333333333333336,0.0,1.4052021393628435,0.0,False
Brazil.regions.PR:Santo Antônio do Caiuá,45.20060080106809,0.7510013351134847,562.2538769704692,36.40567340781727,False
Brazil.regions.PR:Santo Inácio,1.858815875081327,0.0,46.23217104415956,0.0,False
Brazil.regions.PR:Sapopema,1.0,0.0,12.582547856954102,0.0,False
Brazil.regions.PR:Sarandi,113.95641646489103,0.6210653753026635,129.1790991413538,0.7027534345327504,False
Brazil.regions.PR:Saudade do Iguaçu,2.2,0.0,52.28239670169605,0.0,False
Brazil.regions.PR:Sertaneja,115.363196125908,0.6210653753026635,120.11006335508196,0.7027534345327504,False
Brazil.regions.PR:Sertanópolis,1.0,1.0,3.846050837284949,6.109108681043436,False
Brazil.regions.PR:Siqueira Campos,22.07811786203746,1.1918684330744633,19.906541205315946,5.671243019958428,False
Brazil.regions.PR:São José da Boa Vista,3.390891840607211,0.0,11.145017497308265,0.0,False
Brazil.regions.PR:São João,1.75,0.0,6.652966883638837,0.0,False
Brazil.regions.PR:São João do Caiuá,70.53992497320472,0.5493033226152197,352.3941488409745,15.278911652177898,False
Brazil.regions.PR:São João do Ivaí,110.86077481840195,0.6271186440677966,110.07773330543813,7.76791329816168,False
Brazil.regions.PR:São Manoel do Paraná,115.363196125908,0.6210653753026635,113.09805600916155,0.7027534345327504,False
Brazil.regions.PR:São Miguel do Iguaçu,1.6,0.0,3.2119395647550513,0.0,False
Brazil.regions.PR:Tamarana,1.0,1.0,4.495068803534883,6.75812664729337,False
Brazil.regions.PR:Tamboara,37.926889714993806,0.6372809346787043,136.3083141236819,15.573770974508042,False
Brazil.regions.PR:Terra Boa,114.43704600484263,0.44794188861985473,122.49831971520787,3.3129285472509267,False
Brazil.regions.PR:Terra Rica,111.85230024213075,0.6210653753026635,105.15006799056778,0.7027534345327504,False
Brazil.regions.PR:Tijucas do Sul,1.618181818181818,0.0,11.267849258301979,0.0,False
Brazil.regions.PR:Três Barras do Paraná,1.4481132075471699,0.0,40.90196883393851,0.0,False
Brazil.regions.PR:Tuneiras do Oeste,2.3010590015128587,0.0,15.754006134417951,0.0,False
Brazil.regions.PR:Tupãssi,88.23338692390139,0.36977491961414793,92.27857159043346,0.4184110161289807,False
Brazil.regions.PR:União da Vitória,111.18401937046005,0.6210653753026635,122.66372016631904,0.7027534345327504,False
Brazil.regions.PR:Uraí,1.8199121522693997,1.0,18.79383587720779,8.8386070355312,False
Brazil.regions.PR:Verê,113.77845036319611,0.29661016949152547,108.36011482528741,6.6709403623223205,False
Brazil.regions.PR:Vitorino,115.363196125908,0.6210653753026635,121.71378790787894,0.7027534345327504,False
Brazil.regions.PR:Wenceslau Braz,1.6181818181818182,0.0,22.516917943241438,0.0,False
Brazil.regions.RJ:Aperibé,21.51282051282051,0.0,25.998583213999137,0.0,False
Brazil.regions.RJ:Areal,83.40889603429795,0.36977491961414793,64.23062599502211,0.4184110161289807,False
Brazil.regions.RJ:Armação dos Búzios,81.95583556064655,0.5001909125620465,69.917900859046,0.5659804840251274,False
Brazil.regions.RJ:Arraial do Cabo,110.10774818401937,0.665859564164649,111.83123932588153,2.9073874152122303,False
Brazil.regions.RJ:Barra do Piraí,97.95762711864408,2.0581113801452786,112.91770837600718,2.0047573233815785,False
Brazil.regions.RJ:Bom Jardim,109.01573849878936,0.9491525423728815,108.75077652751213,4.3214199411771395,False
Brazil.regions.RJ:Bom Jesus do Itabapoana,97.97578692493947,0.765133171912833,89.15829885315925,2.518389692050408,False
Brazil.regions.RJ:Cambuci,8.57777777777778,0.0,73.60753067287901,0.0,False
Brazil.regions.RJ:Cantagalo,114.43704600484263,0.6210653753026635,122.29583074527073,0.7027534345327504,False
Brazil.regions.RJ:Carapebus,83.28295819935691,0.07904608788853162,75.53341318450197,2.334923181175967,False
Brazil.regions.RJ:Cardoso Moreira,1.8464730290456433,0.0,23.77977958659699,0.0,False
Brazil.regions.RJ:Carmo,2.24031007751938,0.0,29.851613325453297,0.0,False
Brazil.regions.RJ:Casimiro de Abreu,96.28329297820824,0.46610169491525427,95.26851662228599,1.324866919531412,False
Brazil.regions.RJ:Comendador Levy Gasparian,0.0,0.0,21.098698960353186,0.0,False
Brazil.regions.RJ:Conceição de Macabu,28.561986781494095,0.06208692169036652,21.915253979182022,0.07025314756310143,False
Brazil.regions.RJ:Cordeiro,10.758149316508938,0.0,9.742960502235725,0.0,False
Brazil.regions.RJ:Engenheiro Paulo de Frontin,1.291036088474971,0.6752037252619325,29.850410985545242,4.822194866889962,False
Brazil.regions.RJ:Guapimirim,113.40072639225184,0.6210653753026635,126.77305320094626,0.7027534345327504,False
Brazil.regions.RJ:Iguaba Grande,100.29782082324456,2.9055690072639226,86.60029959691953,11.754450318793234,False
Brazil.regions.RJ:Italva,7.520385050962628,0.27746319365798416,22.02961061755795,1.8245754827249565,False
Brazil.regions.RJ:Itaocara,10.40880503144654,2.426100628930817,65.1742707320048,10.442027326034333,False
Brazil.regions.RJ:Itatiaia,110.02421307506054,0.6210653753026635,112.54620353634971,0.7027534345327504,False
Brazil.regions.RJ:Japeri,83.0593220338983,1.24455205811138,98.68027187971327,1.1795534107898784,False
Brazil.regions.RJ:Laje do Muriaé,1.6265984654731458,0.0,30.070272158289406,0.0,False
Brazil.regions.RJ:Macuco,25.386752136752133,0.0,18.769763230295588,0.0,False
Brazil.regions.RJ:Mangaratiba,110.0641646489104,1.2602905569007263,117.91717916980153,3.0978956597039633,False
Brazil.regions.RJ:Mendes,79.7727759914255,0.22106109324758844,59.918911260092095,2.755737543351713,False
Brazil.regions.RJ:Miguel Pereira,112.87167070217919,0.7615012106537532,118.10448324702566,3.2129799823362295,False
Brazil.regions.RJ:Miracema,2.1707492795389047,0.0,20.965430215954033,0.0,False
Brazil.regions.RJ:Natividade,1.925311203319502,0.0,25.613925496999478,0.0,False
Brazil.regions.RJ:Paracambi,73.41525423728814,2.8438256658595646,60.9235996086758,5.927728684919624,False
Brazil.regions.RJ:Paraty,89.68280871670703,0.9382566585956417,71.85436617676092,2.466570649609719,False
Brazil.regions.RJ:Paraíba do Sul,107.16101694915255,0.29661016949152547,111.4417383421124,0.7229673585792807,False
Brazil.regions.RJ:Paty do Alferes,111.3450363196126,0.6210653753026635,114.5426583239083,0.7027534345327504,False
Brazil.regions.RJ:Pinheiral,48.18518518518519,0.2600472813238771,42.18455508430269,0.29425101987403496,False
Brazil.regions.RJ:Piraí,99.34261501210655,0.38983050847457634,76.399380749305,1.7483314026576706,False
Brazil.regions.RJ:Porciúncula,114.76755447941889,0.6210653753026635,123.40095771261035,0.7027534345327504,False
Brazil.regions.RJ:Porto Real,112.90799031476998,0.6210653753026635,117.91612372746538,0.7027534345327504,False
Brazil.regions.RJ:Quatis,113.14285714285714,0.6210653753026635,115.40061669169633,0.7027534345327504,False
Brazil.regions.RJ:Quissamã,78.73874598070739,0.36977491961414793,65.14190379341476,0.4184110161289807,False
Brazil.regions.RJ:Rio Bonito,98.68401937046005,2.1004842615012107,103.06549516101082,3.8180180423594514,False
Brazil.regions.RJ:Rio Claro,10.607142857142856,0.0,68.9760652157245,0.0,False
Brazil.regions.RJ:Rio das Flores,112.72639225181598,0.6210653753026635,99.09220110622043,0.7027534345327504,False
Brazil.regions.RJ:Santa Maria Madalena,12.611461619348054,0.0,13.80480028345487,0.0,False
Brazil.regions.RJ:Santo Antônio de Pádua,35.39015755000885,0.7063197026022305,28.915397667765248,1.8705167146198936,False
Brazil.regions.RJ:Sapucaia,101.01210653753026,1.5992736077481842,74.48567926533723,11.478171423108503,False
Brazil.regions.RJ:Saquarema,75.83898305084746,3.0920096852300247,86.11676839251272,3.4612872299650492,False
Brazil.regions.RJ:Seropédica,108.67070217917677,0.6210653753026635,122.3227902877598,0.7027534345327504,False
Brazil.regions.RJ:Silva Jardim,76.00803858520901,1.5996784565916398,53.568514929925236,8.626566370689188,False
Brazil.regions.RJ:Sumidouro,114.15133171912834,0.6210653753026635,119.35268133586266,0.7027534345327504,False
Brazil.regions.RJ:São Fidélis,85.52058111380147,0.6210653753026635,54.44638421255535,0.7027534345327504,False
Brazil.regions.RJ:São Francisco de Itabapoana,104.55205811138015,0.6246973365617433,105.58655821916251,1.7957169336373684,False
Brazil.regions.RJ:São José de Ubá,8.97844374342797,0.0,81.65049154266015,0.0,False
Brazil.regions.RJ:São José do Vale do Rio Preto,4.154020385050963,0.0,35.730601805415084,0.0,False
Brazil.regions.RJ:São João da Barra,105.48305084745763,0.2808716707021792,101.56422182062069,1.063127248508364,False
Brazil.regions.RJ:São Sebastião do Alto,21.657834627683872,0.0,21.16227860850853,0.0,False
Brazil.regions.RJ:Tanguá,100.66949152542372,4.688861985472156,94.16297326342678,14.774023390133719,False
Brazil.regions.RJ:Trajano de Moraes,115.363196125908,0.6210653753026635,124.08789403419617,0.7027534345327504,False
Brazil.regions.RJ:Três Rios,98.48062953995158,0.3075060532687652,109.91041335398921,0.35906751844850904,False
Brazil.regions.RJ:Varre-Sai,1.0,0.0,6.827851247150602,0.0,False
Brazil.regions.RJ:Vassouras,18.226495726495727,1.2179487179487178,17.04164497225581,3.301031867814174,False
Brazil.regions.RN:Acari,99.56942853506426,0.5001909125620465,102.75554496239921,0.5659804840251274,False
Brazil.regions.RN:Afonso Bezerra,1.2537410540013014,0.4033832140533507,24.932234019292018,3.655489026310382,False
Brazil.regions.RN:Alexandria,29.085319447226116,0.8834368115361505,30.2013457976507,6.893904863974919,False
Brazil.regions.RN:Almino Afonso,2.8545454545454545,0.0,16.757794519109833,0.0,False
Brazil.regions.RN:Alto do Rodrigues,47.63050734312417,0.957943925233645,18.257595031915795,7.841092608556442,False
Brazil.regions.RN:Angicos,1.5277777777777777,0.0,11.024786614462908,0.0,False
Brazil.regions.RN:Antônio Martins,3.0423600605143717,0.0,9.421753938500572,0.0,False
Brazil.regions.RN:Areia Branca,93.87167070217917,0.6549636803874092,55.21657834388899,3.8915759947538944,False
Brazil.regions.RN:Arês,13.00578338590957,0.0,10.117716214027046,0.0,False
Brazil.regions.RN:Baraúna,34.22263017356475,0.5907877169559413,18.19249000835437,2.6012820898587865,False
Brazil.regions.RN:Barcelona,72.01371496720334,0.2996422182468694,71.30340678887809,0.33905383616238505,False
Brazil.regions.RN:Baía Formosa,115.363196125908,0.6210653753026635,123.3617446211116,0.7027534345327504,False
Brazil.regions.RN:Bento Fernandes,54.511348464619495,0.21695594125500672,54.29553492306898,0.24549192230357417,False
Brazil.regions.RN:Bom Jesus,4.380503144654088,0.45990566037735847,12.729864344172531,4.504462883225843,False
Brazil.regions.RN:Brejinho,6.39985590778098,0.0,3.886531632376118,0.0,False
Brazil.regions.RN:Caiçara do Norte,1.2,0.0,36.727324985660324,0.0,False
Brazil.regions.RN:Caiçara do Rio do Vento,1.0,0.0,24.88135040814162,0.0,False
Brazil.regions.RN:Campo Redondo,25.023504273504273,0.0,19.197459961239986,0.0,False
Brazil.regions.RN:Canguaretama,92.59685230024213,4.368038740920097,79.0069966502364,13.852924346488255,False
Brazil.regions.RN:Caraúbas,113.43099273607751,0.6210653753026635,117.53106967727457,0.7027534345327504,False
Brazil.regions.RN:Carnaubais,115.363196125908,0.6210653753026635,124.15437110475881,0.7027534345327504,False
Brazil.regions.RN:Carnaúba dos Dantas,26.52136752136752,0.9871794871794871,24.505462249736933,12.068208889724778,False
Brazil.regions.RN:Ceará-Mirim,106.24697336561744,0.851089588377724,118.22326428283684,1.1688079761572356,False
Brazil.regions.RN:Cerro Corá,115.363196125908,0.7615012106537532,124.35391404997993,8.242590513942071,False
Brazil.regions.RN:Coronel João Pessoa,87.94801714898179,0.08440514469453377,83.92021881023555,5.582247963503692,False
Brazil.regions.RN:Cruzeta,1.6666666666666667,0.0,35.2463195005776,0.0,False
Brazil.regions.RN:Currais Novos,93.25785923380425,0.45055364642993506,97.9891736861371,0.45514837994771146,False
Brazil.regions.RN:Doutor Severiano,1.0,0.0,30.712257777119593,0.0,False
Brazil.regions.RN:Encanto,107.22881355932205,1.0726392251815982,98.73718824002641,25.945371920310336,False
Brazil.regions.RN:Espírito Santo,1.0,0.0,7.256218691224854,0.0,False
Brazil.regions.RN:Extremoz,99.19128329297823,0.6210653753026635,80.7670960647896,0.7027534345327504,False
Brazil.regions.RN:Felipe Guerra,12.623981373690336,0.0,282.1426690570682,0.0,False
Brazil.regions.RN:Fernando Pedroza,26.52136752136752,0.0,27.771549203774047,0.0,False
Brazil.regions.RN:Florânia,1.0,0.0,8.706665719207727,0.0,False
Brazil.regions.RN:Frutuoso Gomes,0.0,0.0,46.90115061248537,0.0,False
Brazil.regions.RN:Galinhos,1.0,0.0,33.63069664296082,0.0,False
Brazil.regions.RN:Goianinha,3.934287573194535,0.0,22.96119539152107,0.0,False
Brazil.regions.RN:Governador Dix-Sept Rosado,0.7272727272727273,0.0,27.9939341572414,0.0,False
Brazil.regions.RN:Grossos,0.5227008149010477,0.9371362048894062,43.085707741574446,9.025678560044364,False
Brazil.regions.RN:Guamaré,7.385383806519452,0.0,55.77904268115902,0.0,False
Brazil.regions.RN:Ielmo Marinho,44.37404850416003,0.1699415825809878,33.65790705038299,0.1922938157203175,False
Brazil.regions.RN:Ipanguaçu,61.21019677996422,2.0855694692903994,47.07985305064965,15.058349091584494,False
Brazil.regions.RN:Ipueira,1.0,0.0,42.35987834544276,0.0,False
Brazil.regions.RN:Itajá,6.308868501529052,0.2201834862385321,43.851150908393606,2.9171103105263927,False
Brazil.regions.RN:Itaú,7.777609682299545,0.0,195.94801525329243,0.0,False
Brazil.regions.RN:Janduís,1.0,0.0,16.719478223060044,0.0,False
Brazil.regions.RN:Januário Cicco,115.1767554479419,0.6210653753026635,122.02158228887615,0.7027534345327504,False
Brazil.regions.RN:Jardim de Angicos,1.0,0.0,36.02178135991686,0.0,False
Brazil.regions.RN:Jardim do Seridó,2.1818181818181817,0.0,9.132559339801107,0.0,False
Brazil.regions.RN:Jaçanã,61.89834515366431,0.2600472813238771,58.86520898137472,0.29425101987403496,False
Brazil.regions.RN:João Câmara,20.371859296482413,0.19186843307446322,19.600229490026,0.5489012532526483,False
Brazil.regions.RN:Jucurutu,2.013615733736762,0.0,6.555612877865273,0.0,False
Brazil.regions.RN:Lagoa Nova,2.5090909090909093,0.0,4.255445779103635,0.0,False
Brazil.regions.RN:Lagoa Salgada,7.45791915175613,0.0,11.201180433924735,0.0,False
Brazil.regions.RN:Lagoa d'Anta,1.0,0.0,12.510173061840568,0.0,False
Brazil.regions.RN:Lagoa de Pedras,115.090799031477,0.7615012106537532,118.62818166618405,12.55281390374933,False
Brazil.regions.RN:Lajes,3.576447625243981,0.0,3.689223785540615,0.0,False
Brazil.regions.RN:Lajes Pintadas,43.30837316339175,0.1699415825809878,49.729450571938976,0.1922938157203175,False
Brazil.regions.RN:Luís Gomes,115.363196125908,0.6210653753026635,123.81677906623543,0.7027534345327504,False
Brazil.regions.RN:Macau,9.984819734345352,0.0,39.83660010568894,0.0,False
Brazil.regions.RN:Macaíba,104.48305084745762,0.2953995157384988,117.0087232285857,0.40150696333965474,False
Brazil.regions.RN:Martins,1.6,0.0,18.849131984386588,0.0,False
Brazil.regions.RN:Maxaranguape,3.9952606635071093,0.3507109004739337,7.307347584544778,2.834943824055725,False
Brazil.regions.RN:Montanhas,17.062163485070975,0.8590308370044053,9.349812131687171,7.635150982174076,False
Brazil.regions.RN:Monte Alegre,112.47094430992738,0.6210653753026635,114.66536077489242,0.7027534345327504,False
Brazil.regions.RN:Nova Cruz,2.925778661365143,0.0,6.759239973379565,0.0,False
Brazil.regions.RN:Nísia Floresta,93.27185948835431,0.6071019473081329,92.50530270130434,2.726330925806528,False
Brazil.regions.RN:Ouro Branco,14.456887486855939,0.0,14.882086411330304,0.0,False
Brazil.regions.RN:Paraná,2.6,0.0,19.43378314028503,0.0,False
Brazil.regions.RN:Parazinho,3.390891840607211,0.0,14.126480550765802,0.0,False
Brazil.regions.RN:Paraú,2.620039037085231,0.0,46.74328881283495,0.0,False
Brazil.regions.RN:Parelhas,4.144654088050315,0.0,3.8887101825350694,0.0,False
Brazil.regions.RN:Passa e Fica,115.363196125908,0.6210653753026635,125.16164090754887,0.7027534345327504,False
Brazil.regions.RN:Patu,1.0,0.0,5.577004876743278,0.0,False
Brazil.regions.RN:Pau dos Ferros,90.86127020491281,0.22145857197403587,85.68650284522359,0.6379633505878962,False
Brazil.regions.RN:Pedra Grande,3.4829753797799885,0.0,51.69955355298489,0.0,False
Brazil.regions.RN:Pedro Avelino,1.0,0.0,12.626757522530973,0.0,False
Brazil.regions.RN:Pedro Velho,2.8737800910865325,0.0,6.32146541785148,0.0,False
Brazil.regions.RN:Pendências,2.5814121037463984,0.6664265129682997,41.07855153491941,4.404960757276091,False
Brazil.regions.RN:Pilões,4.1180017226528856,0.0,42.05353077163575,0.0,False
Brazil.regions.RN:Portalegre,4.463050314465408,0.0,17.636135305847723,0.0,False
Brazil.regions.RN:Porto do Mangue,3.446306966998428,0.0,23.55714179854364,0.0,False
Brazil.regions.RN:Poço Branco,63.362490149724216,0.2600472813238771,63.70381186231384,0.29425101987403496,False
Brazil.regions.RN:Riacho da Cruz,4.397932816537468,0.3359173126614987,37.76598654045665,9.385786886322958,False
Brazil.regions.RN:Riachuelo,3.954349698535745,0.0,18.29216645907842,0.0,False
Brazil.regions.RN:Rio do Fogo,3.7,0.0,50.281189943852134,0.0,False
Brazil.regions.RN:Rodolfo Fernandes,2.8545454545454545,0.0,18.024859412925778,0.0,False
Brazil.regions.RN:Ruy Barbosa,0.0,0.0,53.29249771179707,0.0,False
Brazil.regions.RN:Santa Cruz,104.11864406779662,0.6210653753026635,105.4195859823713,0.7027534345327504,False
Brazil.regions.RN:Santa Maria,8.46177370030581,0.0,23.881960431475285,0.0,False
Brazil.regions.RN:Santo Antônio,108.78450363196124,0.6210653753026635,106.11758711242092,0.7027534345327504,False
Brazil.regions.RN:Senador Elói de Souza,3.4816983894582725,0.0,12.03200076782325,0.0,False
Brazil.regions.RN:Senador Georgino Avelino,2.1195445920303606,0.7969639468690702,46.18804845205103,17.949638442997077,False
Brazil.regions.RN:Serra Caiada,2.036363636363636,0.0,13.129396919319317,0.0,False
Brazil.regions.RN:Serra Negra do Norte,25.425213675213673,1.502136752136752,20.712463999724562,18.59540421065551,False
Brazil.regions.RN:Serra de São Bento,72.01371496720334,0.2996422182468694,73.06691864574773,0.33905383616238505,False
Brazil.regions.RN:Serra do Mel,7.845593108018557,0.0,3.6282802588898337,0.0,False
Brazil.regions.RN:Severiano Melo,2.25,0.0,37.30613756126951,0.0,False
Brazil.regions.RN:São Bento do Norte,0.3333333333333333,0.0,58.40919066977142,0.0,False
Brazil.regions.RN:São Bento do Trairí,1.0,0.0,20.213903271098786,0.0,False
Brazil.regions.RN:São Fernando,1.0,0.0,25.638727870527227,0.0,False
Brazil.regions.RN:São José de Mipibu,107.15133171912835,0.26271186440677974,110.68507204261341,0.6525752588052935,False
Brazil.regions.RN:São Miguel,54.36170212765958,0.2600472813238771,52.62780726943953,0.29425101987403496,False
Brazil.regions.RN:São Miguel do Gostoso,88.13290460878886,0.36977491961414793,92.43015016133462,0.4184110161289807,False
Brazil.regions.RN:São Paulo do Potengi,6.7521537442014585,0.0,5.587373282975207,0.0,False
Brazil.regions.RN:São Pedro,115.363196125908,0.6210653753026635,120.92199136901347,0.7027534345327504,False
Brazil.regions.RN:São Rafael,49.93858477970628,0.7830440587449935,62.263665128545966,11.946656334219224,False
Brazil.regions.RN:São Tomé,1.677725118483412,0.947867298578199,46.627748469152394,8.574104917034818,False
Brazil.regions.RN:São Vicente,3.390891840607211,0.0,10.59820404517561,0.0,False
Brazil.regions.RN:Taboleiro Grande,2.1240310077519378,0.9517657192075797,143.96850893295124,37.091415401698356,False
Brazil.regions.RN:Taipu,115.19370460048427,0.7615012106537532,123.43149651454401,7.441232232052477,False
Brazil.regions.RN:Tenente Ananias,112.96973365617433,1.5290556900726393,107.03426558469017,17.458175291566775,False
Brazil.regions.RN:Tenente Laurentino Cruz,2.6,0.0,12.72757115005193,0.0,False
Brazil.regions.RN:Tibau,114.28571428571429,0.6210653753026635,103.3017221686427,0.7027534345327504,False
Brazil.regions.RN:Tibau do Sul,1.5833333333333333,0.0,10.426903359322644,0.0,False
Brazil.regions.RN:Touros,58.29235618597322,0.9944838455476754,53.65274167033945,3.474581037300095,False
Brazil.regions.RN:Umarizal,2.036363636363636,0.0,12.864257340627349,0.0,False
Brazil.regions.RN:Upanema,2.9326500732064424,0.0,5.745981895513617,0.0,False
Brazil.regions.RN:Viçosa,1.0,0.0,55.94415985123569,0.0,False
Brazil.regions.RN:Várzea,1.0,0.0,15.918760338059693,0.0,False
Brazil.regions.RO:Cabixi,1.0,0.0,16.562243361060794,0.0,False
Brazil.regions.RO:Mirante da Serra,5.573459715639811,0.7819905213270143,93.56196173827188,7.143423050397501,False
Brazil.regions.RO:Novo Horizonte do Oeste,6.093659942363113,0.0,10.446798379294746,0.0,False
Brazil.regions.RO:Primavera de Rondônia,1.9433962264150946,0.0,149.55293251032614,0.0,False
Brazil.regions.RO:Santa Luzia D'Oeste,1.25,0.0,27.115448632837804,0.0,False
Brazil.regions.RO:São Felipe D'Oeste,3.4647302904564317,0.0,14.282908671701469,0.0,False
Brazil.regions.RO:Urupá,19.935897435897434,0.0,127.06079674640533,0.0,False
Brazil.regions.RO:Vale do Paraíso,3.0,0.0,70.99701541631478,0.0,False
Brazil.regions.RS:Ajuricaba,115.2675544794189,0.6210653753026635,120.49654809280396,0.7027534345327504,False
Brazil.regions.RS:Alecrim,1.0,0.0,14.543664845317146,0.0,False
Brazil.regions.RS:Alpestre,2.920838183934808,0.0,113.99651305156848,0.0,False
Brazil.regions.RS:Ametista do Sul,3.116182572614108,0.0,13.149509420442023,0.0,False
Brazil.regions.RS:Anta Gorda,114.3680387409201,0.6210653753026635,115.56982522675587,0.7027534345327504,False
Brazil.regions.RS:Antônio Prado,3.576447625243981,0.0,2.4844524016130007,0.0,False
Brazil.regions.RS:Arroio do Meio,33.0894526034713,0.21695594125500672,110.59435871800282,0.24549192230357417,False
Brazil.regions.RS:Arroio do Sal,113.96489104116223,0.6598062953995157,113.7793070367881,8.222284665276119,False
Brazil.regions.RS:Arroio dos Ratos,112.85714285714286,0.3910411622276029,115.15528995676928,1.3748081153965874,False
Brazil.regions.RS:Arvorezinha,18.530592266275086,0.0,16.242516062569983,0.0,False
Brazil.regions.RS:Barra do Ribeiro,2.8545454545454545,0.0,3.050819310873312,0.0,False
Brazil.regions.RS:Barros Cassal,4.3893195521102495,0.6029285099052542,7.532737665234959,5.383770960846985,False
Brazil.regions.RS:Barão de Cotegipe,1.5833333333333333,0.0,63.42874336150146,0.0,False
Brazil.regions.RS:Benjamin Constant do Sul,4.0,0.0,298.6396502806146,0.0,False
Brazil.regions.RS:Boa Vista das Missões,1.0,0.0,45.401384482266295,0.0,False
Brazil.regions.RS:Boa Vista do Sul,2.7399135446685876,0.9185878962536024,270.55529339992347,33.00711089664399,False
Brazil.regions.RS:Bom Princípio,4.7865972674040345,0.0,61.09624649584006,0.0,False
Brazil.regions.RS:Bom Progresso,0.6666666666666666,0.0,117.8879891867942,0.0,False
Brazil.regions.RS:Bom Retiro do Sul,105.82324455205811,0.6210653753026635,69.90747872181191,0.7027534345327504,False
Brazil.regions.RS:Brochier,2.25,0.0,16.030847913628367,0.0,False
Brazil.regions.RS:Butiá,2.3143483023001097,0.0,4.616949266320523,0.0,False
Brazil.regions.RS:Caibaté,1.0,0.0,18.372517888804456,0.0,False
Brazil.regions.RS:Camargo,1.4166666666666667,0.0,75.60049173081038,0.0,False
Brazil.regions.RS:Campestre da Serra,12.129671574178936,0.0,18.143559374667596,0.0,False
Brazil.regions.RS:Campinas do Sul,30.9078710194272,0.06208692169036652,29.57565284218717,0.07025314756310143,False
Brazil.regions.RS:Campo Bom,113.26029055690073,0.6210653753026635,127.01712631822829,0.7027534345327504,False
Brazil.regions.RS:Campo Novo,1.0,0.0,20.038458659363727,0.0,False
Brazil.regions.RS:Candelária,85.69721329046088,0.36977491961414793,90.00405263794322,0.4184110161289807,False
Brazil.regions.RS:Candiota,12.129671574178936,0.0,9.611057983165557,0.0,False
Brazil.regions.RS:Canudos do Vale,2.8940568475452197,0.0,181.2959488778032,0.0,False
Brazil.regions.RS:Capitão,3.186700767263427,0.0,31.533936388856546,0.0,False
Brazil.regions.RS:Capão da Canoa,111.05690072639226,0.6210653753026635,121.74961871188742,0.7027534345327504,False
Brazil.regions.RS:Capão do Leão,115.363196125908,0.6210653753026635,127.83407299685416,0.7027534345327504,False
Brazil.regions.RS:Carazinho,44.62483311081442,0.21695594125500672,47.714145522218836,0.24549192230357417,False
Brazil.regions.RS:Carlos Barbosa,112.28208232445522,0.6210653753026635,118.05964739451811,0.7027534345327504,False
Brazil.regions.RS:Casca,1.4166666666666667,0.0,20.313967906413406,0.0,False
Brazil.regions.RS:Caseiros,3.224066390041494,0.0,33.69455885448346,0.0,False
Brazil.regions.RS:Cerro Grande do Sul,115.363196125908,0.572639225181598,124.79662363574828,0.769650705336853,False
Brazil.regions.RS:Chapada,87.2888531618435,0.36977491961414793,88.75648349283615,0.4184110161289807,False
Brazil.regions.RS:Charqueadas,114.93341404358354,0.6210653753026635,128.17533765544465,0.7027534345327504,False
Brazil.regions.RS:Cidreira,114.3777239709443,0.7203389830508475,122.55547248366199,5.19633462008208,False
Brazil.regions.RS:Ciríaco,14.456887486855939,0.0,14.979631540775943,0.0,False
Brazil.regions.RS:Colinas,6.915628539071347,0.0,347.5628837316956,0.0,False
Brazil.regions.RS:Condor,2.342710997442455,0.0,47.56485281219316,0.0,False
Brazil.regions.RS:Coronel Bicaco,14.456887486855939,0.0,12.438113859627864,0.0,False
Brazil.regions.RS:Coxilha,2.9502074688796682,0.0,143.84985873061515,0.0,False
Brazil.regions.RS:Crissiumal,2.25,0.0,3.758580974148261,0.0,False
Brazil.regions.RS:Cruzaltense,5.0,0.0,379.6245580864107,0.0,False
Brazil.regions.RS:Cruzeiro do Sul,113.9854721549637,0.6210653753026635,113.88013633986439,0.7027534345327504,False
Brazil.regions.RS:Derrubadas,12.129671574178936,0.0,23.37506335557353,0.0,False
Brazil.regions.RS:Dois Irmãos,114.11138014527846,0.6210653753026635,124.93255830350824,0.7027534345327504,False
Brazil.regions.RS:Doutor Maurício Cardoso,4.696682464454977,0.8957345971563981,15.536892407074872,19.69080231163769,False
Brazil.regions.RS:Doutor Ricardo,2.070539419087137,0.0,115.6838263981496,0.0,False
Brazil.regions.RS:Eldorado do Sul,115.090799031477,0.6210653753026635,128.5967409908164,0.7027534345327504,False
Brazil.regions.RS:Encantado,102.96125907990316,0.572639225181598,79.95503162735463,0.5872545835476867,False
Brazil.regions.RS:Erebango,1.1666666666666667,0.0,116.12638701637434,0.0,False
Brazil.regions.RS:Ernestina,25.62393162393162,0.0,39.12500829084517,0.0,False
Brazil.regions.RS:Erval Grande,0.6666666666666666,0.0,52.617919037629996,0.0,False
Brazil.regions.RS:Esperança do Sul,2.5703324808184145,0.959079283887468,166.75622963639304,32.777829251109644,False
Brazil.regions.RS:Espumoso,109.72518159806295,0.3075060532687652,97.77195443155902,1.5718083895947603,False
Brazil.regions.RS:Estação,1.9709543568464731,0.0,63.686458971712895,0.0,False
Brazil.regions.RS:Esteio,106.73607748184021,0.6210653753026635,120.1575162708866,0.7027534345327504,False
Brazil.regions.RS:Estrela,113.17191283292979,0.6210653753026635,122.35778732598848,0.7027534345327504,False
Brazil.regions.RS:Estância Velha,113.46973365617433,0.6210653753026635,126.01652618724755,0.7027534345327504,False
Brazil.regions.RS:Eugênio de Castro,3.300109529025192,0.0,36.870528745734596,0.0,False
Brazil.regions.RS:Farroupilha,110.47578692493948,0.6210653753026635,123.52878389998698,0.7027534345327504,False
Brazil.regions.RS:Fazenda Vilanova,2.7287543655413273,0.0,36.47992657332907,0.0,False
Brazil.regions.RS:Feliz,7.281345565749236,0.0,11.524510505718332,0.0,False
Brazil.regions.RS:Flores da Cunha,78.58932354187263,0.33611071882502475,82.93607737439221,0.38031899930413776,False
Brazil.regions.RS:Floriano Peixoto,19.761991777067156,0.0,190.30932243652916,0.0,False
Brazil.regions.RS:Fontoura Xavier,1.3427109974424551,0.0,22.863459388036286,0.0,False
Brazil.regions.RS:Formigueiro,1.0,0.0,12.742944557201897,0.0,False
Brazil.regions.RS:Frederico Westphalen,4.734439834024896,0.8713692946058091,22.868504354210007,2.782771675041705,False
Brazil.regions.RS:Garibaldi,108.48184019370461,0.2288135593220339,109.24080303219252,0.6045571445720463,False
Brazil.regions.RS:Gaurama,0.5,0.0,42.912222242978046,0.0,False
Brazil.regions.RS:General Câmara,2.619324796274738,0.0,18.625217268833882,0.0,False
Brazil.regions.RS:Gentil,2.0,0.0,181.33547336799182,0.0,False
Brazil.regions.RS:Getúlio Vargas,16.075868820362214,0.0,15.869259394634426,0.0,False
Brazil.regions.RS:Glorinha,115.363196125908,0.6210653753026635,122.62404727968966,0.7027534345327504,False
Brazil.regions.RS:Gramado,1.1666666666666667,0.0,3.9125067159701814,0.0,False
Brazil.regions.RS:Gramado Xavier,1.0,0.0,20.85832943947851,0.0,False
Brazil.regions.RS:Gramado dos Loureiros,1.8363636363636366,0.0,242.77845811147716,0.0,False
Brazil.regions.RS:Guabiju,1.0,0.0,64.27054162397272,0.0,False
Brazil.regions.RS:Guaporé,5.238095238095238,0.0,23.650055487242668,0.0,False
Brazil.regions.RS:Guaíba,113.38498789346248,0.6210653753026635,128.63376184690574,0.7027534345327504,False
Brazil.regions.RS:Harmonia,111.54479418886197,0.6210653753026635,106.26570594572739,0.7027534345327504,False
Brazil.regions.RS:Horizontina,9.250283125707814,0.0,8.820512876960553,0.0,False
Brazil.regions.RS:Hulha Negra,1.0,0.0,12.494911459665362,0.0,False
Brazil.regions.RS:Humaitá,1.0127877237851663,0.0,86.08178247848542,0.0,False
Brazil.regions.RS:Ibirapuitã,53.92513790386131,0.7785657998423957,221.30596296390266,25.586962066751255,False
Brazil.regions.RS:Ibirubá,1.5601023017902815,0.0,23.50244551573586,0.0,False
Brazil.regions.RS:Ijuí,3.1109510086455336,0.0,3.336670239159362,0.0,False
Brazil.regions.RS:Imbé,115.22033898305084,0.6210653753026635,126.7945762225818,0.7027534345327504,False
Brazil.regions.RS:Imigrante,3.6597510373443987,0.0,255.34807110567718,0.0,False
Brazil.regions.RS:Ivoti,112.30145278450364,0.6876513317191283,119.38754294797764,3.109662162821941,False
Brazil.regions.RS:Jaboticaba,1.0,0.0,23.983661316346502,0.0,False
Brazil.regions.RS:Jaguari,8.160371106693175,0.0,5.737233594698497,0.0,False
Brazil.regions.RS:Jaquirana,0.3333333333333333,0.0,42.58803652294406,0.0,False
Brazil.regions.RS:Lagoa Vermelha,2.809128630705394,0.0,15.406923635316824,0.0,False
Brazil.regions.RS:Lajeado,89.2820823244552,0.4285714285714286,99.63441752806347,0.528113576204684,False
Brazil.regions.RS:Machadinho,1.937759336099585,0.0,41.3570451568994,0.0,False
Brazil.regions.RS:Maquiné,1.0,0.0,12.631192975425307,0.0,False
Brazil.regions.RS:Maratá,29.738233526937716,0.06208692169036652,103.98067573662465,0.07025314756310143,False
Brazil.regions.RS:Marau,80.63801452784504,0.5786924939467313,57.56085324448007,1.473765508130757,False
Brazil.regions.RS:Marcelino Ramos,13.187171398527864,0.0,34.07110449215187,0.0,False
Brazil.regions.RS:Mariano Moro,1.0,0.0,46.97377130444437,0.0,False
Brazil.regions.RS:Marques de Souza,3.0018975332068307,0.0,29.678481044669738,0.0,False
Brazil.regions.RS:Mato Castelhano,6.471902017291066,0.7132564841498559,40.00670337360287,28.08096394290771,False
Brazil.regions.RS:Mato Leitão,2.0,0.0,86.3305191219115,0.0,False
Brazil.regions.RS:Maximiliano de Almeida,1.0,0.0,66.27703811237583,0.0,False
Brazil.regions.RS:Minas do Leão,114.03753026634384,0.6210653753026635,113.89839890565223,0.7027534345327504,False
Brazil.regions.RS:Miraguaí,1.0,0.0,18.041510684160293,0.0,False
Brazil.regions.RS:Montauri,2.588502269288956,0.0,95.48498855124018,0.0,False
Brazil.regions.RS:Monte Belo do Sul,6.0720461095100875,1.0,55.546635703925595,39.2464678178964,False
Brazil.regions.RS:Montenegro,107.3268765133172,0.6210653753026635,117.82252691425275,0.7027534345327504,False
Brazil.regions.RS:Mormaço,2.3224679860302677,0.0,69.22550915341161,0.0,False
Brazil.regions.RS:Morrinhos do Sul,2.0,0.0,133.37614188496315,0.0,False
Brazil.regions.RS:Muliterno,1.3928571428571428,0.0,151.59360072481246,0.0,False
Brazil.regions.RS:Muçum,69.6046511627907,0.2996422182468694,55.74697899577816,0.33905383616238505,False
Brazil.regions.RS:Nicolau Vergueiro,87.61039657020363,0.36977491961414793,70.45864677095317,0.4184110161289807,False
Brazil.regions.RS:Nonoai,7.336099585062241,0.8713692946058091,95.8529441145993,7.450784904709783,False
Brazil.regions.RS:Nova Araçá,6.222629649030906,0.09952854897852279,235.65139023614114,2.0913752674621304,False
Brazil.regions.RS:Nova Bassano,1.3069053708439897,0.0,30.236716249701217,0.0,False
Brazil.regions.RS:Nova Bréscia,21.808588396528094,0.0,34.28673783935201,0.0,False
Brazil.regions.RS:Nova Palma,115.363196125908,0.6210653753026635,121.44079913840244,0.7027534345327504,False
Brazil.regions.RS:Nova Petrópolis,1.0,0.0,2.4201248471982875,0.0,False
Brazil.regions.RS:Nova Prata,16.50022841480128,0.0,19.208418720880605,0.0,False
Brazil.regions.RS:Nova Santa Rita,1.0,0.0,1.1499114395179642,0.0,False
Brazil.regions.RS:Novo Barreiro,1.0,0.0,21.752311992937,0.0,False
Brazil.regions.RS:Novo Xingu,1.0,0.0,55.910298758917484,0.0,False
Brazil.regions.RS:Não-Me-Toque,46.22863818424567,0.16021361815754342,31.98512532732397,0.4390412889176781,False
Brazil.regions.RS:Osório,114.49757869249396,0.6210653753026635,127.61210271407002,0.7027534345327504,False
Brazil.regions.RS:Paim Filho,1.8215767634854771,0.0,73.3179345040711,0.0,False
Brazil.regions.RS:Paraí,114.49757869249396,0.6210653753026635,115.74050530264172,0.7027534345327504,False
Brazil.regions.RS:Paraíso do Sul,3.4647302904564317,0.0,8.086906487782175,0.0,False
Brazil.regions.RS:Pareci Novo,115.363196125908,0.6210653753026635,117.51388778591044,0.7027534345327504,False
Brazil.regions.RS:Parobé,1.0,0.0,0.5469677833521163,0.0,False
Brazil.regions.RS:Paverama,2.464128843338214,0.0,19.16914062480082,0.0,False
Brazil.regions.RS:Pinto Bandeira,2.5541327124563447,0.10477299185098952,63.544065555578854,3.4889441175820686,False
Brazil.regions.RS:Planalto,2.91701244813278,0.0,60.00322465172395,0.0,False
Brazil.regions.RS:Pontão,16.02202643171806,0.0,67.77162107936637,0.0,False
Brazil.regions.RS:Porto Mauá,1.0,0.0,39.859941313781526,0.0,False
Brazil.regions.RS:Portão,0.8465473145780051,0.0,6.4918480211796314,0.0,False
Brazil.regions.RS:Pouso Novo,3.619324796274738,0.0,55.785913084126236,0.0,False
Brazil.regions.RS:Poço das Antas,2.5829383886255926,0.0,141.96891395307787,0.0,False
Brazil.regions.RS:Progresso,3.785166240409207,0.0,122.93506465750599,0.0,False
Brazil.regions.RS:Redentora,1.0,0.0,23.713217158406206,0.0,False
Brazil.regions.RS:Restinga Sêca,0.8472012102874432,0.0,18.53708474203854,0.0,False
Brazil.regions.RS:Rio dos Índios,1.0,0.0,34.074151458567094,0.0,False
Brazil.regions.RS:Roca Sales,1.809748427672956,0.7783018867924528,39.63520459448924,6.831404255178203,False
Brazil.regions.RS:Rolante,115.363196125908,0.6210653753026635,127.1425354735229,0.7027534345327504,False
Brazil.regions.RS:Ronda Alta,2.0277777777777777,0.0,7.851841655927381,0.0,False
Brazil.regions.RS:Saldanha Marinho,11.956262425447319,2.0278330019880717,785.888698160493,76.52200007502157,False
Brazil.regions.RS:Salto do Jacuí,4.0,0.0,45.9335844568279,0.0,False
Brazil.regions.RS:Salvador do Sul,21.778894472361806,0.0,20.273119911520208,0.0,False
Brazil.regions.RS:Sananduva,111.5677966101695,0.6210653753026635,107.47048751617872,0.7027534345327504,False
Brazil.regions.RS:Santa Bárbara do Sul,14.456887486855939,0.0,12.15325400262226,0.0,False
Brazil.regions.RS:Santa Clara do Sul,20.307692307692307,0.0,79.0780372853533,0.0,False
Brazil.regions.RS:Santa Rosa,112.47094430992738,0.6210653753026635,126.35495765206532,0.7027534345327504,False
Brazil.regions.RS:Santa Tereza,1.7462165308498252,1.0,160.94477566384367,57.83689994216309,False
Brazil.regions.RS:Santo Antônio da Patrulha,114.57748184019371,0.6210653753026635,127.50969865410305,0.7027534345327504,False
Brazil.regions.RS:Santo Antônio do Palma,1.0,0.0,44.72942335924902,0.0,False
Brazil.regions.RS:Santo Cristo,115.07990314769977,0.6210653753026635,123.47043816292553,0.7027534345327504,False
Brazil.regions.RS:Santo Ângelo,2.8807339449541285,1.45565749235474,3.2851203124406725,1.8760165122559254,False
Brazil.regions.RS:Sapiranga,113.72154963680387,0.6210653753026635,128.4421061968212,0.7027534345327504,False
Brazil.regions.RS:Sarandi,115.363196125908,0.6210653753026635,127.703865549983,0.7027534345327504,False
Brazil.regions.RS:Seberi,1.0,0.0,7.039267737636861,0.0,False
Brazil.regions.RS:Serafina Corrêa,110.14891041162227,0.36077481840193715,103.87366549699715,2.721275863537093,False
Brazil.regions.RS:Sertão,2.4155995343422587,0.0,35.469781130903094,0.0,False
Brazil.regions.RS:Soledade,48.86918833727345,0.2600472813238771,43.81974420983577,0.29425101987403496,False
Brazil.regions.RS:São Domingos do Sul,113.40193704600485,0.6210653753026635,102.58614209372614,0.7027534345327504,False
Brazil.regions.RS:São Jerônimo,2.138888888888889,0.0,15.109876581076378,0.0,False
Brazil.regions.RS:São Jorge,114.04116222760291,0.6210653753026635,95.56173837596154,0.7027534345327504,False
Brazil.regions.RS:São José das Missões,6.709654178674352,0.0,30.692937138614624,0.0,False
Brazil.regions.RS:São José do Herval,1.4444444444444444,0.0,87.92859673476792,0.0,False
Brazil.regions.RS:São João da Urtiga,1.0,0.0,19.20999347683417,0.0,False
Brazil.regions.RS:São Luiz Gonzaga,1.7752750130958619,0.0,8.012849224618082,0.0,False
Brazil.regions.RS:São Marcos,3.430591932949188,0.0,3.755898249116275,0.0,False
Brazil.regions.RS:São Sebastião do Caí,111.95399515738501,0.6210653753026635,115.63622979457905,0.7027534345327504,False
Brazil.regions.RS:São Valentim,1.0,0.0,28.049157979218176,0.0,False
Brazil.regions.RS:São Valentim do Sul,2.905805038335159,0.0,57.32451091966182,0.0,False
Brazil.regions.RS:São Valério do Sul,3.116182572614108,0.0,44.39972337165914,0.0,False
Brazil.regions.RS:São Vendelino,2.25,0.0,40.90567857411091,0.0,False
Brazil.regions.RS:Sério,0.7089639115250292,0.0,211.87830890108987,0.0,False
Brazil.regions.RS:Tabaí,112.02784503631962,0.6210653753026635,100.42020572422751,0.7027534345327504,False
Brazil.regions.RS:Tapejara,9.419970631424375,0.0,78.82878434005026,0.0,False
Brazil.regions.RS:Taquara,115.35351089588377,0.6210653753026635,129.93488752078363,0.7027534345327504,False
Brazil.regions.RS:Taquari,104.91525423728814,0.6210653753026635,93.75335581524492,0.7027534345327504,False
Brazil.regions.RS:Terra de Areia,1.398638030382399,0.0,36.34018737432552,0.0,False
Brazil.regions.RS:Teutônia,97.44673123486683,0.6210653753026635,77.0863702544424,0.7027534345327504,False
Brazil.regions.RS:Tio Hugo,85.99196141479099,0.6095927116827438,60.89296021687811,31.903953053075373,False
Brazil.regions.RS:Torres,108.6271186440678,0.6210653753026635,116.78322335319955,0.7027534345327504,False
Brazil.regions.RS:Tramandaí,114.02905569007264,0.3292978208232446,127.15485296998624,0.6746286698071073,False
Brazil.regions.RS:Trindade do Sul,8.24763406940063,0.38643533123028395,125.6131374502782,6.660381441404411,False
Brazil.regions.RS:Triunfo,26.231524133787303,0.06208692169036652,24.20956771816186,0.07025314756310143,False
Brazil.regions.RS:Três Arroios,3.0534311157674177,0.0,80.11696430201663,0.0,False
Brazil.regions.RS:Três Cachoeiras,12.375428291727852,0.0,81.34023786637282,0.0,False
Brazil.regions.RS:Três Forquilhas,2.268917345750873,0.0,81.9220603683913,0.0,False
Brazil.regions.RS:Três Palmeiras,10.329652996845423,0.0,104.03492608365342,0.0,False
Brazil.regions.RS:Três Passos,33.935972060535505,0.0,156.05184571601723,0.0,False
Brazil.regions.RS:Tucunduva,26.52136752136752,0.0,24.881170022038074,0.0,False
Brazil.regions.RS:Tunas,5.2110091743119265,1.525993883792049,107.52197295262228,33.39885935198182,False
Brazil.regions.RS:Tupandi,115.363196125908,0.6210653753026635,119.48650670077114,0.7027534345327504,False
Brazil.regions.RS:Vanini,3.4647302904564317,0.0,42.27410521620243,0.0,False
Brazil.regions.RS:Venâncio Aires,68.27602905569009,3.187651331719129,65.79521734236506,4.620103019364715,False
Brazil.regions.RS:Vera Cruz,2.5090909090909093,0.0,1.7025322369305464,0.0,False
Brazil.regions.RS:Veranópolis,113.78329297820824,0.6210653753026635,121.9379346642221,0.7027534345327504,False
Brazil.regions.RS:Viadutos,0.0,0.0,39.789086815619136,0.0,False
Brazil.regions.RS:Victor Graeff,36.884875846501124,0.11851015801354402,72.37077360821665,0.1340976713288042,False
Brazil.regions.RS:Vila Flores,2.511500547645126,0.0,47.97356259815033,0.0,False
Brazil.regions.RS:Vila Lângaro,3.619324796274738,0.0,42.59710804530242,0.0,False
Brazil.regions.RS:Vila Maria,114.76513317191285,0.6210653753026635,104.88727928683731,0.7027534345327504,False
Brazil.regions.RS:Vila Nova do Sul,1.0,0.0,21.101428137549924,0.0,False
Brazil.regions.RS:Vista Alegre do Prata,9.4434250764526,0.0,52.24446152159244,0.0,False
Brazil.regions.RS:Westfália,2.8700890518596123,0.0,76.30746492853172,0.0,False
Brazil.regions.RS:Xangri-lá,9.15290519877676,0.0,4.8917080615938815,0.0,False
Brazil.regions.RS:Água Santa,3.4647302904564317,0.0,21.628925026079905,0.0,False
Brazil.regions.RS:Áurea,1.75,0.0,25.02560553798909,0.0,False
Brazil.regions.SC:Abelardo Luz,2.074168797953964,0.0,7.0618448750021985,0.0,False
Brazil.regions.SC:Agronômica,1.6666666666666667,1.0,57.69778405540941,18.355359765051393,False
Brazil.regions.SC:Alto Bela Vista,3.583118001722653,0.0,117.5938912628378,0.0,False
Brazil.regions.SC:Anchieta,1.2444444444444442,0.0,62.93213223770471,0.0,False
Brazil.regions.SC:Anita Garibaldi,115.363196125908,0.6210653753026635,121.939311180302,0.7027534345327504,False
Brazil.regions.SC:Antônio Carlos,106.63801452784503,2.278450363196126,94.2455707436367,33.35710488214515,False
Brazil.regions.SC:Arabutã,69.40841689026975,0.33611071882502475,244.47440641298343,0.38031899930413776,False
Brazil.regions.SC:Araquari,5.681957186544343,0.0,22.35795012907098,0.0,False
Brazil.regions.SC:Araranguá,109.2227602905569,0.5254237288135594,121.31446216782604,0.5625739679074585,False
Brazil.regions.SC:Armazém,66.6602174834063,0.33611071882502475,106.81341750431699,0.38031899930413776,False
Brazil.regions.SC:Arvoredo,1.7124148768988996,0.0,219.58981982591223,0.0,False
Brazil.regions.SC:Atalanta,1.0,0.0,73.39337295285922,0.0,False
Brazil.regions.SC:Aurora,115.2675544794189,0.6210653753026635,118.91676729582862,0.7027534345327504,False
Brazil.regions.SC:Balneário Arroio do Silva,113.40799031476999,0.26271186440677974,111.81950538637031,3.1317707315832823,False
Brazil.regions.SC:Balneário Barra do Sul,20.04751027866606,0.0,18.61766155590374,0.0,False
Brazil.regions.SC:Balneário Gaivota,110.72397094430993,0.7615012106537532,89.72241069037415,8.405544224634752,False
Brazil.regions.SC:Balneário Piçarras,109.2360774818402,0.6210653753026635,105.44034882115669,0.7027534345327504,False
Brazil.regions.SC:Balneário Rincão,1.3154831199068684,0.0,20.665276540544813,0.0,False
Brazil.regions.SC:Barra Velha,112.33777239709444,0.6210653753026635,117.99595023875301,0.7027534345327504,False
Brazil.regions.SC:Benedito Novo,1.8475452196382427,0.0,28.790339878050027,0.0,False
Brazil.regions.SC:Biguaçu,110.76634382566586,0.6210653753026635,123.495467636079,0.7027534345327504,False
Brazil.regions.SC:Bombinhas,3.5145518044237485,0.0,1.2823149233632243,0.0,False
Brazil.regions.SC:Botuverá,112.31476997578692,0.6210653753026635,94.0308661502189,0.7027534345327504,False
Brazil.regions.SC:Braço do Norte,98.6634382566586,0.23002421307506055,92.5422477410071,1.2697616488738737,False
Brazil.regions.SC:Camboriú,82.12953995157385,1.4031476997578693,91.46446045495233,1.7363807580235315,False
Brazil.regions.SC:Campo Alegre,1.0,0.0,6.085581328056508,0.0,False
Brazil.regions.SC:Campo Erê,3.619324796274738,0.0,6.501929856280801,0.0,False
Brazil.regions.SC:Canelinha,115.363196125908,0.6210653753026635,124.79700508309533,0.7027534345327504,False
Brazil.regions.SC:Capivari de Baixo,103.57627118644068,0.6210653753026635,95.12396995314317,0.7027534345327504,False
Brazil.regions.SC:Catanduvas,56.952718676122934,0.2600472813238771,50.46670127335497,0.29425101987403496,False
Brazil.regions.SC:Caxambu do Sul,1.9431279620853084,0.0,126.02643194218061,0.0,False
Brazil.regions.SC:Cocal do Sul,113.03026634382566,0.6440677966101696,112.05749340991233,4.58714458726308,False
Brazil.regions.SC:Concórdia,89.31520971614181,2.9473238243185995,136.6055088510263,4.018650123756411,False
Brazil.regions.SC:Cordilheira Alta,2.6,0.0,18.38326659760571,0.0,False
Brazil.regions.SC:Coronel Freitas,3.4647302904564317,0.0,4.967064716678801,0.0,False
Brazil.regions.SC:Cunha Porã,3.29918509895227,0.0,35.87413774836057,0.0,False
Brazil.regions.SC:Entre Rios,8.2,0.0,350.4552362982049,0.0,False
Brazil.regions.SC:Faxinal dos Guedes,6.543601359003398,0.0,64.82840672248315,0.0,False
Brazil.regions.SC:Forquilhinha,112.83050847457628,0.6210653753026635,118.57926098160715,0.7027534345327504,False
Brazil.regions.SC:Fraiburgo,4.54434250764526,0.0,12.617798266451928,0.0,False
Brazil.regions.SC:Garopaba,114.30266343825666,0.6210653753026635,124.5742998397246,0.7027534345327504,False
Brazil.regions.SC:Garuva,5.664985590778099,0.16210374639769454,4.004003171397275,0.8933796990779527,False
Brazil.regions.SC:Gaspar,107.70338983050847,0.6271186440677966,119.48514899965294,0.9149025939787088,False
Brazil.regions.SC:Governador Celso Ramos,105.15738498789347,0.6210653753026635,62.940452653325025,0.7027534345327504,False
Brazil.regions.SC:Gravatal,107.08232445520582,0.6210653753026635,85.13910137553519,0.7027534345327504,False
Brazil.regions.SC:Grão Pará,3.8077527501309585,0.0,17.45977747771803,0.0,False
Brazil.regions.SC:Guabiruba,111.76876513317193,0.3075060532687652,114.31532893082444,0.8759725197824142,False
Brazil.regions.SC:Guaramirim,110.11259079903148,0.6210653753026635,117.72199256343592,0.7027534345327504,False
Brazil.regions.SC:Guatambú,7.082654249126891,0.0,242.5992389979134,0.0,False
Brazil.regions.SC:Herval d'Oeste,59.88967691095352,0.2600472813238771,57.26302880926198,0.29425101987403496,False
Brazil.regions.SC:Ibicaré,3.390891840607211,0.0,26.262059838915977,0.0,False
Brazil.regions.SC:Ibirama,12.129671574178936,0.0,9.975506729600328,0.0,False
Brazil.regions.SC:Ilhota,67.07483601669648,0.2996422182468694,54.67924459118779,0.33905383616238505,False
Brazil.regions.SC:Imbituba,104.97820823244554,0.6210653753026635,109.48583807074253,0.7027534345327504,False
Brazil.regions.SC:Imbuia,1.0,0.0,13.873782562889891,0.0,False
Brazil.regions.SC:Indaial,108.30387409200969,0.5786924939467313,120.05964770119394,0.8481342431359431,False
Brazil.regions.SC:Ipira,0.5238649592549476,0.0,89.76895545303782,0.0,False
Brazil.regions.SC:Ipuaçu,1.4285714285714286,0.0,42.098578213379305,0.0,False
Brazil.regions.SC:Ipumirim,94.25181598062954,0.6210653753026635,198.28385468716775,0.7027534345327504,False
Brazil.regions.SC:Irani,32.08231545406267,0.1699415825809878,287.6646250604304,0.1922938157203175,False
Brazil.regions.SC:Irati,115.363196125908,0.6210653753026635,112.00263623454622,0.7027534345327504,False
Brazil.regions.SC:Itapema,105.70217917675545,0.26271186440677974,115.73868826771567,0.4211078634644356,False
Brazil.regions.SC:Itapiranga,115.21912832929783,0.6210653753026635,125.22480677814788,0.7027534345327504,False
Brazil.regions.SC:Itapoá,1.0,0.0,2.59697326044058,0.0,False
Brazil.regions.SC:Ituporanga,112.7554479418886,0.5690072639225182,119.00394670508905,2.516197587028141,False
Brazil.regions.SC:Itá,8.1267087276551,0.0,125.2815384528534,0.0,False
Brazil.regions.SC:Içara,110.2953995157385,0.6210653753026635,121.27415848292114,0.7027534345327504,False
Brazil.regions.SC:Jaborá,20.728632478632477,0.0,159.67899417695136,0.0,False
Brazil.regions.SC:Jacinto Machado,2.3615733736762476,0.0,11.562537613960297,0.0,False
Brazil.regions.SC:Jaguaruna,113.07021791767556,0.6210653753026635,117.76724344205212,0.7027534345327504,False
Brazil.regions.SC:Joaçaba,105.24818401937047,0.6210653753026635,97.48360106858325,0.7027534345327504,False
Brazil.regions.SC:Laguna,111.08353510895884,0.6210653753026635,120.52971869420483,0.7027534345327504,False
Brazil.regions.SC:Lauro Muller,6.709654178674352,0.0,3.8385005877124345,0.0,False
Brazil.regions.SC:Lindóia do Sul,57.40997034317188,0.33611071882502475,708.2330427295157,0.38031899930413776,False
Brazil.regions.SC:Luiz Alves,2.4129244249726174,0.0,9.810288200796132,0.0,False
Brazil.regions.SC:Luzerna,2.0277777777777777,0.0,17.821602634890212,0.0,False
Brazil.regions.SC:Maracajá,8.20795107033639,0.0,19.128306181964128,0.0,False
Brazil.regions.SC:Maravilha,4.056265984654732,0.0,26.643726975109495,0.0,False
Brazil.regions.SC:Massaranduba,115.363196125908,0.7615012106537532,126.08750315353022,5.208809582729014,False
Brazil.regions.SC:Meleiro,70.96422182468694,0.2996422182468694,62.55660990145453,0.33905383616238505,False
Brazil.regions.SC:Mondaí,1.0,0.0,6.253378879116663,0.0,False
Brazil.regions.SC:Monte Castelo,1.0,0.0,9.82153430125662,0.0,False
Brazil.regions.SC:Morro Grande,2.8545454545454545,0.0,30.204664599495402,0.0,False
Brazil.regions.SC:Morro da Fumaça,111.96489104116223,0.6210653753026635,109.30424409205307,0.7027534345327504,False
Brazil.regions.SC:Navegantes,103.92857142857143,0.6210653753026635,116.4115374349032,0.7027534345327504,False
Brazil.regions.SC:Nova Erechim,3.7734711455641685,0.0,187.0738218996838,0.0,False
Brazil.regions.SC:Nova Itaberaba,1.0,0.0,20.8262979632145,0.0,False
Brazil.regions.SC:Nova Trento,115.1767554479419,0.6210653753026635,124.25645778739113,0.7027534345327504,False
Brazil.regions.SC:Nova Veneza,70.16946758932355,0.33611071882502475,38.9743235804514,0.38031899930413776,False
Brazil.regions.SC:Orleans,101.69612590799032,0.6210653753026635,85.61172922915235,0.7027534345327504,False
Brazil.regions.SC:Ouro,4.656330749354005,0.0,11.532378170610658,0.0,False
Brazil.regions.SC:Paial,2.118483412322275,0.0,231.3081288754113,0.0,False
Brazil.regions.SC:Palma Sola,55.444259012016026,0.21695594125500672,55.159031005180026,0.24549192230357417,False
Brazil.regions.SC:Palmeira,1.0,0.0,35.803177405575354,0.0,False
Brazil.regions.SC:Palmitos,5.116207951070336,0.0,21.81094732079516,0.0,False
Brazil.regions.SC:Papanduva,114.36319612590799,0.6210653753026635,123.56682799500156,0.7027534345327504,False
Brazil.regions.SC:Passo de Torres,3.9072812991094814,0.0,10.32403372209456,0.0,False
Brazil.regions.SC:Paulo Lopes,114.52905569007262,0.6210653753026635,115.10209794680264,0.7027534345327504,False
Brazil.regions.SC:Pedras Grandes,113.12348668280872,0.7615012106537532,91.36988134349615,24.448151998062823,False
Brazil.regions.SC:Penha,52.58079904591532,1.0,40.48578752791317,3.656034597168497,False
Brazil.regions.SC:Peritiba,12.142927068037201,0.0,312.17404197418307,0.0,False
Brazil.regions.SC:Pescaria Brava,115.363196125908,0.6210653753026635,123.80278451639606,0.7027534345327504,False
Brazil.regions.SC:Petrolândia,1.0,0.0,14.580465821392265,0.0,False
Brazil.regions.SC:Pinhalzinho,1.5290728129910949,0.0,13.797733755227814,0.0,False
Brazil.regions.SC:Piratuba,1.9560723514211888,0.0,172.36834645024297,0.0,False
Brazil.regions.SC:Planalto Alegre,1.0189573459715642,0.0,163.14632398737768,0.0,False
Brazil.regions.SC:Pomerode,114.81234866828088,0.6210653753026635,127.07910203899347,0.7027534345327504,False
Brazil.regions.SC:Ponte Serrada,9.496319663512093,0.0,120.07995700971955,0.0,False
Brazil.regions.SC:Porto Belo,111.29297820823244,0.7469733656174335,115.710144548733,3.904840332830633,False
Brazil.regions.SC:Porto União,1.8114195914091151,0.0,5.697025492816779,0.0,False
Brazil.regions.SC:Pouso Redondo,80.39556559807937,0.6355034599632821,86.41756800976097,5.186713481004731,False
Brazil.regions.SC:Praia Grande,3.300109529025192,0.0,8.797370425895155,0.0,False
Brazil.regions.SC:Presidente Castello Branco,13.556045031815957,0.0,420.7392326202635,0.0,False
Brazil.regions.SC:Quilombo,0.6,0.0,24.034100040331737,0.0,False
Brazil.regions.SC:Rancho Queimado,114.36319612590799,0.6210653753026635,110.65960719092254,0.7027534345327504,False
Brazil.regions.SC:Rio Fortuna,4.992248062015504,0.0,14.9068675835154,0.0,False
Brazil.regions.SC:Rio Negrinho,113.65133171912832,0.6210653753026635,125.2641941443034,0.7027534345327504,False
Brazil.regions.SC:Rio Rufino,115.363196125908,0.6210653753026635,114.29379351690547,0.7027534345327504,False
Brazil.regions.SC:Rio do Oeste,3.157721796276013,0.0,10.388510977588009,0.0,False
Brazil.regions.SC:Rio do Sul,102.53147699757871,0.6210653753026635,112.2237779544321,0.7027534345327504,False
Brazil.regions.SC:Rodeio,2.769499417927823,0.0,10.787518005329558,0.0,False
Brazil.regions.SC:Salete,21.944444444444446,0.12606837606837606,45.17027530249901,1.6496777815804244,False
Brazil.regions.SC:Sangão,105.3910411622276,0.6210653753026635,76.35784751090986,0.7027534345327504,False
Brazil.regions.SC:Santa Cecília,114.55569007263922,0.6210653753026635,121.69993264705869,0.7027534345327504,False
Brazil.regions.SC:Santa Helena,9.366972477064222,0.0,36.606381258420434,0.0,False
Brazil.regions.SC:Santa Rosa de Lima,1.3333333333333333,0.0,85.80276754295254,0.0,False
Brazil.regions.SC:Santa Rosa do Sul,84.4793676312969,0.36977491961414793,60.977960544814984,0.4184110161289807,False
Brazil.regions.SC:Santo Amaro da Imperatriz,112.726392251816,0.6210653753026635,117.28621590559075,0.7027534345327504,False
Brazil.regions.SC:Schroeder,115.363196125908,0.6210653753026635,127.14581398570172,0.7027534345327504,False
Brazil.regions.SC:Seara,7.9143416544297605,0.0,45.10065723051808,0.0,False
Brazil.regions.SC:Serra Alta,1.0,0.0,28.38358634870244,0.0,False
Brazil.regions.SC:Siderópolis,109.25060532687652,0.6210653753026635,100.44867717423146,0.7027534345327504,False
Brazil.regions.SC:Sombrio,97.10290556900726,1.0435835351089588,82.11811770346436,4.777752624635033,False
Brazil.regions.SC:São Bento do Sul,113.83292978208233,0.6210653753026635,128.67417185483623,0.7027534345327504,False
Brazil.regions.SC:São Bernardino,8.160371106693175,0.0,32.442994335711894,0.0,False
Brazil.regions.SC:São Carlos,6.8755186721991715,0.0,95.47323874790153,0.0,False
Brazil.regions.SC:São Domingos,111.2312348668281,0.6210653753026635,111.32214021648451,0.7027534345327504,False
Brazil.regions.SC:São Francisco do Sul,112.47094430992738,0.34866828087167073,124.28558667548481,0.45660045505612246,False
Brazil.regions.SC:São José do Cedro,1.0,0.0,4.968123008074617,0.0,False
Brazil.regions.SC:São João Batista,1.0,0.0,0.40902424260320647,0.0,False
Brazil.regions.SC:São João do Itaperiú,4.829250720461095,0.0,68.43685671355095,0.0,False
Brazil.regions.SC:São Lourenço do Oeste,113.65496368038741,0.6210653753026635,120.9666180648439,0.7027534345327504,False
Brazil.regions.SC:São Ludgero,108.07869249394673,0.6876513317191283,86.94546729258697,6.203660592800399,False
Brazil.regions.SC:São Martinho,6.284956925115971,0.0,80.05660476697572,0.0,False
Brazil.regions.SC:São Miguel do Oeste,5.562598218962808,0.0,20.80545758229705,0.0,False
Brazil.regions.SC:São Pedro de Alcântara,55.49432576769026,0.21695594125500672,55.30288236068009,0.24549192230357417,False
Brazil.regions.SC:Taió,8.84709480122324,0.0,5.863158109060966,0.0,False
Brazil.regions.SC:Tangará,114.19249394673123,0.6743341404358354,115.13359232561398,9.81860352468904,False
Brazil.regions.SC:Tigrinhos,9.4434250764526,0.0,49.41994962274764,0.0,False
Brazil.regions.SC:Tijucas,112.25302663438255,0.6210653753026635,121.18321570949448,0.7027534345327504,False
Brazil.regions.SC:Timbé do Sul,114.72276029055692,0.6210653753026635,108.21927272645479,0.7027534345327504,False
Brazil.regions.SC:Timbó,101.64164648910413,0.6210653753026635,99.11097156505626,0.7027534345327504,False
Brazil.regions.SC:Treviso,1.0,0.0,23.188711054179922,0.0,False
Brazil.regions.SC:Treze Tílias,2.5764476252439823,0.0,20.331821234203513,0.0,False
Brazil.regions.SC:Treze de Maio,113.39225181598063,0.6210653753026635,113.98081051883365,0.7027534345327504,False
Brazil.regions.SC:Trombudo Central,3.619324796274738,0.0,8.360056915200323,0.0,False
Brazil.regions.SC:Três Barras,5.122324159021407,0.0,51.443546322215646,0.0,False
Brazil.regions.SC:Tunápolis,14.128286014721345,0.0,14.146420208706532,0.0,False
Brazil.regions.SC:Turvo,13.70241850683491,0.0,11.169896833241125,0.0,False
Brazil.regions.SC:Urussanga,111.15738498789345,0.6089588377723971,110.20840888447418,3.281907215827623,False
Brazil.regions.SC:Vargem,1.0,0.0,38.1083591929795,0.0,False
Brazil.regions.SC:Vargem Bonita,19.536324786324784,0.0,346.5007004037517,0.0,False
Brazil.regions.SC:Vidal Ramos,115.2675544794189,0.6210653753026635,119.77457951592223,0.7027534345327504,False
Brazil.regions.SC:Videira,112.67554479418887,0.6210653753026635,124.71901189604829,0.7027534345327504,False
Brazil.regions.SC:Xanxerê,27.8900455432661,0.0,58.03518202674238,0.0,False
Brazil.regions.SC:Xavantina,13.820715036803366,0.0,24.599877447032046,0.0,False
Brazil.regions.SC:Xaxim,47.90420560747664,0.31542056074766356,36.15549328312208,1.6090907503177256,False
Brazil.regions.SC:Zortéa,5.581039755351682,0.0,211.51639584303746,0.0,False
Brazil.regions.SC:Água Doce,1.7440758293838863,0.0,62.67074477927674,0.0,False
Brazil.regions.SC:Águas Mornas,115.1041162227603,0.6210653753026635,117.48840536906665,0.7027534345327504,False
Brazil.regions.SC:Águas de Chapecó,3.932721712538226,0.0,123.92581394051292,0.0,False
Brazil.regions.SE:Amparo de São Francisco,1.8214676889375685,0.0,99.54212984251386,0.0,False
Brazil.regions.SE:Aquidabã,5.094801223241591,0.0,16.10132112764813,0.0,False
Brazil.regions.SE:Arauá,4.992248062015504,0.0,3.8431868251385497,0.0,False
Brazil.regions.SE:Areia Branca,4.765571913929785,0.0,66.16602824588776,0.0,False
Brazil.regions.SE:Barra dos Coqueiros,45.25844346549193,0.19823788546255508,190.88318932424937,0.6519481877941102,False
Brazil.regions.SE:Boquim,2.434748427672956,0.0,23.75633313702434,0.0,False
Brazil.regions.SE:Brejo Grande,1.0,0.0,9.772084772681518,0.0,False
Brazil.regions.SE:Campo do Brito,1.6718346253229972,0.0,17.117112165218952,0.0,False
Brazil.regions.SE:Canhoba,1.0,0.0,22.687041956640716,0.0,False
Brazil.regions.SE:Canindé de São Francisco,7.52321630804077,0.5605889014722537,5.033661933900359,1.8748792691379723,False
Brazil.regions.SE:Capela,114.84866828087168,0.6210653753026635,127.28469568477011,0.7027534345327504,False
Brazil.regions.SE:Carira,5.726224783861671,0.0,4.3715653341581255,0.0,False
Brazil.regions.SE:Carmópolis,1.1480075901328273,0.967741935483871,27.5317117875607,5.8178546079347795,False
Brazil.regions.SE:Cedro de São João,5.255924170616114,0.0,179.28587954603722,0.0,False
Brazil.regions.SE:Cristinápolis,10.645110410094636,0.0,13.191287652258385,0.0,False
Brazil.regions.SE:Cumbe,1.0,0.0,22.81845707974289,0.0,False
Brazil.regions.SE:Divina Pastora,4.001291989664082,0.0,31.969229625223686,0.0,False
Brazil.regions.SE:Estância,35.14419225634179,0.3871829105473966,46.56197045308308,0.6277430045616017,False
Brazil.regions.SE:Feira Nova,0.75,0.0,32.70491437600687,0.0,False
Brazil.regions.SE:Frei Paulo,1.9819182389937104,0.9119496855345911,35.75010466193158,5.913687086016412,False
Brazil.regions.SE:Gararu,2.451612903225807,1.0,11.74373795001784,8.617718028266115,False
Brazil.regions.SE:General Maynard,1.75,0.0,26.774727024903807,0.0,False
Brazil.regions.SE:Graccho Cardoso,2.299810246679317,0.0,100.76899134304134,0.0,False
Brazil.regions.SE:Indiaroba,61.35460992907803,0.09929078014184398,58.04090062865412,0.8256800378386424,False
Brazil.regions.SE:Itabaianinha,45.457421268182465,0.653438779833357,23.86243766395001,1.9797971489938535,False
Brazil.regions.SE:Itabi,1.0,0.0,18.132618272904782,0.0,False
Brazil.regions.SE:Itaporanga d'Ajuda,54.79826635145784,0.7092198581560285,49.71721798681589,2.5269945834555303,False
Brazil.regions.SE:Japaratuba,0.3099671412924425,0.887185104052574,17.70862941316246,4.73342103213239,False
Brazil.regions.SE:Japoatã,9.4434250764526,0.0,6.740701564446786,0.0,False
Brazil.regions.SE:Laranjeiras,4.315561959654178,0.6664265129682997,29.202809234044825,2.2343811203926096,False
Brazil.regions.SE:Macambira,5.686599423631125,0.0,20.515423929682306,0.0,False
Brazil.regions.SE:Malhada dos Bois,3.5687203791469195,0.0,51.347686107884954,0.0,False
Brazil.regions.SE:Malhador,2.7109004739336497,0.0,55.97896573412417,0.0,False
Brazil.regions.SE:Maruim,8.039957939011567,0.0,40.71872478933904,0.0,False
Brazil.regions.SE:Moita Bonita,2.444372153545869,0.0,13.631281658068106,0.0,False
Brazil.regions.SE:Monte Alegre de Sergipe,1.75,0.0,3.541212769069989,0.0,False
Brazil.regions.SE:Muribeca,5.877521613832854,0.07564841498559079,15.304271382637875,0.9921103604667645,False
Brazil.regions.SE:Neópolis,0.0,1.0,8.421273584202408,5.342165713980448,False
Brazil.regions.SE:Nossa Senhora Aparecida,1.75,0.0,8.257099466651088,0.0,False
Brazil.regions.SE:Nossa Senhora da Glória,114.43825665859565,0.6210653753026635,126.48418005954294,0.7027534345327504,False
Brazil.regions.SE:Nossa Senhora das Dores,5.085432639649507,0.0,27.146934659719612,0.0,False
Brazil.regions.SE:Nossa Senhora de Lourdes,1.2735739231664727,1.0,49.6134035989254,15.42495758136665,False
Brazil.regions.SE:Pacatuba,114.3680387409201,0.6210653753026635,121.96444301325137,0.7027534345327504,False
Brazil.regions.SE:Pedrinhas,3.300109529025192,0.0,5.5487986804553415,0.0,False
Brazil.regions.SE:Pinhão,4.253012048192771,0.0,10.663770158684596,0.0,False
Brazil.regions.SE:Pirambu,0.1,0.0,18.211080087276,0.0,False
Brazil.regions.SE:Porto da Folha,36.273499734466284,0.7257921756063022,33.55075237113551,2.9400804960270936,False
Brazil.regions.SE:Poço Redondo,2.7371502927781397,0.7026675341574496,14.292450893222608,2.0206111693959734,False
Brazil.regions.SE:Poço Verde,1.5939278937381405,0.0,16.655524402284758,0.0,False
Brazil.regions.SE:Propriá,114.3728813559322,0.6210653753026635,125.57523209230332,0.7027534345327504,False
Brazil.regions.SE:Riachuelo,1.109809663250366,0.0,31.421420897194153,0.0,False
Brazil.regions.SE:Riachão do Dantas,2.612339930151339,1.0,4.906828573836851,5.049229992426156,False
Brazil.regions.SE:Ribeirópolis,9.788221970554925,0.5096262740656852,5.479963749046799,2.732287551285037,False
Brazil.regions.SE:Rosário do Catete,7.945073612684031,1.0,34.731475708749585,9.212344541685859,False
Brazil.regions.SE:Salgado,2.4928909952606637,0.0,27.9138688727008,0.0,False
Brazil.regions.SE:Santa Luzia do Itanhy,3.837639965546942,0.0,8.571276646084584,0.0,False
Brazil.regions.SE:Santana do São Francisco,3.020872865275142,0.0,12.64107728709378,0.0,False
Brazil.regions.SE:Santo Amaro das Brotas,3.1948847262247835,0.0,45.0668026149936,0.0,False
Brazil.regions.SE:Simão Dias,107.65980629539953,0.6222760290556901,110.8583437991424,1.8959475618612454,False
Brazil.regions.SE:Siriri,3.4285714285714284,0.0,57.70920498468336,0.0,False
Brazil.regions.SE:São Cristóvão,13.274919614147906,0.5693997856377278,15.53183678875047,0.6278789497024793,False
Brazil.regions.SE:São Domingos,0.6930946291560103,0.959079283887468,31.45451472992367,8.611648414182168,False
Brazil.regions.SE:São Francisco,0.9642857142857143,0.0,44.839806896472396,0.0,False
Brazil.regions.SE:São Miguel do Aleixo,0.3,0.0,51.17205666005831,0.0,False
Brazil.regions.SE:Telha,1.0,0.0,28.725476398571853,0.0,False
Brazil.regions.SE:Tomar do Geru,31.636891648307632,0.06208692169036652,30.361783700044853,0.07025314756310143,False
Brazil.regions.SE:Umbaúba,13.89908256880734,2.146788990825688,83.23638802081452,8.487344788588945,False
Brazil.regions.SP:Adamantina,110.99152542372882,0.6210653753026635,116.3889280061534,0.7027534345327504,False
Brazil.regions.SP:Adolfo,6.05763688760807,0.0,37.65522782970661,0.0,False
Brazil.regions.SP:Aguaí,21.185897435897434,2.6367521367521363,28.090043888515837,7.262779608186576,False
Brazil.regions.SP:Agudos,104.1634382566586,0.728813559322034,101.86601248120158,2.0318891164702086,False
Brazil.regions.SP:Alambari,78.86753283434544,0.33611071882502475,62.68824935447337,0.38031899930413776,False
Brazil.regions.SP:Alfredo Marcondes,0.6,0.4,31.342319016539157,9.601536245799327,False
Brazil.regions.SP:Altair,1.75,0.0,20.926757003293623,0.0,False
Brazil.regions.SP:Altinópolis,2.036363636363636,0.0,6.872910637667887,0.0,False
Brazil.regions.SP:Alto Alegre,3.390891840607211,0.9392789373814041,19.42777308321514,22.914831358414347,False
Brazil.regions.SP:Alumínio,3.3903177004538576,0.9077155824508321,34.82299199665266,4.872855821617092,False
Brazil.regions.SP:Amparo,104.27360774818402,0.391041162227603,115.6291742466676,0.5536200217414966,False
Brazil.regions.SP:Américo Brasiliense,104.26513317191284,0.6210653753026635,105.78076009084276,0.7027534345327504,False
Brazil.regions.SP:Américo de Campos,1.8199121522693997,0.0,40.20849764967975,0.0,False
Brazil.regions.SP:Angatuba,60.7825059101655,0.7399527186761229,58.06643714432368,3.66959867094569,False
Brazil.regions.SP:Anhembi,5.5774495677233435,0.0,25.16176157697274,0.0,False
Brazil.regions.SP:Anhumas,1.75,0.0,21.18963203834363,0.0,False
Brazil.regions.SP:Aparecida,63.1323877068558,0.2600472813238771,68.43866271061293,0.29425101987403496,False
Brazil.regions.SP:Apiaí,88.15166130760986,0.36977491961414793,96.66226509771646,0.4184110161289807,False
Brazil.regions.SP:Arandu,65.72540250447227,1.6234347048300535,99.53124443961256,29.912274197138274,False
Brazil.regions.SP:Araçariguama,112.14769975786925,0.6271186440677966,114.45421246187408,3.1678306891215318,False
Brazil.regions.SP:Araçoiaba da Serra,106.29903147699758,0.6210653753026635,102.26255475265565,0.7027534345327504,False
Brazil.regions.SP:Arealva,14.456887486855939,0.0,12.040776764878009,0.0,False
Brazil.regions.SP:Areiópolis,21.685897435897434,0.0,32.6356746494763,0.0,False
Brazil.regions.SP:Ariranha,1.0,0.0,8.080343066460793,0.0,False
Brazil.regions.SP:Artur Nogueira,112.22760290556901,0.6210653753026635,124.06724624426826,0.7027534345327504,False
Brazil.regions.SP:Arujá,86.21065375302665,0.7058111380145279,98.04724983690254,0.7906516017553069,False
Brazil.regions.SP:Auriflama,12.056058890147225,0.0,9.142432631199247,0.0,False
Brazil.regions.SP:Avanhandava,3.4647302904564317,0.0,2.274572617120809,0.0,False
Brazil.regions.SP:Avaí,63.36249014972419,0.2600472813238771,55.90136214513854,0.29425101987403496,False
Brazil.regions.SP:Bady Bassitt,109.89104116222761,0.44188861985472155,97.34085592672498,4.277652817205204,False
Brazil.regions.SP:Bananal,2.039531478770132,0.0,17.5935247516095,0.0,False
Brazil.regions.SP:Barbosa,1.0,0.0,11.246804355647077,0.0,False
Brazil.regions.SP:Bariri,98.2419498536337,0.22145857197403587,106.3293213582454,0.5564231287312671,False
Brazil.regions.SP:Barra Bonita,14.168113293741435,0.9707629054362722,18.616918866508964,2.6871585712126236,False
Brazil.regions.SP:Barra do Turvo,114.26876513317193,0.572639225181598,108.03285534121737,1.0062576119850395,False
Brazil.regions.SP:Barrinha,21.594017094017094,0.6004273504273504,14.82138702662094,1.8299017140904255,False
Brazil.regions.SP:Barão de Antonina,1.0,0.0,26.563693381378442,0.0,False
Brazil.regions.SP:Bastos,1.0,0.0,2.5095284207382442,0.0,False
Brazil.regions.SP:Batatais,114.62469733656175,0.5,128.8870797948018,0.8220070390969755,False
Brazil.regions.SP:Bebedouro,109.67433414043583,0.4346246973365618,123.04631830592342,0.49102111612186067,False
Brazil.regions.SP:Bernardino de Campos,1.75,0.0,5.858514338172591,0.0,False
Brazil.regions.SP:Bertioga,25.103608847497092,2.3620488940628634,41.3553017640412,3.734523698497785,False
Brazil.regions.SP:Bilac,88.23338692390139,0.36977491961414793,92.22102212511629,0.4184110161289807,False
Brazil.regions.SP:Biritiba-Mirim,14.538461538461538,0.452991452991453,28.049131287155934,1.3896295876785476,False
Brazil.regions.SP:Boa Esperança do Sul,4.0,0.0,35.70964648289611,0.0,False
Brazil.regions.SP:Bocaina,5.015290519877676,0.0,51.25992257486576,0.0,False
Brazil.regions.SP:Boituva,102.95520581113803,0.3075060532687652,110.65914555943442,0.4100554950510176,False
Brazil.regions.SP:Bom Jesus dos Perdões,14.994126284875186,0.0,10.917601589131293,0.0,False
Brazil.regions.SP:Boracéia,1.5,0.0,22.805774212499507,0.0,False
Brazil.regions.SP:Borborema,21.39287345820009,0.0,14.602118507531396,0.0,False
Brazil.regions.SP:Borebi,17.21732745961821,0.0,70.4528871833008,0.0,False
Brazil.regions.SP:Brejo Alegre,3.576447625243981,0.0,29.72563111417644,0.0,False
Brazil.regions.SP:Brodowski,110.3135593220339,0.6210653753026635,109.51316266805506,0.7027534345327504,False
Brazil.regions.SP:Brotas,1.1272727272727274,0.0,9.794702991441989,0.0,False
Brazil.regions.SP:Buri,2.25,0.0,1.8756827103677078,0.0,False
Brazil.regions.SP:Buritama,81.36843515541264,0.36977491961414793,71.38355304305156,0.4184110161289807,False
Brazil.regions.SP:Bálsamo,1.0,0.0,8.764732187119325,0.0,False
Brazil.regions.SP:Cabreúva,18.001802523532945,0.23633086320849192,14.756324346493033,0.5301004945775596,False
Brazil.regions.SP:Cachoeira Paulista,113.37651331719131,0.6210653753026635,122.78389558463918,0.7027534345327504,False
Brazil.regions.SP:Caconde,9.4434250764526,0.0,6.9723386129849345,0.0,False
Brazil.regions.SP:Caiabu,115.363196125908,0.7615012106537532,118.26967125087259,23.157900347380874,False
Brazil.regions.SP:Caieiras,77.82445520581113,6.516949152542373,92.175173645112,6.331852387725097,False
Brazil.regions.SP:Cajamar,85.67554479418887,3.307506053268765,91.92774770226534,4.41250734146161,False
Brazil.regions.SP:Cajati,19.41239316239316,0.0,17.55941127663524,0.0,False
Brazil.regions.SP:Cajobi,5.265129682997118,0.16210374639769454,14.464735264477978,1.537694426083234,False
Brazil.regions.SP:Cajuru,98.18747613592973,0.1374570446735395,104.34904585779945,1.1120830796510304,False
Brazil.regions.SP:Campina do Monte Alegre,2.25,0.0,12.922796608142129,0.0,False
Brazil.regions.SP:Campo Limpo Paulista,61.005790142635234,2.6696794238101966,68.49191692056087,3.170525823655368,False
Brazil.regions.SP:Campos do Jordão,109.63680387409202,0.6210653753026635,118.78069714416615,0.7027534345327504,False
Brazil.regions.SP:Cananéia,56.096926713947994,1.3333333333333337,54.96061250305232,12.412133467025573,False
Brazil.regions.SP:Canas,3.525622254758419,0.0,14.341953531576038,0.0,False
Brazil.regions.SP:Capela do Alto,29.59104589917231,0.11851015801354402,15.783997799280474,0.1340976713288042,False
Brazil.regions.SP:Capivari,0.1,0.0,1.2378968608417262,0.0,False
Brazil.regions.SP:Cardoso,1.0,0.0,5.849874169871239,0.0,False
Brazil.regions.SP:Casa Branca,1.5090909090909093,0.0,5.154300129811132,0.0,False
Brazil.regions.SP:Castilho,78.72913430306454,0.33611071882502475,81.52742424542352,0.38031899930413776,False
Brazil.regions.SP:Catiguá,3.186700767263427,0.0,8.076568563013861,0.0,False
Brazil.regions.SP:Caçapava,105.65617433414045,0.18038740920096855,120.16250102257405,0.23525508830815015,False
Brazil.regions.SP:Cedral,115.363196125908,0.6210653753026635,123.34299873595583,0.7027534345327504,False
Brazil.regions.SP:Cerqueira César,2.8087182823682495,0.0,4.19443577510286,0.0,False
Brazil.regions.SP:Cerquilho,2.2222222222222223,1.9333333333333331,7.820962003570671,3.9496891322260588,False
Brazil.regions.SP:Cesário Lange,1.0,0.0,12.063589720711427,0.0,False
Brazil.regions.SP:Charqueada,11.137968299711813,1.5392651296829971,100.52947142002581,8.954421929511328,False
Brazil.regions.SP:Chavantes,39.13393528969149,0.11851015801354402,38.86983979134191,0.1340976713288042,False
Brazil.regions.SP:Colina,5.749235474006117,0.5259938837920489,14.232699273457035,2.8481366893656537,False
Brazil.regions.SP:Conchal,4.486635220125786,0.0,2.5004317414762363,0.0,False
Brazil.regions.SP:Conchas,98.51304569173985,0.6884306987399771,100.16164436873281,4.9663873455098395,False
Brazil.regions.SP:Cordeirópolis,11.619004111466422,0.0,55.37258671055554,0.0,False
Brazil.regions.SP:Coroados,2.3404088050314464,0.24764150943396226,89.1802617616664,4.087842678011922,False
Brazil.regions.SP:Cosmorama,8.458715596330276,0.0,15.958712897526189,0.0,False
Brazil.regions.SP:Cosmópolis,3.785932721712538,0.0,4.780214251217434,0.0,False
Brazil.regions.SP:Cravinhos,108.64043583535111,0.7615012106537532,113.93584433660985,2.238075793616689,False
Brazil.regions.SP:Cruzeiro,79.75803858520901,1.4356913183279743,89.61851718506216,1.7770050177508832,False
Brazil.regions.SP:Cândido Mota,2.3108265424912693,0.0,2.1532099004415906,0.0,False
Brazil.regions.SP:Cândido Rodrigues,0.0,0.0,69.3445325608244,0.0,False
Brazil.regions.SP:Descalvado,1.0,0.0,3.8097194491386235,0.0,False
Brazil.regions.SP:Divinolândia,3.4647302904564317,0.0,3.919857006598105,0.0,False
Brazil.regions.SP:Dobrada,21.155322064869804,0.0,19.468749428280674,0.0,False
Brazil.regions.SP:Dois Córregos,2.763175016265452,0.8132726089785296,1.6418620520023541,2.9773846200934635,False
Brazil.regions.SP:Dourado,0.8571428571428571,0.0,18.22107065763207,0.0,False
Brazil.regions.SP:Dracena,108.78329297820824,1.38861985472155,115.53338664194179,3.1833020375378682,False
Brazil.regions.SP:Duartina,80.44781810478746,0.33611071882502475,85.55809316433154,0.38031899930413776,False
Brazil.regions.SP:Dumont,2.0605074821080027,0.0,20.317565096794397,0.0,False
Brazil.regions.SP:Elias Fausto,44.77234908833422,0.3752876615330147,39.6665803616092,2.875617753681002,False
Brazil.regions.SP:Elisiário,2.8545454545454545,0.0,23.02822656865319,0.0,False
Brazil.regions.SP:Embu-Guaçu,86.26271186440678,2.9261501210653753,90.18530863444663,4.409613065961649,False
Brazil.regions.SP:Emilianópolis,1.226928895612708,0.0,111.26748184354851,0.0,False
Brazil.regions.SP:Engenheiro Coelho,17.40246687985381,0.0,26.110930965931946,0.0,False
Brazil.regions.SP:Espírito Santo do Pinhal,25.711538461538456,0.0,27.05859516798835,0.0,False
Brazil.regions.SP:Estiva Gerbi,115.363196125908,0.6210653753026635,124.41043856689222,0.7027534345327504,False
Brazil.regions.SP:Estrela d'Oeste,22.59433531292828,0.0,20.444858679698665,0.0,False
Brazil.regions.SP:Fartura,75.9992938850445,0.1609942098573648,72.26228979850346,2.719611960301684,False
Brazil.regions.SP:Fernando Prestes,2.8759455370650526,0.0,15.595666036120711,0.0,False
Brazil.regions.SP:Fernandópolis,75.85986066452304,0.36977491961414793,82.7287770283884,0.4184110161289807,False
Brazil.regions.SP:Fernão,1.0,0.0,56.01200043129979,0.0,False
Brazil.regions.SP:Flórida Paulista,3.224066390041494,0.0,3.422508742049339,0.0,False
Brazil.regions.SP:Garça,110.86924939467312,0.6210653753026635,119.5693148645125,0.7027534345327504,False
Brazil.regions.SP:Gastão Vidigal,1.5563689604685214,0.7320644216691069,56.6356436334397,15.225965508924851,False
Brazil.regions.SP:Gavião Peixoto,0.0,0.0,39.499314258976945,0.0,False
Brazil.regions.SP:General Salgado,2.0590015128593038,0.0,13.673800205376464,0.0,False
Brazil.regions.SP:Getulina,3.4647302904564317,0.0,3.713038627719825,0.0,False
Brazil.regions.SP:Guaimbê,1.6,0.0,30.61860342676811,0.0,False
Brazil.regions.SP:Guaiçara,2.390891840607211,0.0,11.468133787602717,0.0,False
Brazil.regions.SP:Guapiara,2.0590015128593038,0.0,6.986007161917848,0.0,False
Brazil.regions.SP:Guapiaçu,4.782042940793754,0.0,37.1084569385189,0.0,False
Brazil.regions.SP:Guaraci,2.6,0.0,4.864643896965865,0.0,False
Brazil.regions.SP:Guarani d'Oeste,2.25,0.0,46.322531003892465,0.0,False
Brazil.regions.SP:Guararapes,109.47336561743342,0.6210653753026635,112.39901606877926,0.7027534345327504,False
Brazil.regions.SP:Guararema,104.86198547215497,0.4043583535108959,93.96808468659118,2.096563418394799,False
Brazil.regions.SP:Guaraçaí,2.2747380675203726,0.0,22.94307190318564,0.0,False
Brazil.regions.SP:Guareí,1.8857979502196196,0.0,9.133038460875483,0.0,False
Brazil.regions.SP:Guariba,6.112657388999338,0.0,8.397096858073368,0.0,False
Brazil.regions.SP:Guará,9.4434250764526,1.0,7.449076990019839,4.71253534401508,False
Brazil.regions.SP:Guzolândia,46.28412108337759,0.1699415825809878,45.220661660763845,0.1922938157203175,False
Brazil.regions.SP:Gália,1.0,0.0,13.008780885624532,0.0,False
Brazil.regions.SP:Herculândia,1.6807866868381238,0.0,24.98118220755434,0.0,False
Brazil.regions.SP:Holambra,13.298091042584437,0.0,30.719034059222928,0.0,False
Brazil.regions.SP:Iacanga,2.7176317501626546,0.0,10.695365018337954,0.0,False
Brazil.regions.SP:Ibaté,0.5636792452830188,0.0,11.191309804450821,0.0,False
Brazil.regions.SP:Ibirarema,0.8603026775320141,0.0,43.25784331546202,0.0,False
Brazil.regions.SP:Ibirá,113.60411622276028,0.6210653753026635,112.24982811071935,0.7027534345327504,False
Brazil.regions.SP:Ibitinga,2.0554755043227666,1.4265129682997117,3.182593768068971,2.37621469575019,False
Brazil.regions.SP:Iepê,55.30240320427237,0.7830440587449935,55.489379476991196,12.010912048771315,False
Brazil.regions.SP:Igarapava,86.98874598070739,0.36977491961414793,93.9483622423799,0.4184110161289807,False
Brazil.regions.SP:Igaratá,100.95641646489105,0.6210653753026635,69.3526211310568,0.7027534345327504,False
Brazil.regions.SP:Igaraçu do Tietê,6.441676104190261,0.0,23.40220108566869,0.0,False
Brazil.regions.SP:Ilha Comprida,105.0859564164649,0.589588377723971,95.00823324646467,6.71339529437839,False
Brazil.regions.SP:Ilha Solteira,68.1138938580799,0.2996422182468694,66.02874325374876,0.33905383616238505,False
Brazil.regions.SP:Ilhabela,104.69975786924941,0.6210653753026635,100.86426798946852,0.7027534345327504,False
Brazil.regions.SP:Indiana,1.683111954459203,0.0,119.3714723402036,0.0,False
Brazil.regions.SP:Inúbia Paulista,3.390891840607211,0.0,20.087955737417147,0.0,False
Brazil.regions.SP:Iperó,2.005762179151388,0.0,7.851877629646486,0.0,False
Brazil.regions.SP:Ipeúna,1.0,0.0,10.98899622462211,0.0,False
Brazil.regions.SP:Ipiguá,2.3946869070208727,0.9013282732447818,32.05318374088803,16.716028806468504,False
Brazil.regions.SP:Ipuã,7.355783308931186,0.0,67.28698640966957,0.0,False
Brazil.regions.SP:Iracemápolis,115.363196125908,0.6210653753026635,127.6638658352235,0.7027534345327504,False
Brazil.regions.SP:Irapuru,2.7761873780091086,0.956408588158751,83.47166541942751,11.531330939941535,False
Brazil.regions.SP:Itaberá,2.6,0.0,1.622554208871999,0.0,False
Brazil.regions.SP:Itajobi,12.7498776309349,0.9569260890846795,42.02125452737723,6.269991410592841,False
Brazil.regions.SP:Itanhaém,104.50847457627118,0.9624697336561744,120.02504226652991,0.9382506871378928,False
Brazil.regions.SP:Itapira,102.96246973365619,2.0581113801452786,114.42630371140902,2.8803270296026224,False
Brazil.regions.SP:Itaporanga,1.0,0.0,4.338037938141309,0.0,False
Brazil.regions.SP:Itapura,2.620039037085231,0.0,34.69949298132648,0.0,False
Brazil.regions.SP:Itapuí,1.3122966818477555,0.21470396877033182,26.427185610129836,1.5344766207142069,False
Brazil.regions.SP:Itariri,16.807692307692307,0.01282051282051282,47.90242936430056,0.07352897924129859,False
Brazil.regions.SP:Itatinga,114.30024213075062,0.6210653753026635,121.86883638267517,0.7027534345327504,False
Brazil.regions.SP:Itaí,4.352540597171294,0.0,2.696543590121274,0.0,False
Brazil.regions.SP:Itaóca,1.0,0.0,27.785019079318438,0.0,False
Brazil.regions.SP:Itirapina,20.401553220648697,0.0,14.007761693297427,0.0,False
Brazil.regions.SP:Itirapuã,1.0,0.0,13.123924768951161,0.0,False
Brazil.regions.SP:Itobi,3.576447625243981,0.0,7.575092474596106,0.0,False
Brazil.regions.SP:Itupeva,112.46489104116225,0.3861985472154964,125.3039499448002,0.6541659602992269,False
Brazil.regions.SP:Ituverava,10.776330690826727,0.0,9.24663577394641,0.0,False
Brazil.regions.SP:Itápolis,0.5555555555555556,0.0,4.739111836707822,0.0,False
Brazil.regions.SP:Jaborandi,27.905667935109157,0.42459443220508714,43.60557042586285,6.9535793520104825,False
Brazil.regions.SP:Jaboticabal,103.20096852300243,3.135593220338983,115.19031795299055,4.159416809493041,False
Brazil.regions.SP:Jaci,87.80266343825666,0.2675544794188862,282.7497471870373,4.472129393346103,False
Brazil.regions.SP:Jacupiranga,2.1635220125786163,0.0,32.32292654001327,0.0,False
Brazil.regions.SP:Jaguariúna,114.33292978208233,0.6210653753026635,128.13668683263455,0.7027534345327504,False
Brazil.regions.SP:Jales,112.19491525423729,0.6210653753026635,123.19983797293841,0.7027534345327504,False
Brazil.regions.SP:Jambeiro,2.9388418998048147,0.31229668184775533,19.626308540622468,4.730334472095659,False
Brazil.regions.SP:Jardinópolis,107.22397094430994,0.7312348668280872,112.88341592435881,1.9133280191683368,False
Brazil.regions.SP:Jarinu,16.182731841023298,3.2087711283691176,12.038029189882229,10.680239410095586,False
Brazil.regions.SP:Joanópolis,114.1234866828087,0.6210653753026635,116.15984119281208,0.7027534345327504,False
Brazil.regions.SP:José Bonifácio,113.63438256658597,0.5254237288135594,124.42293044953392,0.44436724923191523,False
Brazil.regions.SP:Junqueirópolis,52.76989755713161,0.13711583924349885,35.02402475980915,1.6263598441299107,False
Brazil.regions.SP:Juquitiba,63.547704233750736,1.4621347644603457,56.98414078927108,5.263849683450944,False
Brazil.regions.SP:Juquiá,20.568296025582455,0.0,15.569496367506236,0.0,False
Brazil.regions.SP:Laranjal Paulista,110.85593220338984,1.5375302663438257,117.83944696318987,6.196223801644417,False
Brazil.regions.SP:Lavrinhas,21.614435815440835,1.0,22.883683819754317,13.774104683195587,False
Brazil.regions.SP:Lavínia,1.2199170124481329,0.0,22.033281285923998,0.0,False
Brazil.regions.SP:Lençóis Paulista,110.88861985472155,0.36077481840193715,123.66829808161116,0.54277244556694,False
Brazil.regions.SP:Lindóia,7.584097859327217,0.0,25.776947444920957,0.0,False
Brazil.regions.SP:Lins,85.25098638157057,3.5175003181876034,94.81949675981629,4.584047371267772,False
Brazil.regions.SP:Lorena,74.25964630225081,0.3215434083601286,84.08624671985598,0.36319274192480616,False
Brazil.regions.SP:Louveira,111.53026634382567,0.33898305084745767,121.79970356769569,0.4249747123712687,False
Brazil.regions.SP:Lucélia,16.32264957264957,2.985042735042735,46.80449195490666,13.726227686773969,False
Brazil.regions.SP:Luís Antônio,2.724659606656581,0.0,4.241771598111693,0.0,False
Brazil.regions.SP:Macatuba,113.4951573849879,0.4346246973365618,115.39786825340643,0.934236465065293,False
Brazil.regions.SP:Macaubal,1.0,0.0,10.052213092202104,0.0,False
Brazil.regions.SP:Macedônia,3.390891840607211,0.0,22.073223021472582,0.0,False
Brazil.regions.SP:Magda,0.75,0.0,76.47642648321275,0.0,False
Brazil.regions.SP:Mairinque,87.17411225658647,0.0980017818505791,86.37423564629238,0.49217044311888675,False
Brazil.regions.SP:Manduri,0.0,0.0,18.0497595440132,0.0,False
Brazil.regions.SP:Marapoama,2.6,0.0,28.918907626533308,0.0,False
Brazil.regions.SP:Martinópolis,19.988122430333483,0.46596619460941063,17.593289393101745,1.7609545920766816,False
Brazil.regions.SP:Matão,112.317191283293,0.6210653753026635,126.81009798997107,0.7027534345327504,False
Brazil.regions.SP:Mendonça,1.0277777777777777,0.0,43.88375342850286,0.0,False
Brazil.regions.SP:Meridiano,3.4647302904564317,0.0,21.016850237217877,0.0,False
Brazil.regions.SP:Miguelópolis,44.91219684899983,0.1699415825809878,43.59154140782092,0.1922938157203175,False
Brazil.regions.SP:Mineiros do Tietê,66.12850327966608,0.7003577817531307,57.48187514347221,7.408079724420198,False
Brazil.regions.SP:Miracatu,16.876068376068375,2.0384615384615383,41.3694210091444,10.306191104006968,False
Brazil.regions.SP:Mirandópolis,31.74526464861038,2.1986192246415297,33.79954769900749,7.819344687941289,False
Brazil.regions.SP:Mirassol,107.76150121065375,0.5254237288135594,118.30250939673152,0.5428817333942372,False
Brazil.regions.SP:Mococa,108.31234866828086,1.1004842615012107,120.01660816427857,1.6126841324381147,False
Brazil.regions.SP:Mogi Mirim,83.23472668810288,0.36977491961414793,94.50879555758512,0.4184110161289807,False
Brazil.regions.SP:Mongaguá,83.63993890798015,0.6933944253531882,86.02802015577045,1.3507865094396547,False
Brazil.regions.SP:Monte Alto,103.47336561743342,0.728813559322034,109.37355505184662,1.483326361152719,False
Brazil.regions.SP:Monte Aprazível,1.724743777452416,0.0,6.043788418569643,0.0,False
Brazil.regions.SP:Monte Azul Paulista,15.762604013705337,0.0,10.881668029645338,0.0,False
Brazil.regions.SP:Monte Mor,77.45230439442658,1.3531618435155413,82.22766748177689,2.4641038121011096,False
Brazil.regions.SP:Monteiro Lobato,1.75,0.0,18.379806318045063,0.0,False
Brazil.regions.SP:Monções,1.0,0.0,42.00431710090729,0.0,False
Brazil.regions.SP:Morungaba,78.90407288317256,0.36977491961414793,55.76479497092702,0.4184110161289807,False
Brazil.regions.SP:Murutinga do Sul,1.8333333333333333,0.0,27.9022605327972,0.0,False
Brazil.regions.SP:Nazaré Paulista,30.66892400300978,0.8559066967644845,29.761895200341726,5.12619629745779,False
Brazil.regions.SP:Neves Paulista,1.0670136629798308,0.0,34.1209896303329,0.0,False
Brazil.regions.SP:Nhandeara,99.91179839633448,0.5052819142166222,105.63935431735712,0.6103349155861619,False
Brazil.regions.SP:Nipoã,3.619324796274738,0.0,13.955912593729753,0.0,False
Brazil.regions.SP:Nova Aliança,1.5,0.0,28.58984779723822,0.0,False
Brazil.regions.SP:Nova Campina,3.390891840607211,0.0,5.282732144250515,0.0,False
Brazil.regions.SP:Nova Europa,1.3510436432637571,0.0,41.884669514107536,0.0,False
Brazil.regions.SP:Nova Granada,1.43006809848088,0.5866946045049763,21.78707482887948,2.728812113976634,False
Brazil.regions.SP:Nova Guataporanga,4.5806916426512965,0.0,126.37831264656315,0.0,False
Brazil.regions.SP:Nova Odessa,111.23365617433414,0.6719128329297821,123.14380969143382,1.1416557795053484,False
Brazil.regions.SP:Novo Horizonte,4.81039755351682,0.0,13.510726091643779,0.0,False
Brazil.regions.SP:Nuporanga,1.6666666666666667,0.0,17.626800828076167,0.0,False
Brazil.regions.SP:Olímpia,106.78571428571429,0.4794188861985473,114.84270044840676,0.5080174008977221,False
Brazil.regions.SP:Onda Verde,1.0,0.0,20.562781005819236,0.0,False
Brazil.regions.SP:Oriente,1.0,0.0,13.086136323547729,0.0,False
Brazil.regions.SP:Orlândia,112.54721549636804,0.3910411622276029,123.97757569038146,0.48662946420727266,False
Brazil.regions.SP:Osvaldo Cruz,4.074935400516796,0.0,2.739878662201377,0.0,False
Brazil.regions.SP:Ouroeste,2.25,0.0,5.974109036900856,0.0,False
Brazil.regions.SP:Pacaembu,3.0497925311203318,1.0,28.17929095305405,7.043741635556808,False
Brazil.regions.SP:Palestina,1.0,0.0,5.45477807504988,0.0,False
Brazil.regions.SP:Palmares Paulista,1.0,0.0,5.269898841740572,0.0,False
Brazil.regions.SP:Palmeira d'Oeste,2.6666666666666665,0.0,48.00804704331107,0.0,False
Brazil.regions.SP:Palmital,26.52136752136752,0.0,26.870431157236496,0.0,False
Brazil.regions.SP:Panorama,1.25,1.0,8.999212248742557,6.338340622425048,False
Brazil.regions.SP:Paraibuna,7.066931742876078,0.0,3.145371545552408,0.0,False
Brazil.regions.SP:Paranapanema,6.2438701126573894,0.0,7.921989793850745,0.0,False
Brazil.regions.SP:Parapuã,1.0,0.0,6.857701003377594,0.0,False
Brazil.regions.SP:Pardinho,0.0,0.0,28.816973236272595,0.0,False
Brazil.regions.SP:Pariquera-Açu,86.50242130750607,0.5242130750605327,47.88982189093108,3.179126982847032,False
Brazil.regions.SP:Parisi,4.992248062015504,0.0,39.49447075485456,0.0,False
Brazil.regions.SP:Patrocínio Paulista,1.6310995445673389,0.0,14.898972849071487,0.0,False
Brazil.regions.SP:Paulistânia,70.66905187835421,0.31007751937984496,71.1069790321299,0.9083555891888745,False
Brazil.regions.SP:Paulínia,103.07627118644069,0.36077481840193715,119.48588612750947,0.46488006406491295,False
Brazil.regions.SP:Pederneiras,82.28349410503752,0.7784030010718113,86.08401673709315,2.0408986861135263,False
Brazil.regions.SP:Pedra Bela,114.32687651331719,0.6380145278450363,104.8731909402207,0.9809276105112975,False
Brazil.regions.SP:Pedreira,0.5635673624288425,0.0,3.227124756396135,0.0,False
Brazil.regions.SP:Pedrinhas Paulista,2.9874213836477987,1.0,103.78222150889562,32.331070158422236,False
Brazil.regions.SP:Pedro de Toledo,16.69848262359276,0.0,18.381853278554132,0.0,False
Brazil.regions.SP:Penápolis,114.53026634382569,0.6525423728813561,128.77758458673173,1.1796389991630303,False
Brazil.regions.SP:Pereira Barreto,0.3623942745608328,0.9759271307742357,13.874545437090259,3.8019678630808977,False
Brazil.regions.SP:Peruíbe,93.77360774818403,1.434624697336562,100.00255160953677,2.3077469354502984,False
Brazil.regions.SP:Piedade,38.71315996847912,1.1914893617021278,38.93690473681552,2.3283128361388377,False
Brazil.regions.SP:Pilar do Sul,92.96130838742522,0.5001909125620465,91.03700614221103,0.5659804840251274,False
Brazil.regions.SP:Pindorama,111.19612590799031,0.6210653753026635,107.71875341723853,0.7027534345327504,False
Brazil.regions.SP:Pinhalzinho,18.530592266275086,0.0,16.695927468617807,0.0,False
Brazil.regions.SP:Piquerobi,7.314984709480123,0.0,72.91861705923426,0.0,False
Brazil.regions.SP:Piquete,0.6,0.0,7.988095410982671,0.0,False
Brazil.regions.SP:Piracaia,75.66883208586358,0.5931365626323966,74.65795679023948,3.023143189676639,False
Brazil.regions.SP:Piraju,37.63050734312417,1.2867156208277704,46.063985824666005,4.799370058783379,False
Brazil.regions.SP:Pirajuí,115.12590799031477,0.6210653753026635,126.92319491537755,0.7027534345327504,False
Brazil.regions.SP:Pirangi,1.3888888888888888,0.0,22.35583416779035,0.0,False
Brazil.regions.SP:Pirapora do Bom Jesus,15.489476260401373,0.0,128.37274814050394,0.0,False
Brazil.regions.SP:Pirapozinho,2.3207547169811322,0.0,4.715536612843072,0.0,False
Brazil.regions.SP:Pirassununga,20.67735042735043,0.452991452991453,28.66226304373805,0.5928509115306482,False
Brazil.regions.SP:Piratininga,78.09030010718112,0.0,47.23331686178868,2.2933440411762986,False
Brazil.regions.SP:Pitangueiras,26.52136752136752,1.0,28.649652355876274,2.517686749414637,False
Brazil.regions.SP:Planalto,2.2222222222222223,0.0,94.4491089853492,0.0,False
Brazil.regions.SP:Poloni,3.300109529025192,0.832420591456736,11.638675359679107,13.738580482864105,False
Brazil.regions.SP:Pontal,95.61613847524501,0.7127402316405753,104.43505601688696,1.6630714003214604,False
Brazil.regions.SP:Pontalinda,0.0,0.0,40.95215391077911,0.0,False
Brazil.regions.SP:Pontes Gestal,1.0,0.0,36.54175395290429,0.0,False
Brazil.regions.SP:Populina,61.455476753349096,0.2600472813238771,62.52403522993401,0.29425101987403496,False
Brazil.regions.SP:Porangaba,3.196193265007321,0.0,8.273878055699926,0.0,False
Brazil.regions.SP:Porto Feliz,110.80387409200969,0.6210653753026635,121.19839449070068,0.7027534345327504,False
Brazil.regions.SP:Porto Ferreira,112.91041162227603,0.7615012106537532,125.6040177596239,1.3868533867132689,False
Brazil.regions.SP:Potim,2.6,0.0,1.6907869652467227,0.0,False
Brazil.regions.SP:Potirendaba,0.5818181818181817,0.0,14.489500074983056,0.0,False
Brazil.regions.SP:Pracinha,3.3944875107665804,0.0,56.68797209452992,0.0,False
Brazil.regions.SP:Pradópolis,12.129671574178936,0.7361268403171009,10.518414668004985,3.4244828820110764,False
Brazil.regions.SP:Pratânia,86.14817792068595,0.36977491961414793,71.02320046074922,0.4184110161289807,False
Brazil.regions.SP:Presidente Alves,16.98874204601077,0.0,41.57577242485301,0.0,False
Brazil.regions.SP:Presidente Bernardes,0.6546489563567361,0.0,25.276862492975013,0.0,False
Brazil.regions.SP:Presidente Venceslau,102.47941888619854,4.669491525423729,101.88363509146403,12.685638357972547,False
Brazil.regions.SP:Promissão,113.11138014527846,0.6210653753026635,123.6393867323531,0.7027534345327504,False
Brazil.regions.SP:Quadra,0.5,0.0,37.16911881239293,0.0,False
Brazil.regions.SP:Quatá,30.110985703536493,1.465387509405568,33.50564457761582,11.092053490476513,False
Brazil.regions.SP:Quintana,44.159851301115246,0.1699415825809878,37.96055568824438,0.1922938157203175,False
Brazil.regions.SP:Regente Feijó,5.431192660550458,0.0,13.530900654346437,0.0,False
Brazil.regions.SP:Reginópolis,2.815224463240078,0.0,13.127647315796132,0.0,False
Brazil.regions.SP:Registro,39.144305307096005,3.3688133571854504,33.88649235800692,6.174307861633006,False
Brazil.regions.SP:Ribeirão Branco,5.198776758409786,0.0,53.47731335884659,0.0,False
Brazil.regions.SP:Ribeirão Grande,2.3272727272727276,0.0,15.542976101496771,0.0,False
Brazil.regions.SP:Ribeirão dos Índios,2.8545454545454545,0.0,40.58229056220275,0.0,False
Brazil.regions.SP:Rincão,98.75995927198676,0.6211022018582156,94.73690882550095,7.9787370814144145,False
Brazil.regions.SP:Rinópolis,87.22722400857448,0.36977491961414793,85.97055899733559,0.4184110161289807,False
Brazil.regions.SP:Rio Grande da Serra,96.59200968523002,0.44794188861985473,99.10416681471783,1.3996877878299099,False
Brazil.regions.SP:Rio das Pedras,7.179589131875415,0.0,4.848072739265246,0.0,False
Brazil.regions.SP:Riolândia,1.0,0.0,5.72543872118799,0.0,False
Brazil.regions.SP:Rosana,2.0,0.0,21.77107061865815,0.0,False
Brazil.regions.SP:Roseira,2.4,0.0,7.128885724401267,0.0,False
Brazil.regions.SP:Rubiácea,2.8545454545454545,0.0,27.60777980039925,0.0,False
Brazil.regions.SP:Sagres,1.75,0.0,38.00671651746365,0.0,False
Brazil.regions.SP:Sales,1.0,0.0,13.532235158926714,0.0,False
Brazil.regions.SP:Sales Oliveira,1.8,0.0,29.69657209736851,0.0,False
Brazil.regions.SP:Salesópolis,21.18162393162393,1.452991452991453,17.251956809682657,8.477690956248631,False
Brazil.regions.SP:Saltinho,7.5142478462558,0.0,10.456588961236012,0.0,False
Brazil.regions.SP:Salto Grande,6.709654178674352,0.0,5.0083004836052085,0.0,False
Brazil.regions.SP:Salto de Pirapora,109.70581113801454,0.6210653753026635,117.71536559710874,0.7027534345327504,False
Brazil.regions.SP:Santa Adélia,1.0,0.0,4.19689047665495,0.0,False
Brazil.regions.SP:Santa Branca,114.17191283292978,0.7469733656174335,120.83281271273579,5.961245449452106,False
Brazil.regions.SP:Santa Clara d'Oeste,1.75,0.0,44.16961934190064,0.0,False
Brazil.regions.SP:Santa Cruz da Conceição,16.866372980910427,0.0,39.56618383519212,0.0,False
Brazil.regions.SP:Santa Cruz da Esperança,2.525622254758419,0.0,88.38076380787538,0.0,False
Brazil.regions.SP:Santa Cruz das Palmeiras,2.781140861466822,0.0,1.9457733832547988,0.0,False
Brazil.regions.SP:Santa Fé do Sul,5.975651189127973,0.0,8.72513146983842,0.0,False
Brazil.regions.SP:Santa Gertrudes,79.97754554441464,0.33611071882502475,86.80169562927833,0.38031899930413776,False
Brazil.regions.SP:Santa Isabel,105.00605326876514,2.6319612590799033,111.87753167102049,4.965922957588266,False
Brazil.regions.SP:Santa Lúcia,112.38014527845036,0.6210653753026635,110.76088572373529,0.7027534345327504,False
Brazil.regions.SP:Santa Maria da Serra,2.9164265129683002,0.0,80.71245060179184,0.0,False
Brazil.regions.SP:Santa Rita do Passa Quatro,24.10470085470085,1.0,19.91726640551012,3.6288420365061507,False
Brazil.regions.SP:Santa Salete,0.0,0.0,127.18678034394377,0.0,False
Brazil.regions.SP:Santo Anastácio,2.1450878334417696,0.988939492517892,6.467176074892017,4.736753963587949,False
Brazil.regions.SP:Santo Antônio da Alegria,72.01371496720334,0.7003577817531307,73.74319733734897,14.093043147529343,False
Brazil.regions.SP:Santo Antônio de Posse,4.938837920489298,0.0,33.753617131311934,0.0,False
Brazil.regions.SP:Santo Antônio do Aracanguá,15.818893783651495,0.0,28.425558947244646,0.0,False
Brazil.regions.SP:Santo Antônio do Jardim,1.2904564315352698,0.44813278008298757,89.79691844658632,7.526583474689076,False
Brazil.regions.SP:Santo Antônio do Pinhal,14.795888399412629,0.8590308370044053,47.41611641216014,12.612404008286672,False
Brazil.regions.SP:Santo Expedito,1.9682299546142206,0.0,62.096801470268716,0.0,False
Brazil.regions.SP:Santópolis do Aguapeí,1.0,0.0,18.67058251630013,0.0,False
Brazil.regions.SP:Sarapuí,6.7090788601723,0.0,13.468438225406802,0.0,False
Brazil.regions.SP:Sarutaiá,3.576447625243981,0.0,22.309247718816046,0.0,False
Brazil.regions.SP:Serra Azul,3.224066390041494,0.0,3.4097929758325876,0.0,False
Brazil.regions.SP:Serra Negra,20.451804476930104,0.0,18.35852873140152,0.0,False
Brazil.regions.SP:Serrana,49.338849487785666,2.665878644602049,47.81215389429625,6.192382819498848,False
Brazil.regions.SP:Sete Barras,2.6298020954598367,0.0,10.277485530734424,0.0,False
Brazil.regions.SP:Severínia,1.4363636363636363,0.0,25.87914872631018,0.0,False
Brazil.regions.SP:Silveiras,2.6,0.0,11.79447430078407,0.0,False
Brazil.regions.SP:Socorro,14.28928046989721,0.06852667645619188,14.561310439428828,0.16711785503278107,False
Brazil.regions.SP:Sud Mennucci,2.5145518044237485,0.0,22.04406426818249,0.0,False
Brazil.regions.SP:São Bento do Sapucaí,2.25,0.0,5.51539733961594,0.0,False
Brazil.regions.SP:São Joaquim da Barra,75.31662194605282,0.33611071882502475,80.8237018700133,0.38031899930413776,False
Brazil.regions.SP:São José do Rio Pardo,113.52663438256658,0.6210653753026635,126.5058682800918,0.7027534345327504,False
Brazil.regions.SP:São João da Boa Vista,97.93462469733656,0.28571428571428575,111.36980798666228,0.32563580111199136,False
Brazil.regions.SP:São João das Duas Pontes,1.8727272727272728,1.0,72.81207554847202,38.940809968847354,False
Brazil.regions.SP:São João do Pau d'Alho,2.6,0.0,43.43243412351501,0.0,False
Brazil.regions.SP:São Lourenço da Serra,27.35402558314522,1.098946576373213,48.77806931272614,7.559151835064605,False
Brazil.regions.SP:São Luiz do Paraitinga,3.525622254758419,1.0,4.23629043744673,9.357162908206234,False
Brazil.regions.SP:São Manuel,106.73365617433416,0.7360774818401937,109.23294558381909,1.8591908413159979,False
Brazil.regions.SP:São Miguel Arcanjo,107.33898305084747,0.6210653753026635,107.13439089233076,0.7027534345327504,False
Brazil.regions.SP:São Pedro,104.75060532687651,0.6210653753026635,99.13259294557044,0.7027534345327504,False
Brazil.regions.SP:São Pedro do Turvo,2.645133505598622,0.0,39.46561468493794,0.0,False
Brazil.regions.SP:São Roque,97.51452784503634,0.7312348668280872,110.80751248393119,0.8068704728548542,False
Brazil.regions.SP:São Sebastião,95.96368038740921,1.2046004842615012,108.74236575796378,1.3534252562770341,False
Brazil.regions.SP:São Sebastião da Grama,23.576923076923077,0.7991452991452991,17.52967968064991,6.560050066863397,False
Brazil.regions.SP:São Simão,1.0,0.0,4.263505268106806,0.0,False
Brazil.regions.SP:Tabapuã,3.0423600605143717,0.0,3.4859188270206385,0.0,False
Brazil.regions.SP:Tabatinga,2.7241379310344827,0.0,6.050458654810787,0.0,False
Brazil.regions.SP:Taguaí,2.867219917012448,0.0,6.474909083667762,0.0,False
Brazil.regions.SP:Taiaçu,77.19813585651745,0.33611071882502475,53.41415310424404,0.38031899930413776,False
Brazil.regions.SP:Taiúva,1.0,0.0,15.70316565606185,0.0,False
Brazil.regions.SP:Tambaú,3.690909090909091,0.0,28.15217114092461,0.0,False
Brazil.regions.SP:Tanabi,114.24213075060533,0.6210653753026635,124.76008202958936,0.7027534345327504,False
Brazil.regions.SP:Tapiratiba,3.173064411190631,0.0,5.650191335081277,0.0,False
Brazil.regions.SP:Tapiraí,1.3806734992679357,0.0,69.8578276146277,0.0,False
Brazil.regions.SP:Taquaritinga,54.16088117489987,0.21695594125500672,59.84387394185399,0.24549192230357417,False
Brazil.regions.SP:Taquarituba,61.93301812450749,0.2600472813238771,60.56457699265584,0.29425101987403496,False
Brazil.regions.SP:Taquarivaí,2.5601659751037342,0.0,27.493556834914788,0.0,False
Brazil.regions.SP:Tarabai,62.29787234042554,0.2600472813238771,58.78794947408377,0.29425101987403496,False
Brazil.regions.SP:Tarumã,5.422169811320755,0.0,2.5655670008401303,0.0,False
Brazil.regions.SP:Tejupá,0.4000000000000001,0.0,33.04144348016032,0.0,False
Brazil.regions.SP:Terra Roxa,114.79539951573851,0.6210653753026635,117.35582442461748,0.7027534345327504,False
Brazil.regions.SP:Tietê,1.1808176100628929,0.0,7.052972825282229,0.0,False
Brazil.regions.SP:Timburi,6.626801152737753,0.0,32.015694814123975,0.0,False
Brazil.regions.SP:Torre de Pedra,1.958360442420299,0.0,103.36586187992089,0.0,False
Brazil.regions.SP:Torrinha,5.125569290826285,0.0,91.74486306735874,0.0,False
Brazil.regions.SP:Trabiju,1.0,0.0,55.74158252747121,0.0,False
Brazil.regions.SP:Tremembé,0.8363636363636363,0.0,4.352165856558654,0.0,False
Brazil.regions.SP:Três Fronteiras,1.0,0.0,49.39872965408894,0.0,False
Brazil.regions.SP:Tuiuti,17.218795888399416,0.0,19.458957895775523,0.0,False
Brazil.regions.SP:Tupi Paulista,13.110091743119268,0.0,139.44019945251512,0.0,False
Brazil.regions.SP:Tupã,112.85956416464893,0.5472154963680387,126.32122467108606,0.8537701258527937,False
Brazil.regions.SP:Ubatuba,92.01694915254237,0.2675544794188862,104.76951144154806,0.3134199662304813,False
Brazil.regions.SP:Ubirajara,1.5892116182572613,0.0,65.52217046014421,0.0,False
Brazil.regions.SP:Uchoa,1.1920838183934808,0.9778812572759021,48.13259530910967,9.672415996794285,False
Brazil.regions.SP:União Paulista,3.415812591508053,0.0,55.064033345420874,0.0,False
Brazil.regions.SP:Uru,1.858815875081327,0.8588158750813273,244.84884258754954,73.71810086534998,False
Brazil.regions.SP:Urupês,1.5333333333333332,0.0,17.329606573939163,0.0,False
Brazil.regions.SP:Valentim Gentil,0.7142857142857142,0.0,18.59666363875631,0.0,False
Brazil.regions.SP:Valparaíso,0.5635673624288425,0.0,12.49490375751328,0.0,False
Brazil.regions.SP:Vargem,7.70311464546057,0.0,4.318672422584203,0.0,False
Brazil.regions.SP:Vargem Grande Paulista,109.17433414043583,1.8135593220338986,118.24265078746713,3.9260746304454073,False
Brazil.regions.SP:Vargem Grande do Sul,2.0534591194968552,0.0,4.110623895020884,0.0,False
Brazil.regions.SP:Vinhedo,95.03389830508475,0.7639225181598065,105.0691560127167,0.9768786577418321,False
Brazil.regions.SP:Viradouro,3.340248962655602,1.0,1.4086793688385777,5.291565244999471,False
Brazil.regions.SP:Vista Alegre do Alto,39.01354401805869,0.11851015801354402,36.37184599249249,0.1340976713288042,False
Brazil.regions.SP:Votuporanga,102.76150121065376,0.6210653753026635,117.22313734064508,0.7027534345327504,False
Brazil.regions.SP:Zacarias,1.0,0.0,34.52870080230479,0.0,False
Brazil.regions.SP:Águas da Prata,8.160371106693175,0.0,6.7281809247835325,0.0,False
Brazil.regions.SP:Águas de Lindóia,113.45036319612592,0.728813559322034,116.29739794735708,4.468657143752633,False
Brazil.regions.SP:Águas de Santa Bárbara,3.4647302904564317,0.0,11.408933897752473,0.0,False
Brazil.regions.SP:Águas de São Pedro,114.96125907990314,0.6210653753026635,104.9422764489687,0.7027534345327504,False
Brazil.regions.SP:Álvares Machado,6.366972477064221,0.0,6.949211749445768,0.0,False
Brazil.regions.SP:Álvaro de Carvalho,3.4647302904564317,0.12448132780082988,14.079461492285766,2.3815061756424316,False
Brazil.regions.TO:Aguiarnópolis,1.900473933649289,0.990521327014218,67.67436172711082,14.711441066600598,False
Brazil.regions.TO:Alvorada,0.9834024896265561,0.0,39.29289845323089,0.0,False
Brazil.regions.TO:Angico,1.0,0.0,26.86598381077108,0.0,False
Brazil.regions.TO:Aragominas,1.2222222222222223,0.0,46.011852141633184,0.0,False
Brazil.regions.TO:Augustinópolis,2.9174311926605507,1.8134556574923546,38.293215003640306,9.849313803456196,False
Brazil.regions.TO:Aurora do Tocantins,2.537001897533207,0.0,44.37653345629147,0.0,False
Brazil.regions.TO:Axixá do Tocantins,12.051873198847263,1.0446685878962536,185.66639563505157,10.707960105537655,False
Brazil.regions.TO:Barrolândia,1.0715679895901105,0.31229668184775533,70.68470270884931,5.545040515762703,False
Brazil.regions.TO:Buriti do Tocantins,1.3836317135549872,0.0,19.963623238052698,0.0,False
Brazil.regions.TO:Cachoeirinha,1.2,0.0,138.39628281558217,0.0,False
Brazil.regions.TO:Cariri do Tocantins,93.49636803874093,0.5254237288135594,390.16709774796215,2.236028312414787,False
Brazil.regions.TO:Colinas do Tocantins,14.312106918238992,0.08647798742138364,50.77660459919543,0.2441225932175464,False
Brazil.regions.TO:Colméia,1.0,0.0,9.924632588904522,0.0,False
Brazil.regions.TO:Crixás do Tocantins,1.0,0.0,55.808951447763,0.0,False
Brazil.regions.TO:Esperantina,0.3888888888888889,0.0,22.342093673145925,0.0,False
Brazil.regions.TO:Fátima,2.2296681847755364,0.0,56.01534441380801,0.0,False
Brazil.regions.TO:Ipueiras,0.0,0.0,96.99252528279239,0.0,False
Brazil.regions.TO:Itaguatins,10.977777777777778,0.0,244.52434338767708,0.0,False
Brazil.regions.TO:Lajeado,1.0,0.0,29.6450468148248,0.0,False
Brazil.regions.TO:Maurilândia do Tocantins,5.1037344398340245,0.0,274.23771711452144,0.0,False
Brazil.regions.TO:Miranorte,2.110529072812991,0.9795704557359873,47.625365452168495,7.291725887568761,False
Brazil.regions.TO:Nazaré,1.0,0.0,23.391123787847466,0.0,False
Brazil.regions.TO:Nova Rosalândia,3.423133235724744,0.0,20.759151450218784,0.0,False
Brazil.regions.TO:Oliveira de Fátima,1.0555555555555556,0.0,378.51677560820895,0.0,False
Brazil.regions.TO:Palmeiras do Tocantins,2.281717631750163,0.0,32.609843994505056,0.0,False
Brazil.regions.TO:Pequizeiro,1.0,0.0,15.995112687554277,0.0,False
Brazil.regions.TO:Praia Norte,8.036308623298032,0.0,138.6739209404108,0.0,False
Brazil.regions.TO:Presidente Kennedy,1.3055555555555556,0.0,65.69157431430384,0.0,False
Brazil.regions.TO:Pugmil,0.31688804554079697,0.0,169.1839011087196,0.0,False
Brazil.regions.TO:Riachinho,0.6,0.0,53.71110792588629,0.0,False
Brazil.regions.TO:Sampaio,2.1350407450523865,0.0,69.00552746022515,0.0,False
Brazil.regions.TO:Silvanópolis,3.300109529025192,0.0,13.642537865752933,0.0,False
Brazil.regions.TO:São Bento do Tocantins,1.1752464403066811,0.0,66.99472337506285,0.0,False
Brazil.regions.TO:São Miguel do Tocantins,15.025993883792049,1.651376146788991,197.87180374099563,13.603889503163282,False
Brazil.regions.TO:São Sebastião do Tocantins,1.0,0.0,60.17190573584608,0.0,False
Brazil.regions.TO:Sítio Novo do Tocantins,10.259936043855642,0.9113750571037003,191.01105428561814,10.09386484775391,False
Brazil.regions.TO:Tabocão,4.146788990825688,0.0,256.4314803828767,0.0,False
Brazil.regions.TO:Tocantinópolis,74.08007343595538,0.22595678576472253,60.100307934389065,2.0773438978963314,False
Brazil.regions.TO:Xambioá,13.592552026286967,0.2738225629791895,150.1833619719953,2.3728125041524217,False
British_Virgin_Islands,111.66585956416463,0.391041162227603,117.79854507342532,1.417135533087223,False
Cayman_Islands,83.2409200968523,0.7566585956416465,86.91735355545941,1.1992219333115595,False
Dominica,105.63438256658596,0.6210653753026635,117.73168321026989,0.7027534345327504,False
Gibraltar,86.75302663438258,0.6210653753026635,220.87760145695745,0.7027534345327504,False
Isle_of_Man,127.33171912832931,6.898305084745763,154.04367470372875,8.240679918284817,False
Liechtenstein,77.93946731234867,0.2288135593220339,81.02127166337218,0.561627545705426,False
Monaco,80.24213075060533,0.42978208232445525,51.56201433079483,0.8119083112112273,False
Northern_Mariana_Islands,106.26997578692495,1.5096852300242132,116.4165176682047,2.7068793356734107,False
Saint_Kitts_and_Nevis,105.50363196125907,0.6210653753026635,114.14518382535076,0.7027534345327504,False
San_Marino,78.87409200968524,18.512106537530265,388.38423954199624,55.92939667004896,False
Seychelles,107.8268765133172,0.6210653753026635,122.56972160900887,0.7027534345327504,False
Sint_Maarten,101.36561743341404,1.539951573849879,95.52701844301174,4.50627358458826,False
Turks_and_Caicos_islands,107.03389830508475,0.6598062953995157,110.70614231177844,2.1940846053643366,False
United_States_of_America.regions.Colorado:Broomfield,66.68765133171912,2.1997578692493946,70.270769714843,3.3004016702030166,False
United_States_of_America.regions.Colorado:Clear Creek,108.41646489104117,0.572639225181598,80.81223929289494,0.8732185589511525,False
United_States_of_America.regions.Colorado:Gilpin,114.65254237288136,0.6210653753026635,109.81086372264046,0.7027534345327504,False
United_States_of_America.regions.Colorado:Lake,102.08474576271188,0.6210653753026635,74.99041189041479,0.7027534345327504,False
United_States_of_America.regions.Colorado:San Juan,3.3747560182173064,0.0,159.889145590301,0.0,False
United_States_of_America.regions.Florida:Bradford,89.26513317191284,0.851089588377724,78.2571345072953,3.839183626926699,False
United_States_of_America.regions.Florida:Gilchrist,111.06174334140438,0.6210653753026635,111.60206052715027,0.7027534345327504,False
United_States_of_America.regions.Florida:Holmes,108.8002421307506,0.6210653753026635,101.87671881336105,0.7027534345327504,False
United_States_of_America.regions.Florida:Union,112.5811138014528,0.6210653753026635,110.93121190095043,0.7027534345327504,False
United_States_of_America.regions.Georgia:Atkinson,103.84140435835351,0.37046004842615016,61.394662203829675,9.098129979436697,False
United_States_of_America.regions.Georgia:Bacon,99.91646489104117,0.5472154963680387,87.33170263381633,6.335174599454043,False
United_States_of_America.regions.Georgia:Baker,101.75181598062956,1.4358353510895885,407.7062188658992,60.70664200371754,False
United_States_of_America.regions.Georgia:Baldwin,39.69733656174334,2.4987893462469737,99.3049315388571,6.247245945172389,False
United_States_of_America.regions.Georgia:Banks,98.18280871670703,0.6210653753026635,68.35004939474082,0.7027534345327504,False
United_States_of_America.regions.Georgia:Barrow,65.96246973365618,2.361985472154964,73.29527597451363,2.8809212981169696,False
United_States_of_America.regions.Georgia:Ben Hill,100.6404358353511,0.6210653753026635,67.56156334018988,0.7027534345327504,False
United_States_of_America.regions.Georgia:Berrien,103.63559322033898,0.6210653753026635,88.61987300576747,0.7027534345327504,False
United_States_of_America.regions.Georgia:Bleckley,104.63075060532688,0.6210653753026635,55.73540871277666,0.7027534345327504,False
United_States_of_America.regions.Georgia:Brantley,100.69854721549639,1.4782082324455206,95.29282137983165,9.282019786305472,False
United_States_of_America.regions.Georgia:Bryan,90.3220338983051,1.2590799031476998,81.3302837916385,4.041853218633936,False
United_States_of_America.regions.Georgia:Butts,53.65617433414044,0.8995157384987894,150.40002006993151,5.395181734706313,False
United_States_of_America.regions.Georgia:Calhoun,72.43462469733657,2.0774818401937045,1010.931393249303,42.89956059837027,False
United_States_of_America.regions.Georgia:Candler,110.29176755447943,0.6210653753026635,101.07146268352169,0.7027534345327504,False
United_States_of_America.regions.Georgia:Catoosa,89.95278450363197,0.6210653753026635,93.80659386465346,0.7027534345327504,False
United_States_of_America.regions.Georgia:Chattahoochee,108.46368038740918,0.6210653753026635,81.71818953972965,0.7027534345327504,False
United_States_of_America.regions.Georgia:Chattooga,107.22033898305085,0.513317191283293,100.23502218989879,3.1017537001146667,False
United_States_of_America.regions.Georgia:Clay,101.39104116222761,1.5581113801452784,598.6967880740573,76.19127463349626,False
United_States_of_America.regions.Georgia:Cook,99.11743341404359,0.5690072639225182,66.18480669506465,3.9730198907061913,False
United_States_of_America.regions.Georgia:Crawford,103.73728813559323,0.6210653753026635,94.13087985492264,0.7027534345327504,False
United_States_of_America.regions.Georgia:Crisp,63.39346246973366,1.0193704600484264,370.41314541980955,6.629786505352329,False
United_States_of_America.regions.Georgia:Dade,104.50000000000001,0.7421307506053268,88.29351913032615,5.382066247470066,False
United_States_of_America.regions.Georgia:Dawson,86.85472154963679,0.7808716707021792,68.23447219611191,3.2016837496576365,False
United_States_of_America.regions.Georgia:Dooly,69.27360774818402,6.476997578692495,598.5032672892863,52.30742546012863,False
United_States_of_America.regions.Georgia:Dougherty,866.7130750605328,62.6404358353511,986.0226499753736,71.22127813881502,False
United_States_of_America.regions.Georgia:Early,63.01937046004843,7.167070217917676,1147.4188523399278,75.72644767655989,False
United_States_of_America.regions.Georgia:Echols,110.2457627118644,0.6210653753026635,70.46411603707574,0.7027534345327504,False
United_States_of_America.regions.Georgia:Elbert,93.63438256658597,0.6210653753026635,57.06055287942351,0.7027534345327504,False
United_States_of_America.regions.Georgia:Evans,111.92372881355932,0.6210653753026635,111.57439604417456,0.7027534345327504,False
United_States_of_America.regions.Georgia:Fannin,99.8995157384988,0.4600484261501211,84.17263817464294,0.8911746849595931,False
United_States_of_America.regions.Georgia:Franklin,103.72760290556901,0.3910411622276029,87.87698139643153,0.7344667720761722,False
United_States_of_America.regions.Georgia:Gilmer,72.4225181598063,0.6210653753026635,41.328711545803195,0.7027534345327504,False
United_States_of_America.regions.Georgia:Glascock,3.525622254758419,0.0,28.53782830339062,0.0,False
United_States_of_America.regions.Georgia:Grady,79.17796610169492,1.9188861985472156,88.22889121309194,9.608420900099164,False
United_States_of_America.regions.Georgia:Greene,86.61016949152543,0.665859564164649,108.79551186870601,5.276517720723221,False
United_States_of_America.regions.Georgia:Habersham,53.266343825665864,3.523002421307506,230.13796218117167,8.439648164060106,False
United_States_of_America.regions.Georgia:Hancock,49.698547215496376,1.4104116222760292,795.4688463423633,23.318495206577484,False
United_States_of_America.regions.Georgia:Haralson,98.85351089588379,0.5472154963680387,91.8926430722628,1.9418448183440526,False
United_States_of_America.regions.Georgia:Harris,82.99757869249395,0.976997578692494,64.42392406075076,3.289696505917213,False
United_States_of_America.regions.Georgia:Hart,109.29903147699758,0.6210653753026635,108.87654475039209,0.7027534345327504,False
United_States_of_America.regions.Georgia:Heard,110.76392251815982,0.7179176755447942,91.24947530410492,7.318855765257917,False
United_States_of_America.regions.Georgia:Irwin,104.8547215496368,0.22760290556900728,96.72710651963347,4.247349527608863,False
United_States_of_America.regions.Georgia:Jackson,71.60048426150121,0.6222760290556901,73.72901254937331,0.8639750230246467,False
United_States_of_America.regions.Georgia:Jasper,101.97820823244554,0.6210653753026635,71.50165595063662,0.7027534345327504,False
United_States_of_America.regions.Georgia:Jeff Davis,99.94552058111381,0.6271186440677966,76.3355770405337,5.02412339916916,False
United_States_of_America.regions.Georgia:Jenkins,104.50605326876514,0.6743341404358354,92.49509770640155,9.81860352468904,False
United_States_of_America.regions.Georgia:Johnson,86.58958837772398,1.0641646489104117,293.272024285504,14.78979796269702,False
United_States_of_America.regions.Georgia:Jones,98.41525423728814,0.6210653753026635,84.45870161452014,0.7027534345327504,False
United_States_of_America.regions.Georgia:Lamar,96.98184019370461,0.5242130750605327,67.6726098272953,0.8816713600999987,False
United_States_of_America.regions.Georgia:Lanier,108.57142857142858,0.5944309927360775,94.56216366192122,9.123717591664436,False
United_States_of_America.regions.Georgia:Lee,66.72033898305085,9.601694915254239,414.0825385805255,33.382203522512135,False
United_States_of_America.regions.Georgia:Lincoln,108.32566585956418,0.6210653753026635,88.79789288433551,0.7027534345327504,False
United_States_of_America.regions.Georgia:Long,113.73244552058111,0.6210653753026635,118.4064084692001,0.7027534345327504,False
United_States_of_America.regions.Georgia:Lumpkin,97.72397094430994,0.4309927360774819,83.13316209964552,0.5544313439978154,False
United_States_of_America.regions.Georgia:Macon,76.21428571428572,0.7723970944309928,245.6849816353956,10.060067834747054,False
United_States_of_America.regions.Georgia:Madison,101.86561743341406,0.7203389830508475,93.76190051821743,2.515364392062021,False
United_States_of_America.regions.Georgia:Marion,94.84140435835351,0.6271186440677966,276.7059291198606,9.65276078264686,False
United_States_of_America.regions.Georgia:McDuffie,91.39830508474577,2.3535108958837774,87.25881525081746,13.25453012020843,False
United_States_of_America.regions.Georgia:McIntosh,112.00968523002422,0.6210653753026635,110.84313308999118,0.7027534345327504,False
United_States_of_America.regions.Georgia:Miller,99.75181598062954,0.6210653753026635,180.14171348266325,0.7027534345327504,False
United_States_of_America.regions.Georgia:Monroe,103.7409200968523,0.6089588377723971,97.60111370308252,2.3701946658321935,False
United_States_of_America.regions.Georgia:Montgomery,112.05811138014529,0.6210653753026635,94.45862170939716,0.7027534345327504,False
United_States_of_America.regions.Georgia:Morgan,99.63922518159808,0.6210653753026635,79.39777151467781,0.7027534345327504,False
United_States_of_America.regions.Georgia:Murray,97.66101694915255,0.34866828087167073,93.54548437818826,0.5050446177062188,False
United_States_of_America.regions.Georgia:Oconee,87.23123486682809,0.7203389830508475,82.87140665948314,0.9492122422491953,False
United_States_of_America.regions.Georgia:Oglethorpe,88.08353510895886,1.9854721549636805,142.7835946074987,16.379214782692127,False
United_States_of_America.regions.Georgia:Peach,93.9406779661017,1.282082324455206,76.73094420886954,5.511812770287046,False
United_States_of_America.regions.Georgia:Pickens,102.8353510895884,1.3365617433414045,98.31546459368461,4.716975403692096,False
United_States_of_America.regions.Georgia:Pierce,89.72397094430993,1.1985472154963681,120.21308768854435,8.645371871396001,False
United_States_of_America.regions.Georgia:Pike,92.85593220338983,1.0145278450363198,93.1755834066601,6.914111491955884,False
United_States_of_America.regions.Georgia:Polk,101.71065375302663,0.6210653753026635,99.91898085473447,0.7027534345327504,False
United_States_of_America.regions.Georgia:Pulaski,100.01937046004844,0.5,61.765633432942884,5.928285349217335,False
United_States_of_America.regions.Georgia:Putnam,87.96125907990316,2.905569007263923,67.25439180611892,15.241160768489927,False
United_States_of_America.regions.Georgia:Quitman,111.7179176755448,0.6598062953995157,100.31893331654763,38.37097795936732,False
United_States_of_America.regions.Georgia:Rabun,106.70096852300243,0.3837772397094431,94.97371293218339,1.4478162936627728,False
United_States_of_America.regions.Georgia:Randolph,66.14648910411623,9.469733656174336,1469.7061577458746,148.1730068410205,False
United_States_of_America.regions.Georgia:Rockdale,64.71670702179178,3.542372881355932,73.87264255223938,3.8776882313915975,False
United_States_of_America.regions.Georgia:Schley,105.31598062953996,0.7203389830508475,172.4089515294521,17.536504172412172,False
United_States_of_America.regions.Georgia:Seminole,97.66222760290557,0.9382566585956417,145.38903517779013,16.20749058178489,False
United_States_of_America.regions.Georgia:Spalding,50.937046004842614,4.663438256658597,56.50871209795195,7.219684284852074,False
United_States_of_America.regions.Georgia:Stephens,77.67312348668281,0.391041162227603,52.22046695997298,1.7255588184039898,False
United_States_of_America.regions.Georgia:Stewart,99.48426150121065,0.6210653753026635,159.3069804764857,0.7027534345327504,False
United_States_of_America.regions.Georgia:Sumter,136.00242130750604,12.613801452784504,707.6947702765553,44.12473209617843,False
United_States_of_America.regions.Georgia:Talbot,99.63075060532688,0.7106537530266345,192.02231574164392,14.61851440038059,False
United_States_of_America.regions.Georgia:Taliaferro,4.696682464454977,0.0,58.61584775098925,0.0,False
United_States_of_America.regions.Georgia:Tattnall,111.10290556900728,0.6210653753026635,113.34661429491247,0.7027534345327504,False
United_States_of_America.regions.Georgia:Taylor,104.57869249394675,1.3619854721549638,71.15527726475061,21.638487893140802,False
United_States_of_America.regions.Georgia:Telfair,97.57869249394673,0.6210653753026635,88.8619997894893,0.7027534345327504,False
United_States_of_America.regions.Georgia:Terrell,68.453995157385,11.28087167070218,1271.4043062972514,138.81121967535876,False
United_States_of_America.regions.Georgia:Tift,72.63075060532687,1.5786924939467315,79.5412077911844,4.709503895575986,False
United_States_of_America.regions.Georgia:Toombs,96.96731234866829,1.650121065375303,80.49072384835831,7.762346977982965,False
United_States_of_America.regions.Georgia:Towns,102.20338983050848,0.36077481840193715,99.69460218444196,4.2758426255169635,False
United_States_of_America.regions.Georgia:Treutlen,112.70581113801454,0.6210653753026635,91.15094048803688,0.7027534345327504,False
United_States_of_America.regions.Georgia:Turner,81.01210653753027,2.0714285714285716,388.25326234648014,33.01664477124353,False
United_States_of_America.regions.Georgia:Twiggs,111.88377723970946,0.6210653753026635,87.98297276563218,0.7027534345327504,False
United_States_of_America.regions.Georgia:Union,93.94430992736078,0.8341404358353512,83.76849657517943,3.6734010478694286,False
United_States_of_America.regions.Georgia:Upson,75.0726392251816,10.998789346246975,494.55981093780184,43.4456307658838,False
United_States_of_America.regions.Georgia:Walton,62.60653753026634,2.456416464891041,72.51997552485231,2.5506393537218823,False
United_States_of_America.regions.Georgia:Warren,106.41525423728814,0.6210653753026635,109.99052545920492,0.7027534345327504,False
United_States_of_America.regions.Georgia:Webster,108.67796610169492,0.6731234866828087,171.6724357039624,41.60279198193307,False
United_States_of_America.regions.Georgia:Wheeler,112.93462469733656,0.6210653753026635,102.28460069312234,0.7027534345327504,False
United_States_of_America.regions.Georgia:White,84.04358353510897,0.6210653753026635,47.99712389203373,0.7027534345327504,False
United_States_of_America.regions.Georgia:Wilcox,72.89951573849879,6.049636803874092,629.3400749047801,76.54915367811061,False
United_States_of_America.regions.Georgia:Wilkes,100.317191283293,0.6210653753026635,67.7058388796478,0.7027534345327504,False
United_States_of_America.regions.Georgia:Wilkinson,93.23486682808718,1.234866828087167,185.55620161128937,17.888366851502788,False
United_States_of_America.regions.Idaho:Payette,105.76392251815982,0.6198547215496368,100.24126155450976,2.8810364318439508,False
United_States_of_America.regions.Idaho:Teton,110.98305084745765,0.6210653753026635,96.42581825392014,0.7027534345327504,False
United_States_of_America.regions.Illinois:Alexander,75.28894223979665,0.33611071882502475,64.54168578317356,0.38031899930413776,False
United_States_of_America.regions.Illinois:Bond,111.33656174334143,0.5472154963680387,110.31824322327914,4.080603960537783,False
United_States_of_America.regions.Illinois:Boone,41.536319612590795,8.268765133171913,105.2507208040661,15.900097507635516,False
United_States_of_America.regions.Illinois:Brown,2.8985849056603774,0.0,126.37375701548689,0.0,False
United_States_of_America.regions.Illinois:Calhoun,115.363196125908,0.6210653753026635,119.29850892310822,0.7027534345327504,False
United_States_of_America.regions.Illinois:Carroll,109.00605326876514,1.1900726392251817,98.73710744540374,10.620942626632136,False
United_States_of_America.regions.Illinois:Cass,38.01681713577624,0.1699415825809878,394.10980651951564,0.1922938157203175,False
United_States_of_America.regions.Illinois:Clay,99.10869288532518,0.5001909125620465,103.73828514553372,0.5659804840251274,False
United_States_of_America.regions.Illinois:Crawford,108.62832929782084,0.6210653753026635,101.53698236545932,0.7027534345327504,False
United_States_of_America.regions.Illinois:Cumberland,114.79539951573851,0.6210653753026635,118.88384511176804,0.7027534345327504,False
United_States_of_America.regions.Illinois:De Witt,113.92372881355931,0.6210653753026635,119.48188052959367,0.7027534345327504,False
United_States_of_America.regions.Illinois:Douglas,105.86924939467312,0.6210653753026635,99.9776901974484,0.7027534345327504,False
United_States_of_America.regions.Illinois:Edwards,1.8545454545454545,0.0,26.91290348838278,0.0,False
United_States_of_America.regions.Illinois:Effingham,111.47820823244554,0.728813559322034,119.62341763667948,2.2284757813915776,False
United_States_of_America.regions.Illinois:Ford,108.34987893462471,0.7203389830508475,93.52310789679267,6.695115344088456,False
United_States_of_America.regions.Illinois:Franklin,110.27723970944311,0.6210653753026635,116.29400316595327,0.7027534345327504,False
United_States_of_America.regions.Illinois:Gallatin,114.42493946731236,0.6210653753026635,112.78637461397014,0.7027534345327504,False
United_States_of_America.regions.Illinois:Hamilton,62.970055161544536,0.2600472813238771,62.94985278251405,0.29425101987403496,False
United_States_of_America.regions.Illinois:Hardin,39.18848758465011,0.11851015801354402,37.705202338560454,0.1340976713288042,False
United_States_of_America.regions.Illinois:Henderson,66.82409063804413,0.2996422182468694,60.147433262302144,0.33905383616238505,False
United_States_of_America.regions.Illinois:Jasper,90.82687651331719,3.291767554479419,255.62200632208547,40.01351014280422,False
United_States_of_America.regions.Illinois:Jersey,105.14527845036321,0.44794188861985473,98.4578625793362,2.4499617538478202,False
United_States_of_America.regions.Illinois:Johnson,111.33898305084747,0.6210653753026635,104.60361146613408,0.7027534345327504,False
United_States_of_America.regions.Illinois:Lawrence,113.20096852300244,0.6210653753026635,116.26341285805641,0.7027534345327504,False
United_States_of_America.regions.Illinois:Marshall,113.39588377723972,0.6210653753026635,107.90955454870037,0.7027534345327504,False
United_States_of_America.regions.Illinois:Massac,112.55326876513317,0.6210653753026635,111.45790211375527,0.7027534345327504,False
United_States_of_America.regions.Illinois:Menard,109.48305084745762,0.6210653753026635,81.26206580952677,0.7027534345327504,False
United_States_of_America.regions.Illinois:Monroe,82.90677966101696,5.11138014527845,75.92167884910744,15.847310140780106,False
United_States_of_America.regions.Illinois:Moultrie,112.12227602905568,0.6210653753026635,106.5366429337528,0.7027534345327504,False
United_States_of_America.regions.Illinois:Perry,92.26392251815982,0.6210653753026635,80.63792400580375,0.7027534345327504,False
United_States_of_America.regions.Illinois:Piatt,110.18159806295401,0.6210653753026635,112.00868491307057,0.7027534345327504,False
United_States_of_America.regions.Illinois:Pope,3.4647302904564317,0.0,18.88865579239204,0.0,False
United_States_of_America.regions.Illinois:Pulaski,96.26997578692495,0.6210653753026635,316.6253030904536,0.7027534345327504,False
United_States_of_America.regions.Illinois:Putnam,1.6428571428571428,0.0,16.17985945059366,0.0,False
United_States_of_America.regions.Illinois:Richland,113.62953995157385,0.6210653753026635,118.2389463533133,0.7027534345327504,False
United_States_of_America.regions.Illinois:Saline,113.11985472154966,0.6210653753026635,120.39532188431541,0.7027534345327504,False
United_States_of_America.regions.Illinois:Schuyler,112.47578692493947,0.6210653753026635,79.78179043107062,0.7027534345327504,False
United_States_of_America.regions.Illinois:Stark,115.363196125908,0.6210653753026635,120.1866815595414,0.7027534345327504,False
United_States_of_America.regions.Illinois:Union,37.092979635584136,1.59967845659164,338.055437742262,11.408006903800088,False
United_States_of_America.regions.Illinois:Wabash,115.31598062953996,0.6210653753026635,124.91507844238255,0.7027534345327504,False
United_States_of_America.regions.Illinois:White,45.354753053637815,0.1699415825809878,45.07988659565157,0.1922938157203175,False
United_States_of_America.regions.Indiana:Adams,113.38740920096852,0.3075060532687652,123.3855060526251,0.5513658580422701,False
United_States_of_America.regions.Indiana:Benton,102.7905569007264,0.6210653753026635,57.415754421801346,0.7027534345327504,False
United_States_of_America.regions.Indiana:Blackford,108.06658595641646,0.6440677966101696,89.02594350948506,6.803341019935838,False
United_States_of_America.regions.Indiana:Brown,104.87288135593221,0.6271186440677966,92.62478188564795,5.032851080535124,False
United_States_of_America.regions.Indiana:Carroll,99.72154963680389,0.5472154963680387,58.58087467957054,3.175976316734889,False
United_States_of_America.regions.Indiana:Cass,646.3886198547216,1.3547215496368041,1892.0401776186325,4.539590286286235,False
United_States_of_America.regions.Indiana:Clay,101.83292978208235,0.391041162227603,97.04589812650691,1.6977802225648662,False
United_States_of_America.regions.Indiana:Clinton,89.70096852300242,0.8450363196125908,62.19657156337578,3.231992705585914,False
United_States_of_America.regions.Indiana:Crawford,103.8002421307506,0.19128329297820826,84.86552860849433,3.3606112466098725,False
United_States_of_America.regions.Indiana:Daviess,88.73365617433414,11.605326876513319,91.28631511063965,35.95699365495776,False
United_States_of_America.regions.Indiana:DeKalb,103.85835351089588,0.5968523002421308,104.61590868741172,1.658682753084469,False
United_States_of_America.regions.Indiana:Dearborn,76.27966101694916,3.731234866828088,74.73893214163802,8.097238967365326,False
United_States_of_America.regions.Indiana:Decatur,82.21186440677968,17.911622276029057,461.53332786494195,69.07655923285579,False
United_States_of_America.regions.Indiana:Dubois,103.21428571428572,0.6210653753026635,105.27454579197173,0.7027534345327504,False
United_States_of_America.regions.Indiana:Fayette,101.08232445520584,2.4285714285714284,91.25539557826322,12.497994569424018,False
United_States_of_America.regions.Indiana:Floyd,57.09927360774818,3.441888619854722,61.05975880713976,4.471534020139043,False
United_States_of_America.regions.Indiana:Fountain,109.01694915254237,1.242130750605327,92.19909130377283,9.525515456509599,False
United_States_of_America.regions.Indiana:Franklin,76.71549636803874,5.399515738498789,167.06198346821685,25.752036590080365,False
United_States_of_America.regions.Indiana:Fulton,101.74334140435836,0.34866828087167073,62.51441702711001,1.0171762548297747,False
United_States_of_America.regions.Indiana:Gibson,111.29418886198548,0.6210653753026635,119.27907189045322,0.7027534345327504,False
United_States_of_America.regions.Indiana:Hancock,64.1041162227603,5.221549636803874,73.24455611268218,6.771679852882224,False
United_States_of_America.regions.Indiana:Howard,82.68523002421308,2.0012106537530268,91.43786079537438,2.4740686592059706,False
United_States_of_America.regions.Indiana:Huntington,109.35714285714286,1.1053268765133173,116.15760593403301,3.5007212610799887,False
United_States_of_America.regions.Indiana:Jay,103.40799031476999,0.6210653753026635,85.84161207932729,0.7027534345327504,False
United_States_of_America.regions.Indiana:Jefferson,96.98547215496369,0.6210653753026635,88.25194089552356,0.7027534345327504,False
United_States_of_America.regions.Indiana:Jennings,82.26513317191284,0.2288135593220339,85.29850361355034,0.7964642648102571,False
United_States_of_America.regions.Indiana:LaGrange,99.24697336561744,0.8753026634382567,95.89544885352235,2.5917503917981226,False
United_States_of_America.regions.Indiana:Martin,110.04963680387411,0.6210653753026635,104.87887600276743,0.7027534345327504,False
United_States_of_America.regions.Indiana:Miami,85.90799031476998,0.6210653753026635,55.19958795620488,0.7027534345327504,False
United_States_of_America.regions.Indiana:Newton,84.61016949152543,4.763922518159807,155.48667149900737,37.80545518576524,False
United_States_of_America.regions.Indiana:Ohio,114.20217917675546,0.6210653753026635,101.05795686590997,0.7027534345327504,False
United_States_of_America.regions.Indiana:Orange,72.83414043583535,4.898305084745763,112.14474817328983,27.391364757712118,False
United_States_of_America.regions.Indiana:Owen,101.76392251815982,0.44794188861985473,92.65571820583243,2.597600803488797,False
United_States_of_America.regions.Indiana:Parke,104.23002421307507,0.6210653753026635,87.96232460235629,0.7027534345327504,False
United_States_of_America.regions.Indiana:Perry,98.3268765133172,0.3910411622276029,72.80601667846418,0.9492904228603383,False
United_States_of_America.regions.Indiana:Pike,113.54963680387411,0.6210653753026635,111.081404616591,0.7027534345327504,False
United_States_of_America.regions.Indiana:Posey,108.45399515738498,0.6210653753026635,107.81221162798772,0.7027534345327504,False
United_States_of_America.regions.Indiana:Pulaski,94.40920096852301,0.6210653753026635,78.9241135237449,0.7027534345327504,False
United_States_of_America.regions.Indiana:Randolph,102.70581113801454,1.1283292978208233,90.75366766031345,5.614341153528383,False
United_States_of_America.regions.Indiana:Ripley,86.21670702179176,2.7142857142857144,159.46822458124583,11.07295299672123,False
United_States_of_America.regions.Indiana:Rush,96.35472154963682,0.6997578692493946,62.93644881056549,4.955871851008784,False
United_States_of_America.regions.Indiana:Scott,94.86682808716708,1.37772397094431,64.55455572377238,6.868586796141087,False
United_States_of_America.regions.Indiana:Shelby,50.56779661016949,3.709443099273608,88.07081078858684,8.97890382267459,False
United_States_of_America.regions.Indiana:Spencer,109.59685230024215,0.19128329297820826,104.4671249972595,1.4168011461471095,False
United_States_of_America.regions.Indiana:Starke,105.50605326876513,0.4515738498789346,96.24189917965467,2.719403292874566,False
United_States_of_America.regions.Indiana:Steuben,95.3547215496368,0.6876513317191283,82.04689663597034,2.070835235972979,False
United_States_of_America.regions.Indiana:Sullivan,107.13922518159808,0.6210653753026635,94.78030220363786,0.7027534345327504,False
United_States_of_America.regions.Indiana:Switzerland,105.455205811138,0.6210653753026635,96.45361036720055,0.7027534345327504,False
United_States_of_America.regions.Indiana:Tipton,104.83777239709444,0.36077481840193715,83.25087753709802,3.253370197287847,False
United_States_of_America.regions.Indiana:Union,104.81476997578694,0.6210653753026635,67.79302324119608,0.7027534345327504,False
United_States_of_America.regions.Indiana:Vermillion,110.29539951573852,0.6210653753026635,102.24529269079854,0.7027534345327504,False
United_States_of_America.regions.Indiana:Wabash,90.55326876513318,0.3559322033898305,55.08297388308455,1.8321358599384256,False
United_States_of_America.regions.Indiana:Warren,108.81476997578693,0.7360774818401937,69.87690426943462,11.088852992405434,False
United_States_of_America.regions.Indiana:Washington,94.44673123486685,0.6210653753026635,81.2368289886439,0.7027534345327504,False
United_States_of_America.regions.Indiana:Wells,113.15375302663439,0.6210653753026635,120.47049729593644,0.7027534345327504,False
United_States_of_America.regions.Indiana:Whitley,103.30871670702179,0.6997578692493946,103.3446301062334,2.1458834677036775,False
United_States_of_America.regions.Iowa:Adams,1.2857142857142858,0.0,73.09190368555063,0.0,False
United_States_of_America.regions.Iowa:Appanoose,114.41525423728815,1.106537530266344,117.43253884874655,12.440429511169246,False
United_States_of_America.regions.Iowa:Audubon,113.58474576271186,0.6210653753026635,88.0232739549088,0.7027534345327504,False
United_States_of_America.regions.Iowa:Bremer,84.95520581113801,2.236077481840194,80.32407554128295,10.697545253292871,False
United_States_of_America.regions.Iowa:Chickasaw,111.3777239709443,0.6210653753026635,102.1818212577283,0.7027534345327504,False
United_States_of_America.regions.Iowa:Clarke,112.42493946731234,0.6210653753026635,98.05705228562682,0.7027534345327504,False
United_States_of_America.regions.Iowa:Davis,4.853545394300862,0.0,115.83314052100499,0.0,False
United_States_of_America.regions.Iowa:Des Moines,104.70096852300242,0.2288135593220339,103.48067417774904,0.5472477646999493,False
United_States_of_America.regions.Iowa:Dickinson,112.87530266343826,0.6210653753026635,111.7385601745292,0.7027534345327504,False
United_States_of_America.regions.Iowa:Emmet,1.4363636363636365,0.0,36.51201903031992,0.0,False
United_States_of_America.regions.Iowa:Fremont,1.3734439834024899,0.0,41.98623143821435,0.0,False
United_States_of_America.regions.Iowa:Grundy,105.40314769975787,0.6210653753026635,74.10420139209327,0.7027534345327504,False
United_States_of_America.regions.Iowa:Henry,96.0363196125908,0.6089588377723971,73.3080747445128,3.5443029307005065,False
United_States_of_America.regions.Iowa:Howard,108.03268765133173,0.6210653753026635,73.79761447301104,0.7027534345327504,False
United_States_of_America.regions.Iowa:Humboldt,34.0673438675696,0.11851015801354402,39.48475001940595,0.1340976713288042,False
United_States_of_America.regions.Iowa:Ida,2.24054462934947,0.0,86.52831106333879,0.0,False
United_States_of_America.regions.Iowa:Jefferson,110.78934624697338,0.6210653753026635,113.17127634030177,0.7027534345327504,False
United_States_of_America.regions.Iowa:Louisa,142.59079903147702,1.3389830508474576,2063.0653617431512,17.059352828721636,False
United_States_of_America.regions.Iowa:Lucas,1.1428571428571428,0.0,30.95953351836776,0.0,False
United_States_of_America.regions.Iowa:Mills,112.31719128329298,0.6210653753026635,107.88774197731408,0.7027534345327504,False
United_States_of_America.regions.Iowa:Mitchell,113.93341404358354,0.6210653753026635,116.06215235777607,0.7027534345327504,False
United_States_of_America.regions.Iowa:Monroe,11.938388625592419,0.9905213270142182,219.1752352493549,12.852229492853487,False
United_States_of_America.regions.Iowa:Montgomery,115.363196125908,0.6210653753026635,123.70342792583665,0.7027534345327504,False
United_States_of_America.regions.Iowa:Muscatine,44.789346246973366,2.4733656174334144,216.63583213874668,6.550272518814516,False
United_States_of_America.regions.Iowa:Osceola,100.58837772397094,0.6210653753026635,139.33715497794051,0.7027534345327504,False
United_States_of_America.regions.Iowa:Union,115.05690072639227,0.6210653753026635,122.2951775022201,0.7027534345327504,False
United_States_of_America.regions.Iowa:Van Buren,109.50726392251816,0.6210653753026635,107.24290782151486,0.7027534345327504,False
United_States_of_America.regions.Iowa:Wapello,109.66101694915255,0.6210653753026635,112.92667246187933,0.7027534345327504,False
United_States_of_America.regions.Iowa:Winnebago,113.32566585956418,0.6210653753026635,109.5694728565315,0.7027534345327504,False
United_States_of_America.regions.Iowa:Worth,114.91404358353512,0.6210653753026635,116.03108490296864,0.7027534345327504,False
United_States_of_America.regions.Kansas:Atchison,108.64648910411624,0.6210653753026635,93.87852212560011,0.7027534345327504,False
United_States_of_America.regions.Kansas:Doniphan,114.38256658595643,0.6210653753026635,109.37685313636516,0.7027534345327504,False
United_States_of_America.regions.Kansas:Geary,105.53510895883778,0.6210653753026635,106.6169263590167,0.7027534345327504,False
United_States_of_America.regions.Kansas:Woodson,111.77481840193704,0.6210653753026635,100.87040493733427,0.7027534345327504,False
United_States_of_America.regions.Kentucky:Adair,85.83535108958839,9.058111380145279,255.43572526303495,49.70437475757194,False
United_States_of_America.regions.Kentucky:Allen,111.43341404358354,0.6210653753026635,111.13460198758668,0.7027534345327504,False
United_States_of_America.regions.Kentucky:Anderson,111.07384987893464,0.7615012106537532,111.35108266812384,3.6934306776578683,False
United_States_of_America.regions.Kentucky:Ballard,108.71549636803877,0.6210653753026635,96.68583251961365,0.7027534345327504,False
United_States_of_America.regions.Kentucky:Bath,112.6501210653753,0.26271186440677974,110.6497507567819,3.306931795491463,False
United_States_of_America.regions.Kentucky:Bell,1.0,0.0,1.578368093549442,0.0,False
United_States_of_America.regions.Kentucky:Bourbon,111.6222760290557,0.75181598062954,113.80488825861494,4.301869417578564,False
United_States_of_America.regions.Kentucky:Boyd,98.33292978208232,1.9273607748184018,103.06679583950364,4.752159340245847,False
United_States_of_America.regions.Kentucky:Boyle,103.83171912832931,0.6210653753026635,101.93568160560288,0.7027534345327504,False
United_States_of_America.regions.Kentucky:Bracken,109.79176755447942,0.6210653753026635,91.77234118664221,0.7027534345327504,False
United_States_of_America.regions.Kentucky:Breathitt,113.59443099273608,0.6210653753026635,116.47898663602872,0.7027534345327504,False
United_States_of_America.regions.Kentucky:Bullitt,86.78571428571429,1.5000000000000002,96.22444841205866,1.84090739247758,False
United_States_of_America.regions.Kentucky:Butler,55.09806295399517,2.335351089588378,580.5954060749276,22.252572793365694,False
United_States_of_America.regions.Kentucky:Caldwell,107.14891041162228,0.6210653753026635,107.56114478791524,0.7027534345327504,False
United_States_of_America.regions.Kentucky:Calloway,98.82082324455207,0.5472154963680387,92.42776233690752,1.4707172523667742,False
United_States_of_America.regions.Kentucky:Campbell,76.40799031476998,5.702179176755449,88.07746563655051,6.054004720769558,False
United_States_of_America.regions.Kentucky:Carlisle,24.559829059829056,0.9166666666666667,33.68923985514062,19.257703081232496,False
United_States_of_America.regions.Kentucky:Carroll,114.3777239709443,0.6210653753026635,120.01522692847557,0.7027534345327504,False
United_States_of_America.regions.Kentucky:Carter,111.17433414043585,0.6210653753026635,116.35661712478303,0.7027534345327504,False
United_States_of_America.regions.Kentucky:Casey,99.70052182766959,0.5001909125620465,106.19911477833864,0.5659804840251274,False
United_States_of_America.regions.Kentucky:Clark,103.38014527845039,0.6210653753026635,101.84334892805406,0.7027534345327504,False
United_States_of_America.regions.Kentucky:Clay,54.60146862483312,0.21695594125500672,54.64589876702971,0.24549192230357417,False
United_States_of_America.regions.Kentucky:Clinton,113.74818401937046,0.6210653753026635,113.56507803975472,0.7027534345327504,False
United_States_of_America.regions.Kentucky:Crittenden,112.8535108958838,0.5472154963680387,108.41826889097536,8.219734479551803,False
United_States_of_America.regions.Kentucky:Cumberland,112.21549636803874,0.6210653753026635,97.34465543134458,0.7027534345327504,False
United_States_of_America.regions.Kentucky:Edmonson,95.95278450363197,0.8050847457627119,51.36847258218077,6.944202430591097,False
United_States_of_America.regions.Kentucky:Elliott,1.0,0.0,11.040121616132428,0.0,False
United_States_of_America.regions.Kentucky:Fleming,114.46246973365619,0.6210653753026635,122.66666300592094,0.7027534345327504,False
United_States_of_America.regions.Kentucky:Floyd,109.0133171912833,0.6210653753026635,111.15676033656379,0.7027534345327504,False
United_States_of_America.regions.Kentucky:Franklin,105.29903147699757,0.6210653753026635,111.95106165636453,0.7027534345327504,False
United_States_of_America.regions.Kentucky:Fulton,55.02536715620828,0.21695594125500672,50.5253666774451,0.24549192230357417,False
United_States_of_America.regions.Kentucky:Gallatin,114.90799031476998,0.6210653753026635,117.99835606405871,0.7027534345327504,False
United_States_of_America.regions.Kentucky:Garrard,98.1057655593738,0.5001909125620465,99.47564511174964,0.5659804840251274,False
United_States_of_America.regions.Kentucky:Grant,101.63438256658597,1.582324455205811,92.85125362373645,8.086547417150502,False
United_States_of_America.regions.Kentucky:Grayson,85.11622276029055,0.8414043583535109,21.306541726368973,4.831244876498295,False
United_States_of_America.regions.Kentucky:Green,115.34261501210653,0.6210653753026635,124.43083065752518,0.7027534345327504,False
United_States_of_America.regions.Kentucky:Greenup,106.96731234866829,0.6210653753026635,112.00063811219646,0.7027534345327504,False
United_States_of_America.regions.Kentucky:Hancock,111.16101694915254,0.6210653753026635,102.53324874600473,0.7027534345327504,False
United_States_of_America.regions.Kentucky:Harlan,3.525622254758419,0.0,1.776386705599342,0.0,False
United_States_of_America.regions.Kentucky:Harrison,105.96004842615012,0.6210653753026635,98.80188466392352,0.7027534345327504,False
United_States_of_America.regions.Kentucky:Hart,107.96973365617433,0.6210653753026635,91.43722032065233,0.7027534345327504,False
United_States_of_America.regions.Kentucky:Henry,110.93220338983052,0.6210653753026635,105.41023156668751,0.7027534345327504,False
United_States_of_America.regions.Kentucky:Hickman,35.879232505643344,0.11851015801354402,61.96598516736041,0.1340976713288042,False
United_States_of_America.regions.Kentucky:Jackson,95.81719128329298,8.148910411622277,284.1666269176443,65.09344873310879,False
United_States_of_America.regions.Kentucky:Jessamine,95.4225181598063,0.6210653753026635,99.36570790961505,0.7027534345327504,False
United_States_of_America.regions.Kentucky:Johnson,113.36561743341404,0.6210653753026635,118.30510700223553,0.7027534345327504,False
United_States_of_America.regions.Kentucky:Knott,112.56900726392253,0.6210653753026635,115.82122015043458,0.7027534345327504,False
United_States_of_America.regions.Kentucky:Knox,110.14769975786926,0.6210653753026635,116.62750628891604,0.7027534345327504,False
United_States_of_America.regions.Kentucky:Larue,111.94552058111381,0.6210653753026635,111.35061699407004,0.7027534345327504,False
United_States_of_America.regions.Kentucky:Lawrence,115.363196125908,0.6210653753026635,125.73485710144612,0.7027534345327504,False
United_States_of_America.regions.Kentucky:Leslie,112.86440677966102,0.6210653753026635,103.19158079154244,0.7027534345327504,False
United_States_of_America.regions.Kentucky:Letcher,114.05205811138016,0.6210653753026635,121.1006516317906,0.7027534345327504,False
United_States_of_America.regions.Kentucky:Lewis,113.71186440677965,0.6210653753026635,116.55141432945432,0.7027534345327504,False
United_States_of_America.regions.Kentucky:Lincoln,112.11380145278451,0.6440677966101696,117.04945668555969,2.892368916505648,False
United_States_of_America.regions.Kentucky:Livingston,95.34771541300752,0.5001909125620465,80.75926194469484,0.5659804840251274,False
United_States_of_America.regions.Kentucky:Lyon,107.09322033898306,1.0351089588377724,68.83311619761199,19.4698937535359,False
United_States_of_America.regions.Kentucky:Magoffin,1.75,0.0,5.1113034411498175,0.0,False
United_States_of_America.regions.Kentucky:Marion,104.57506053268767,0.6210653753026635,95.50720140920892,0.7027534345327504,False
United_States_of_America.regions.Kentucky:Marshall,94.26755447941889,0.2675544794188862,81.07964600521291,0.6408125707095236,False
United_States_of_America.regions.Kentucky:Martin,113.9491525423729,0.6210653753026635,116.05844214521646,0.7027534345327504,False
United_States_of_America.regions.Kentucky:Mason,111.11622276029057,0.6210653753026635,110.89984039758322,0.7027534345327504,False
United_States_of_America.regions.Kentucky:McCracken,90.04479418886199,1.2433414043583537,94.72842790298141,1.9193599261606638,False
United_States_of_America.regions.Kentucky:McCreary,107.89588377723973,0.6210653753026635,97.74935384093598,0.7027534345327504,False
United_States_of_America.regions.Kentucky:McLean,103.67312348668281,0.6210653753026635,79.09174519316296,0.7027534345327504,False
United_States_of_America.regions.Kentucky:Meade,106.22760290556901,0.6707021791767556,97.10772984777196,3.1488644483638297,False
United_States_of_America.regions.Kentucky:Menifee,113.37409200968524,0.6210653753026635,112.94289182804474,0.7027534345327504,False
United_States_of_America.regions.Kentucky:Mercer,107.65133171912834,0.6210653753026635,104.67091306333421,0.7027534345327504,False
United_States_of_America.regions.Kentucky:Metcalfe,7.764525993883792,0.0,14.783092385889052,0.0,False
United_States_of_America.regions.Kentucky:Monroe,111.590799031477,0.6210653753026635,101.41906808285925,0.7027534345327504,False
United_States_of_America.regions.Kentucky:Montgomery,110.11016949152544,0.6210653753026635,111.00138259178054,0.7027534345327504,False
United_States_of_America.regions.Kentucky:Morgan,115.363196125908,0.6210653753026635,125.17198914890336,0.7027534345327504,False
United_States_of_America.regions.Kentucky:Muhlenberg,62.89225181598063,1.702179176755448,110.72388756034658,6.884094426671978,False
United_States_of_America.regions.Kentucky:Nelson,107.87772397094433,0.6210653753026635,113.41725426947345,0.7027534345327504,False
United_States_of_America.regions.Kentucky:Nicholas,115.363196125908,0.6210653753026635,122.03711654676826,0.7027534345327504,False
United_States_of_America.regions.Kentucky:Oldham,98.49394673123487,0.6210653753026635,106.18625511069561,0.7027534345327504,False
United_States_of_America.regions.Kentucky:Owen,9.379204892966362,0.0,7.300562258926708,0.0,False
United_States_of_America.regions.Kentucky:Owsley,114.29297820823246,0.6210653753026635,114.88628519052281,0.7027534345327504,False
United_States_of_America.regions.Kentucky:Pendleton,111.21791767554481,0.6210653753026635,110.15862569899905,0.7027534345327504,False
United_States_of_America.regions.Kentucky:Perry,106.27360774818403,0.6210653753026635,98.1483989672047,0.7027534345327504,False
United_States_of_America.regions.Kentucky:Powell,115.33535108958837,0.6210653753026635,125.06725827409106,0.7027534345327504,False
United_States_of_America.regions.Kentucky:Rockcastle,107.23970944309929,0.6210653753026635,103.47258634908871,0.7027534345327504,False
United_States_of_America.regions.Kentucky:Rowan,112.52300242130751,0.6210653753026635,117.00263585137012,0.7027534345327504,False
United_States_of_America.regions.Kentucky:Russell,104.13559322033899,1.681598062953995,95.50748856083878,12.144780115970283,False
United_States_of_America.regions.Kentucky:Scott,97.79661016949153,0.6210653753026635,103.49112495761318,0.7027534345327504,False
United_States_of_America.regions.Kentucky:Simpson,100.0,1.2239709443099274,85.90752196979778,8.20179656888305,False
United_States_of_America.regions.Kentucky:Spencer,109.21670702179179,0.6210653753026635,101.5157309130704,0.7027534345327504,False
United_States_of_America.regions.Kentucky:Taylor,110.49878934624697,0.6210653753026635,112.79067386378223,0.7027534345327504,False
United_States_of_America.regions.Kentucky:Todd,105.86198547215498,0.6210653753026635,93.822864170971,0.7027534345327504,False
United_States_of_America.regions.Kentucky:Trigg,108.61743341404359,0.6210653753026635,105.59024605533273,0.7027534345327504,False
United_States_of_America.regions.Kentucky:Trimble,113.57142857142858,0.6210653753026635,112.80033777947605,0.7027534345327504,False
United_States_of_America.regions.Kentucky:Union,109.71549636803874,0.6210653753026635,102.22970959171394,0.7027534345327504,False
United_States_of_America.regions.Kentucky:Washington,112.33535108958839,0.6210653753026635,108.73930272042422,0.7027534345327504,False
United_States_of_America.regions.Kentucky:Wayne,110.30992736077481,0.6210653753026635,109.14333225561367,0.7027534345327504,False
United_States_of_America.regions.Kentucky:Webster,101.4455205811138,0.6210653753026635,63.54301092553489,0.7027534345327504,False
United_States_of_America.regions.Kentucky:Whitley,107.3547215496368,0.6210653753026635,113.49993061882313,0.7027534345327504,False
United_States_of_America.regions.Kentucky:Wolfe,1.0,0.0,11.709276933382773,0.0,False
United_States_of_America.regions.Kentucky:Woodford,103.78087167070218,0.6210653753026635,104.63004249049627,0.7027534345327504,False
United_States_of_America.regions.Louisiana:Assumption,63.35108958837773,0.46125907990314774,386.9478507410442,4.241399209045941,False
United_States_of_America.regions.Louisiana:East Carroll,111.28208232445523,0.6210653753026635,65.0258832572453,0.7027534345327504,False
United_States_of_America.regions.Louisiana:East Feliciana,74.53995157384989,7.94673123486683,356.94609172231503,44.07277105028299,False
United_States_of_America.regions.Louisiana:Red River,97.39346246973366,3.26271186440678,134.40689533436344,45.30266281409842,False
United_States_of_America.regions.Louisiana:St. Charles,188.37409200968526,16.54116222760291,442.17839585535074,31.617825855308244,False
United_States_of_America.regions.Louisiana:St. Helena,96.90677966101696,0.589588377723971,127.80811860353654,7.470234791584681,False
United_States_of_America.regions.Louisiana:St. James,96.15496368038741,11.060532687651333,753.5275451153102,54.67076791052791,False
United_States_of_America.regions.Louisiana:St. John the Baptist,306.23123486682806,32.22518159806296,854.7585756192012,75.9745278255126,False
United_States_of_America.regions.Louisiana:West Baton Rouge,74.2772397094431,8.357142857142858,134.76094134273865,33.22208402039082,False
United_States_of_America.regions.Louisiana:West Carroll,111.90072639225183,0.6210653753026635,109.1215422199805,0.7027534345327504,False
United_States_of_America.regions.Louisiana:West Feliciana,62.67917675544795,0.927360774818402,434.37918603598496,9.243457704477176,False
United_States_of_America.regions.Maine:Knox,105.81476997578693,0.6210653753026635,110.47026259251578,0.7027534345327504,False
United_States_of_America.regions.Maine:Lincoln,107.37893462469735,0.6210653753026635,111.36133287706264,0.7027534345327504,False
United_States_of_America.regions.Maine:Sagadahoc,104.41041162227603,0.7300242130750606,107.09948545576154,1.0066323886057007,False
United_States_of_America.regions.Maryland:Calvert,65.87893462469735,2.1222760290556906,75.53181310336036,2.262219712571657,False
United_States_of_America.regions.Maryland:Caroline,84.28450363196126,0.6210653753026635,49.58883513995452,0.7027534345327504,False
United_States_of_America.regions.Maryland:Kent,75.03510895883778,1.3692493946731237,86.64067905977448,9.544979908973515,False
United_States_of_America.regions.Maryland:Somerset,107.07506053268766,0.6210653753026635,98.84974853070509,0.7027534345327504,False
United_States_of_America.regions.Maryland:Talbot,103.40556900726392,0.5242130750605327,99.07451735513493,1.4834575778559578,False
United_States_of_America.regions.Massachusetts:Dukes,104.61138014527846,0.29661016949152547,92.60722838863184,2.3846511283438505,False
United_States_of_America.regions.Massachusetts:Nantucket,108.4951573849879,0.6210653753026635,102.46515667975812,0.7027534345327504,False
United_States_of_America.regions.Michigan:Antrim,108.37772397094432,0.6537530266343826,110.31016964896007,0.8428994272086171,False
United_States_of_America.regions.Michigan:Arenac,99.1404358353511,0.5,63.53475604416777,4.259275654671354,False
United_States_of_America.regions.Michigan:Benzie,61.111899133175726,0.2600472813238771,63.93329636296542,0.29425101987403496,False
United_States_of_America.regions.Michigan:Charlevoix,108.18401937046005,0.2288135593220339,104.23964884142846,0.8825883125805477,False
United_States_of_America.regions.Michigan:Emmet,101.61743341404359,1.3946731234866827,102.10484203452816,4.757235210719795,False
United_States_of_America.regions.Michigan:Gladwin,108.48426150121065,0.22760290556900728,104.17067477972411,1.1287593750678402,False
United_States_of_America.regions.Michigan:Leelanau,112.7046004842615,0.6210653753026635,115.00817148346651,0.7027534345327504,False
United_States_of_America.regions.Michigan:Mason,102.81961259079904,0.6210653753026635,90.8564273375092,0.7027534345327504,False
United_States_of_America.regions.Michigan:Oceana,110.01331719128328,0.6598062953995157,109.95191788518905,2.6913036355763014,False
United_States_of_America.regions.Minnesota:Benton,114.30266343825666,0.6210653753026635,126.64092603076557,0.7027534345327504,False
United_States_of_America.regions.Minnesota:Big Stone,115.04963680387411,0.6210653753026635,113.41329420120583,0.7027534345327504,False
United_States_of_America.regions.Minnesota:Dodge,103.31598062953995,0.6210653753026635,95.30384562124331,0.7027534345327504,False
United_States_of_America.regions.Minnesota:Isanti,110.88740920096855,0.6210653753026635,119.92060262858102,0.7027534345327504,False
United_States_of_America.regions.Minnesota:Le Sueur,102.46610169491527,0.6210653753026635,103.58232122611862,0.7027534345327504,False
United_States_of_America.regions.Minnesota:Nicollet,110.57021791767554,0.5617433414043584,116.24346751087097,2.190184138347023,False
United_States_of_America.regions.Minnesota:Pipestone,112.44309927360774,0.6210653753026635,95.38156512610455,0.7027534345327504,False
United_States_of_America.regions.Minnesota:Red Lake,114.57869249394675,0.6210653753026635,99.16209919663744,0.7027534345327504,False
United_States_of_America.regions.Minnesota:Rock,101.83777239709443,0.6210653753026635,92.78671721847624,0.7027534345327504,False
United_States_of_America.regions.Minnesota:Steele,107.5544794188862,0.6210653753026635,113.0614546925896,0.7027534345327504,False
United_States_of_America.regions.Minnesota:Waseca,113.48426150121065,0.6210653753026635,120.50605694870173,0.7027534345327504,False
United_States_of_America.regions.Minnesota:Watonwan,107.5169491525424,0.6210653753026635,69.15105607754138,0.7027534345327504,False
United_States_of_America.regions.Mississippi:Adams,64.3680387409201,3.1174334140435835,88.85476094014066,11.477544318525755,False
United_States_of_America.regions.Mississippi:Alcorn,108.58595641646491,0.19128329297820826,115.26115764441066,0.591985469476411,False
United_States_of_America.regions.Mississippi:Benton,108.44430992736078,0.6210653753026635,83.80110360198184,0.7027534345327504,False
United_States_of_America.regions.Mississippi:Choctaw,106.45641646489103,0.6598062953995157,98.88564175995403,10.238843212796883,False
United_States_of_America.regions.Mississippi:Claiborne,99.54721549636803,0.6210653753026635,69.22699067578948,0.7027534345327504,False
United_States_of_America.regions.Mississippi:Clay,96.93099273607749,0.45883777239709445,71.88846194856146,3.89768068599712,False
United_States_of_America.regions.Mississippi:Covington,78.89467312348667,0.6210653753026635,102.70375258203859,0.7027534345327504,False
United_States_of_America.regions.Mississippi:George,108.05569007263922,0.26271186440677974,105.25978389898836,1.3430043358877666,False
United_States_of_America.regions.Mississippi:Grenada,99.48426150121065,0.6210653753026635,68.42707829615831,0.7027534345327504,False
United_States_of_America.regions.Mississippi:Humphreys,106.0133171912833,1.3801452784503634,71.31932038462065,24.113846934428395,False
United_States_of_America.regions.Mississippi:Jefferson,105.73365617433413,0.6210653753026635,40.196591818503514,0.7027534345327504,False
United_States_of_America.regions.Mississippi:Jefferson Davis,82.6501210653753,0.7372881355932205,258.12780787874897,9.784937236905744,False
United_States_of_America.regions.Mississippi:Lawrence,100.90556900726392,0.6210653753026635,35.654053327884675,0.7027534345327504,False
United_States_of_America.regions.Mississippi:Montgomery,103.53268765133171,0.6997578692493946,86.86955146888361,8.895780157238521,False
United_States_of_America.regions.Mississippi:Pike,56.61743341404359,1.576271186440678,85.31298320018006,4.89014149965413,False
United_States_of_America.regions.Mississippi:Pontotoc,103.73849878934625,1.1271186440677967,103.4220087348611,4.136249258300754,False
United_States_of_America.regions.Mississippi:Prentiss,96.49394673123487,0.2288135593220339,78.41042367279574,0.9433188518388785,False
United_States_of_America.regions.Mississippi:Quitman,105.79782082324455,0.6210653753026635,108.90119494217302,0.7027534345327504,False
United_States_of_America.regions.Mississippi:Sharkey,112.52300242130751,0.6210653753026635,87.77200505424413,0.7027534345327504,False
United_States_of_America.regions.Mississippi:Stone,101.92251815980629,0.6210653753026635,100.78726930058001,0.7027534345327504,False
United_States_of_America.regions.Mississippi:Tate,93.8547215496368,0.6210653753026635,81.42752480932467,0.7027534345327504,False
United_States_of_America.regions.Mississippi:Tippah,91.81961259079903,4.858353510895884,104.60808775872123,24.186725948608505,False
United_States_of_America.regions.Mississippi:Tishomingo,110.39951573849879,0.6210653753026635,104.52877047290352,0.7027534345327504,False
United_States_of_America.regions.Mississippi:Tunica,95.44430992736079,0.7421307506053268,145.52690353267647,9.47820109154256,False
United_States_of_America.regions.Mississippi:Union,106.727602905569,0.47457627118644075,103.77727736332155,1.7719127481245036,False
United_States_of_America.regions.Mississippi:Walthall,99.06416464891042,0.6210653753026635,76.38462093601481,0.7027534345327504,False
United_States_of_America.regions.Mississippi:Webster,104.60048426150122,0.7469733656174335,96.038054240433,9.468287487788237,False
United_States_of_America.regions.Mississippi:Yalobusha,103.4673123486683,0.6210653753026635,90.9241806569761,0.7027534345327504,False
United_States_of_America.regions.Missouri:Andrew,108.24334140435836,0.6210653753026635,87.87383860498218,0.7027534345327504,False
United_States_of_America.regions.Missouri:Caldwell,113.92978208232445,0.6210653753026635,111.11429335923027,0.7027534345327504,False
United_States_of_America.regions.Missouri:Carter,113.40193704600485,0.6997578692493946,112.17091803529017,14.981911536975806,False
United_States_of_America.regions.Missouri:Cedar,111.11864406779661,0.6210653753026635,112.04729656089968,0.7027534345327504,False
United_States_of_America.regions.Missouri:Clark,115.363196125908,0.6210653753026635,121.68089455383694,0.7027534345327504,False
United_States_of_America.regions.Missouri:Clinton,107.50121065375302,0.6210653753026635,106.62069967694626,0.7027534345327504,False
United_States_of_America.regions.Missouri:DeKalb,113.40920096852301,0.6210653753026635,117.15125411523618,0.7027534345327504,False
United_States_of_America.regions.Missouri:Gentry,115.2675544794189,0.6210653753026635,120.03670131294626,0.7027534345327504,False
United_States_of_America.regions.Missouri:Holt,88.23338692390139,0.36977491961414793,89.00591003226297,0.4184110161289807,False
United_States_of_America.regions.Missouri:Howard,114.19612590799031,0.6210653753026635,117.38575997246758,0.7027534345327504,False
United_States_of_America.regions.Missouri:Lewis,59.2962962962963,0.7171000788022065,59.54193028804234,9.701118866849406,False
United_States_of_America.regions.Missouri:Madison,114.58353510895886,0.6210653753026635,118.28842476582855,0.7027534345327504,False
United_States_of_America.regions.Missouri:Marion,60.375886524822704,0.2600472813238771,63.36755923354929,0.29425101987403496,False
United_States_of_America.regions.Missouri:Mississippi,28.47646705387543,0.06208692169036652,282.5327995878088,0.07025314756310143,False
United_States_of_America.regions.Missouri:Moniteau,94.93462469733656,0.6210653753026635,38.53479922503616,0.7027534345327504,False
United_States_of_America.regions.Missouri:Perry,95.07869249394673,0.6210653753026635,105.4246403436875,0.7027534345327504,False
United_States_of_America.regions.Missouri:Ralls,115.363196125908,0.6210653753026635,123.92253235935324,0.7027534345327504,False
United_States_of_America.regions.Missouri:Randolph,109.5593220338983,0.6210653753026635,113.65091607746272,0.7027534345327504,False
United_States_of_America.regions.Missouri:Schuyler,1.75,0.0,18.347522932643237,0.0,False
United_States_of_America.regions.Missouri:Scotland,112.48547215496367,0.6210653753026635,107.85842988369623,0.7027534345327504,False
United_States_of_America.regions.Missouri:Scott,82.409200968523,0.1791767554479419,58.06085632151055,0.7152324572494712,False
United_States_of_America.regions.Missouri:Shelby,115.363196125908,0.6210653753026635,120.87881433941534,0.7027534345327504,False
United_States_of_America.regions.Missouri:Stone,113.39225181598064,0.6210653753026635,124.00941308565764,0.7027534345327504,False
United_States_of_America.regions.Missouri:Warren,102.10774818401936,0.6210653753026635,103.02483835778857,0.7027534345327504,False
United_States_of_America.regions.Missouri:Worth,115.31476997578693,0.6210653753026635,110.02113642765738,0.7027534345327504,False
United_States_of_America.regions.Nebraska:Burt,112.12469733656175,0.6210653753026635,85.00579896098385,0.7027534345327504,False
United_States_of_America.regions.Nebraska:Colfax,40.55084745762712,0.34866828087167073,1244.773434605491,2.197045634515919,False
United_States_of_America.regions.Nebraska:Dakota,1002.9564164648913,6.278450363196125,5457.663609584348,33.75003663087617,False
United_States_of_America.regions.Nebraska:Dixon,34.110285006195795,0.1699415825809878,306.9459573835855,0.1922938157203175,False
United_States_of_America.regions.Nebraska:Gosper,109.65254237288136,0.6210653753026635,205.55045970035576,0.7027534345327504,False
United_States_of_America.regions.Nebraska:Johnson,112.71065375302663,0.6210653753026635,90.78183640275749,0.7027534345327504,False
United_States_of_America.regions.Nebraska:Kearney,112.8668280871671,0.6210653753026635,101.96947979685595,0.7027534345327504,False
United_States_of_America.regions.Nebraska:Merrick,102.84745762711866,0.6210653753026635,71.01563751924435,0.7027534345327504,False
United_States_of_America.regions.Nebraska:Nance,77.94817116226523,0.33611071882502475,68.16352470139957,0.38031899930413776,False
United_States_of_America.regions.Nebraska:Nemaha,115.363196125908,0.6210653753026635,121.81859459481748,0.7027534345327504,False
United_States_of_America.regions.Nebraska:Polk,108.67796610169493,0.6210653753026635,101.73362641985608,0.7027534345327504,False
United_States_of_America.regions.Nebraska:Stanton,109.08837772397096,0.6210653753026635,49.361331266131714,0.7027534345327504,False
United_States_of_America.regions.Nebraska:Thurston,11.386686245717083,0.0,190.98264968338586,0.0,False
United_States_of_America.regions.Nebraska:Washington,103.22397094430993,0.47457627118644075,104.06699360336793,2.7372343146721683,False
United_States_of_America.regions.Nebraska:Wayne,114.23607748184023,0.6210653753026635,111.41381884676713,0.7027534345327504,False
United_States_of_America.regions.Nevada:Carson City,100.07384987893464,0.6210653753026635,103.02622490479698,0.7027534345327504,False
United_States_of_America.regions.Nevada:Storey,1.0,0.0,21.991126002955074,0.0,False
United_States_of_America.regions.New Jersey:Cape May,60.67796610169492,9.073849878934626,64.06483924464492,9.83073264662555,False
United_States_of_America.regions.New Jersey:Salem,39.36682808716708,4.050847457627119,62.41562954078698,6.786086563751745,False
United_States_of_America.regions.New Mexico:Los Alamos,110.85351089588379,0.6210653753026635,115.20827293713289,0.7027534345327504,False
United_States_of_America.regions.New York:Orleans,73.46004842615012,1.3220338983050848,51.98253661661903,4.112619467944818,False
United_States_of_America.regions.New York:Putnam,301.00242130750604,18.93583535108959,292.8404861839285,19.188317279861327,False
United_States_of_America.regions.New York:Schuyler,110.14891041162227,0.6210653753026635,110.39903963194017,0.7027534345327504,False
United_States_of_America.regions.New York:Seneca,90.10653753026635,0.8135593220338984,77.59298062379521,2.1486968583128494,False
United_States_of_America.regions.New York:Yates,102.31719128329298,0.7518159806295401,92.46889148854505,4.807949234484243,False
United_States_of_America.regions.North Carolina:Alexander,112.3716707021792,0.6210653753026635,121.48764994222796,0.7027534345327504,False
United_States_of_America.regions.North Carolina:Alleghany,113.06053268765133,0.6210653753026635,108.68692003506675,0.7027534345327504,False
United_States_of_America.regions.North Carolina:Ashe,110.18401937046006,0.6210653753026635,113.02335932630714,0.7027534345327504,False
United_States_of_America.regions.North Carolina:Avery,0.6,0.0,5.710969609678888,0.0,False
United_States_of_America.regions.North Carolina:Camden,10.900906002265007,0.0,9.921326322654375,0.0,False
United_States_of_America.regions.North Carolina:Caswell,99.43704600484263,0.6210653753026635,64.74846937622154,0.7027534345327504,False
United_States_of_America.regions.North Carolina:Cherokee,105.27602905569009,0.6997578692493946,103.63857572790923,2.5764883472219045,False
United_States_of_America.regions.North Carolina:Chowan,109.82324455205811,0.6210653753026635,103.58713637931949,0.7027534345327504,False
United_States_of_America.regions.North Carolina:Clay,111.77602905569009,0.6210653753026635,110.0983605759928,0.7027534345327504,False
United_States_of_America.regions.North Carolina:Currituck,113.01937046004844,0.6210653753026635,121.31107992570435,0.7027534345327504,False
United_States_of_America.regions.North Carolina:Dare,106.61743341404357,0.7203389830508475,111.65852197196806,2.0205413878149225,False
United_States_of_America.regions.North Carolina:Davie,99.43220338983049,1.3656174334140436,100.86028233595806,3.4876015944979617,False
United_States_of_America.regions.North Carolina:Gates,109.1041162227603,0.6210653753026635,91.49788898398346,0.7027534345327504,False
United_States_of_America.regions.North Carolina:Graham,8.525993883792049,0.0,12.783435867777126,0.0,False
United_States_of_America.regions.North Carolina:Greene,104.11501210653753,0.6210653753026635,95.49096565583098,0.7027534345327504,False
United_States_of_America.regions.North Carolina:Hertford,98.70096852300243,0.6743341404358354,62.94830007729999,3.1526037888573843,False
United_States_of_America.regions.North Carolina:Jones,102.15980629539952,1.4430992736077486,93.20477077595703,19.181325086883575,False
United_States_of_America.regions.North Carolina:Lee,65.60653753026635,0.6210653753026635,50.08990166977124,0.7027534345327504,False
United_States_of_America.regions.North Carolina:Lincoln,101.79418886198549,0.6210653753026635,114.8172661711335,0.7027534345327504,False
United_States_of_America.regions.North Carolina:Madison,18.02398433675967,0.0,15.443656551713357,0.0,False
United_States_of_America.regions.North Carolina:Martin,101.43462469733657,0.34866828087167073,83.40080692262403,0.8673086919564108,False
United_States_of_America.regions.North Carolina:Mitchell,111.63559322033899,0.6210653753026635,113.83554475176088,0.7027534345327504,False
United_States_of_America.regions.North Carolina:Montgomery,99.43946731234867,0.6041162227602906,86.04033126903485,3.102120171932291,False
United_States_of_America.regions.North Carolina:Pamlico,110.11016949152544,0.6210653753026635,103.16188009170585,0.7027534345327504,False
United_States_of_America.regions.North Carolina:Pasquotank,96.90920096852301,0.2675544794188862,88.58174936010612,0.5265418044385597,False
United_States_of_America.regions.North Carolina:Perquimans,107.04842615012109,0.2953995157384988,84.69513126975755,2.1682796469732017,False
United_States_of_America.regions.North Carolina:Person,101.62348668280873,0.3075060532687652,101.16117840598723,0.5192310861831797,False
United_States_of_America.regions.North Carolina:Polk,102.6585956416465,0.6210653753026635,82.91347234064689,0.7027534345327504,False
United_States_of_America.regions.North Carolina:Scotland,103.9322033898305,0.6210653753026635,97.90960231238282,0.7027534345327504,False
United_States_of_America.regions.North Carolina:Transylvania,110.1089588377724,0.6210653753026635,117.9773737243827,0.7027534345327504,False
United_States_of_America.regions.North Carolina:Tyrrell,97.22247677230494,0.5001909125620465,96.65225970117893,0.5659804840251274,False
United_States_of_America.regions.North Carolina:Vance,80.82203389830508,1.1331719128329298,61.7661047484427,3.2362547346276704,False
United_States_of_America.regions.North Carolina:Warren,103.8583535108959,0.6210653753026635,73.27469880516851,0.7027534345327504,False
United_States_of_America.regions.North Carolina:Washington,100.544794188862,1.4249394673123486,100.87935871076111,16.965682166633158,False
United_States_of_America.regions.North Carolina:Watauga,109.50000000000001,0.6210653753026635,120.38672972793427,0.7027534345327504,False
United_States_of_America.regions.North Carolina:Yadkin,102.909200968523,0.5690072639225182,102.10228638157281,1.5825494517324468,False
United_States_of_America.regions.North Carolina:Yancey,3.2511848341232237,0.0,40.50413213290545,0.0,False
United_States_of_America.regions.Ohio:Auglaize,94.93462469733657,1.619854721549637,93.97113105890342,4.205517322546934,False
United_States_of_America.regions.Ohio:Carroll,103.08837772397095,0.3075060532687652,96.37360703964532,0.7253070906637245,False
United_States_of_America.regions.Ohio:Champaign,107.80992736077484,0.5472154963680387,112.81710683096647,1.4752640077336225,False
United_States_of_America.regions.Ohio:Clinton,97.44915254237289,0.6428571428571429,94.85877700400903,0.7546781570701108,False
United_States_of_America.regions.Ohio:Crawford,88.94673123486683,0.6210653753026635,81.56026241404658,0.7027534345327504,False
United_States_of_America.regions.Ohio:Defiance,103.82082324455207,0.3075060532687652,104.909179467811,0.5306371316341139,False
United_States_of_America.regions.Ohio:Erie,90.0956416464891,1.2372881355932204,96.92872430723891,1.7995403619500063,False
United_States_of_America.regions.Ohio:Fayette,105.17554479418887,0.6210653753026635,101.47123178218892,0.7027534345327504,False
United_States_of_America.regions.Ohio:Fulton,100.43825665859566,0.6210653753026635,99.59209503688284,0.7027534345327504,False
United_States_of_America.regions.Ohio:Gallia,111.18401937046005,0.75181598062954,116.93084995923958,2.619099141417078,False
United_States_of_America.regions.Ohio:Hardin,98.86924939467312,0.6210653753026635,93.73859481190378,0.7027534345327504,False
United_States_of_America.regions.Ohio:Harrison,82.38290460878885,0.36977491961414793,71.72109957106261,0.4184110161289807,False
United_States_of_America.regions.Ohio:Henry,109.86440677966101,0.6210653753026635,111.17808763198175,0.7027534345327504,False
United_States_of_America.regions.Ohio:Hocking,91.5726392251816,0.7554479418886199,62.41251176518613,3.490672917763722,False
United_States_of_America.regions.Ohio:Holmes,111.63559322033898,0.47457627118644075,121.27071541699341,1.1335437442351661,False
United_States_of_America.regions.Ohio:Jackson,109.998789346247,0.6210653753026635,114.76546664125209,0.7027534345327504,False
United_States_of_America.regions.Ohio:Meigs,113.84624697336561,0.6210653753026635,121.82267572875367,0.7027534345327504,False
United_States_of_America.regions.Ohio:Monroe,108.94430992736078,0.6210653753026635,82.01783159230466,0.7027534345327504,False
United_States_of_America.regions.Ohio:Morgan,112.11743341404359,0.6210653753026635,111.81979874028458,0.7027534345327504,False
United_States_of_America.regions.Ohio:Morrow,75.00968523002422,0.3292978208232446,44.87045911094508,1.0123388983265424,False
United_States_of_America.regions.Ohio:Noble,111.26876513317191,0.6210653753026635,109.81757005854955,0.7027534345327504,False
United_States_of_America.regions.Ohio:Ottawa,91.03753026634384,0.30024213075060535,84.00721775157197,0.5326204647051048,False
United_States_of_America.regions.Ohio:Paulding,108.7227602905569,0.6210653753026635,107.66910442862618,0.7027534345327504,False
United_States_of_America.regions.Ohio:Perry,106.33535108958837,0.3910411622276029,110.36578400000775,0.5058525035607544,False
United_States_of_America.regions.Ohio:Pike,114.10774818401937,0.6210653753026635,123.63447199851247,0.7027534345327504,False
United_States_of_America.regions.Ohio:Preble,99.22518159806296,0.7251815980629541,101.35443633853748,1.8359072449466733,False
United_States_of_America.regions.Ohio:Putnam,80.79903147699758,7.58353510895884,88.58493502407563,23.527483369641672,False
United_States_of_America.regions.Ohio:Van Wert,113.69612590799031,0.6210653753026635,122.92736664041736,0.7027534345327504,False
United_States_of_America.regions.Ohio:Vinton,6.6911314984709485,0.0,93.23590378958853,0.0,False
United_States_of_America.regions.Ohio:Williams,90.01452784503634,0.6440677966101696,75.48968887680861,1.83059068800774,False
United_States_of_America.regions.Ohio:Wyandot,99.83535108958839,1.2639225181598064,83.28499323748916,7.076525458009331,False
United_States_of_America.regions.Oklahoma:Coal,1.0,0.0,15.935304303648246,0.0,False
United_States_of_America.regions.Oklahoma:Love,114.28208232445522,0.6210653753026635,118.81874945530244,0.7027534345327504,False
United_States_of_America.regions.Oklahoma:Marshall,114.2590799031477,0.6210653753026635,121.23254004003746,0.7027534345327504,False
United_States_of_America.regions.Oklahoma:Murray,114.66828087167072,0.6210653753026635,120.58758369459933,0.7027534345327504,False
United_States_of_America.regions.Oklahoma:Ottawa,96.87167070217919,0.22760290556900728,91.06723385604027,0.8294682571112412,False
United_States_of_America.regions.Pennsylvania:Cameron,115.2675544794189,0.6210653753026635,116.63115466499684,0.7027534345327504,False
United_States_of_America.regions.Pennsylvania:Forest,110.09806295399517,0.6210653753026635,105.26760044875225,0.7027534345327504,False
United_States_of_America.regions.Pennsylvania:Fulton,111.04479418886199,0.5799031476997579,99.36486733225334,0.8928922442781743,False
United_States_of_America.regions.Pennsylvania:Juniata,75.64648910411623,0.4346246973365618,117.19939112924007,0.6008424451271653,False
United_States_of_America.regions.Pennsylvania:Mifflin,92.80508474576273,0.6210653753026635,88.04231831764716,0.7027534345327504,False
United_States_of_America.regions.Pennsylvania:Montour,89.06174334140437,0.6210653753026635,108.6110081152078,0.7027534345327504,False
United_States_of_America.regions.Pennsylvania:Snyder,96.13801452784504,0.7469733656174335,95.75951119935704,1.9137517053949644,False
United_States_of_America.regions.Pennsylvania:Sullivan,115.363196125908,0.6210653753026635,121.0197927072366,0.7027534345327504,False
United_States_of_America.regions.Pennsylvania:Union,94.88377723970945,0.4346246973365618,95.0306474927024,0.48649016199314177,False
United_States_of_America.regions.Pennsylvania:Wyoming,99.05932203389831,1.2058111380145278,86.7691639446992,6.115476442742727,False
United_States_of_America.regions.Rhode Island:Bristol,58.929782082324465,0.6210653753026635,60.09799300491317,0.7027534345327504,False
United_States_of_America.regions.Rhode Island:Newport,68.27602905569009,0.5242130750605327,76.51380328628036,0.6099690313176154,False
United_States_of_America.regions.South Carolina:Abbeville,103.23486682808716,0.6210653753026635,86.23748196364502,0.7027534345327504,False
United_States_of_America.regions.South Carolina:Allendale,105.03268765133174,0.48184019370460046,50.61563832667966,11.991831844095978,False
United_States_of_America.regions.South Carolina:Bamberg,107.55569007263921,0.6210653753026635,92.38644793826562,0.7027534345327504,False
United_States_of_America.regions.South Carolina:Calhoun,111.46610169491524,0.6271186440677966,107.54059541884037,5.24528087738949,False
United_States_of_America.regions.South Carolina:Dillon,98.19854721549638,0.6210653753026635,72.45392747502137,0.7027534345327504,False
United_States_of_America.regions.South Carolina:Edgefield,102.69491525423727,0.19128329297820826,89.45348617920548,0.8738499489025219,False
United_States_of_America.regions.South Carolina:Lee,89.18886198547216,2.708232445520581,70.02046841819912,19.08152170703633,False
United_States_of_America.regions.South Carolina:Marion,96.60653753026635,0.7675544794188863,73.96579154803976,3.2028360287002524,False
United_States_of_America.regions.South Carolina:Marlboro,94.1864406779661,0.6210653753026635,62.51792170231863,0.7027534345327504,False
United_States_of_America.regions.South Carolina:McCormick,110.56295399515739,0.7457627118644069,102.40026299327695,9.698403716589027,False
United_States_of_America.regions.South Carolina:Saluda,104.2590799031477,0.6210653753026635,77.2940253386766,0.7027534345327504,False
United_States_of_America.regions.South Carolina:Union,100.32203389830508,0.6210653753026635,96.87962718532577,0.7027534345327504,False
United_States_of_America.regions.South Dakota:Buffalo,8.275229357798164,0.0,98.69242826510589,0.0,False
United_States_of_America.regions.South Dakota:Clay,111.01573849878935,0.6210653753026635,110.54490837632764,0.7027534345327504,False
United_States_of_America.regions.South Dakota:Davison,113.7046004842615,0.7615012106537532,120.35579056919116,4.354136578109475,False
United_States_of_America.regions.South Dakota:Douglas,12.129671574178936,0.0,22.167728220734677,0.0,False
United_States_of_America.regions.South Dakota:Hamlin,114.60048426150122,0.6210653753026635,111.99832138288133,0.7027534345327504,False
United_States_of_America.regions.South Dakota:Moody,69.17539895494988,0.33611071882502475,95.23693555413884,0.38031899930413776,False
United_States_of_America.regions.South Dakota:Union,102.98789346246973,0.6210653753026635,58.50504792100247,0.7027534345327504,False
United_States_of_America.regions.Tennessee:Anderson,102.03874092009687,0.5242130750605327,113.6191121229347,0.6889014215912198,False
United_States_of_America.regions.Tennessee:Benton,111.5774818401937,0.26271186440677974,112.20600066673538,2.3987976406716225,False
United_States_of_America.regions.Tennessee:Bledsoe,223.99152542372883,0.6210653753026635,2103.870055800906,0.7027534345327504,False
United_States_of_America.regions.Tennessee:Cannon,107.67191283292979,0.6210653753026635,97.23674196126107,0.7027534345327504,False
United_States_of_America.regions.Tennessee:Cheatham,99.20702179176756,0.6210653753026635,96.8516513374189,0.7027534345327504,False
United_States_of_America.regions.Tennessee:Chester,109.1864406779661,0.6210653753026635,103.19802013572999,0.7027534345327504,False
United_States_of_America.regions.Tennessee:Claiborne,112.1138014527845,0.6210653753026635,119.21587139195388,0.7027534345327504,False
United_States_of_America.regions.Tennessee:Clay,111.51210653753027,0.6210653753026635,102.93190686891307,0.7027534345327504,False
United_States_of_America.regions.Tennessee:Cocke,107.70217917675544,0.6210653753026635,107.64624409700689,0.7027534345327504,False
United_States_of_America.regions.Tennessee:Crockett,55.77777777777778,0.22064617809298664,52.10722633098308,3.0837775072999896,False
United_States_of_America.regions.Tennessee:DeKalb,106.03389830508475,0.6210653753026635,98.59693056925657,0.7027534345327504,False
United_States_of_America.regions.Tennessee:Decatur,112.21307506053269,0.6210653753026635,113.69517284159886,0.7027534345327504,False
United_States_of_America.regions.Tennessee:Grainger,111.3765133171913,0.6210653753026635,115.73002791755766,0.7027534345327504,False
United_States_of_America.regions.Tennessee:Grundy,98.70338983050847,0.47457627118644075,99.07669105807938,4.608001466284168,False
United_States_of_America.regions.Tennessee:Hamblen,108.03995157384989,0.5968523002421308,118.95786009047639,0.9384549739213883,False
United_States_of_America.regions.Tennessee:Hancock,1.0,0.0,12.842682337510393,0.0,False
United_States_of_America.regions.Tennessee:Henderson,108.91888619854723,0.6210653753026635,109.06970686541115,0.7027534345327504,False
United_States_of_America.regions.Tennessee:Houston,112.96125907990314,0.6210653753026635,103.09910587992556,0.7027534345327504,False
United_States_of_America.regions.Tennessee:Jackson,109.84866828087168,0.6210653753026635,104.72286133702706,0.7027534345327504,False
United_States_of_America.regions.Tennessee:Jefferson,105.81113801452786,0.5375302663438257,113.1080111864487,0.6669981435127001,False
United_States_of_America.regions.Tennessee:Johnson,113.55811138014528,0.6210653753026635,118.56542233753643,0.7027534345327504,False
United_States_of_America.regions.Tennessee:Lake,85.81355932203391,0.6210653753026635,2698.4936600242163,0.7027534345327504,False
United_States_of_America.regions.Tennessee:Lauderdale,100.75665859564165,0.6210653753026635,90.2379794089595,0.7027534345327504,False
United_States_of_America.regions.Tennessee:Lewis,114.3680387409201,0.6210653753026635,121.04846406523865,0.7027534345327504,False
United_States_of_America.regions.Tennessee:Loudon,99.49273607748185,0.6210653753026635,103.90807805117983,0.7027534345327504,False
United_States_of_America.regions.Tennessee:Macon,92.42615012106538,1.8777239709443103,80.98339210157732,9.454101074234721,False
United_States_of_America.regions.Tennessee:Marion,98.53995157384989,0.6876513317191283,95.80231832989456,2.50114223456254,False
United_States_of_America.regions.Tennessee:Marshall,99.98789346246974,0.6743341404358354,99.09900237954331,2.045627789182677,False
United_States_of_America.regions.Tennessee:Meigs,111.27966101694916,0.6210653753026635,98.83511036225066,0.7027534345327504,False
United_States_of_America.regions.Tennessee:Moore,86.29340836012862,0.36977491961414793,84.367380331932,0.4184110161289807,False
United_States_of_America.regions.Tennessee:Overton,110.03389830508475,0.6210653753026635,110.14051679243084,0.7027534345327504,False
United_States_of_America.regions.Tennessee:Perry,110.75786924939466,0.6210653753026635,84.80818273168335,0.7027534345327504,False
United_States_of_America.regions.Tennessee:Pickett,2.6976998904709752,0.0,26.87775729800925,0.0,False
United_States_of_America.regions.Tennessee:Polk,107.9225181598063,0.6210653753026635,97.00097286464658,0.7027534345327504,False
United_States_of_America.regions.Tennessee:Rhea,46.7757901013715,0.2996422182468694,79.49032529463399,0.33905383616238505,False
United_States_of_America.regions.Tennessee:Sequatchie,111.99152542372882,0.6210653753026635,108.25694565626372,0.7027534345327504,False
United_States_of_America.regions.Tennessee:Smith,101.6404358353511,0.5242130750605327,81.80600622392471,3.0811026174927485,False
United_States_of_America.regions.Tennessee:Stewart,110.08716707021793,0.6210653753026635,107.2308128136189,0.7027534345327504,False
United_States_of_America.regions.Tennessee:Trousdale,298.2542372881356,0.6464891041162228,3236.5326406560234,8.835275513009593,False
United_States_of_America.regions.Tennessee:Unicoi,115.1767554479419,0.6210653753026635,125.25148501650726,0.7027534345327504,False
United_States_of_America.regions.Tennessee:Union,113.56779661016951,0.6210653753026635,120.61225813951853,0.7027534345327504,False
United_States_of_America.regions.Tennessee:Van Buren,113.88135593220338,0.6210653753026635,103.85810074556063,0.7027534345327504,False
United_States_of_America.regions.Tennessee:Warren,110.2990314769976,0.6210653753026635,118.08331050186031,0.7027534345327504,False
United_States_of_America.regions.Tennessee:White,111.76634382566586,0.6210653753026635,116.53132131828943,0.7027534345327504,False
United_States_of_America.regions.Texas:Aransas,114.33414043583537,0.6210653753026635,124.31601235341267,0.7027534345327504,False
United_States_of_America.regions.Texas:Camp,110.6222760290557,0.6210653753026635,106.75700108976956,0.7027534345327504,False
United_States_of_America.regions.Texas:Delta,115.363196125908,0.6210653753026635,120.1722786315923,0.7027534345327504,False
United_States_of_America.regions.Texas:Franklin,114.99515738498788,0.6210653753026635,120.70593718345313,0.7027534345327504,False
United_States_of_America.regions.Texas:Madison,113.0726392251816,0.6210653753026635,112.04640566368207,0.7027534345327504,False
United_States_of_America.regions.Texas:Marion,70.71896624770514,0.33611071882502475,88.20462085252265,0.38031899930413776,False
United_States_of_America.regions.Texas:Morris,112.635593220339,0.6210653753026635,105.69603519554632,0.7027534345327504,False
United_States_of_America.regions.Texas:Orange,82.7808716707022,0.3910411622276029,92.356092607061,0.44509208373595116,False
United_States_of_America.regions.Texas:Rains,114.38861985472155,0.6210653753026635,121.00427476123396,0.7027534345327504,False
United_States_of_America.regions.Texas:Sabine,114.54842615012109,0.6210653753026635,116.31624541253568,0.7027534345327504,False
United_States_of_America.regions.Texas:Titus,99.0363196125908,0.6210653753026635,89.20501523165967,0.7027534345327504,False
United_States_of_America.regions.Vermont:Grand Isle,112.86077481840194,0.6210653753026635,106.15321460244606,0.7027534345327504,False
United_States_of_America.regions.Vermont:Lamoille,101.05690072639224,0.6271186440677966,98.44106480469361,2.7102953526845184,False
United_States_of_America.regions.Virginia:Accomack,59.27239709443099,0.43583535108958843,59.58322909728897,2.2683374893467643,False
United_States_of_America.regions.Virginia:Alleghany,111.51210653753027,0.6210653753026635,109.3280774461999,0.7027534345327504,False
United_States_of_America.regions.Virginia:Amelia,104.69854721549636,0.3292978208232446,91.82299638585576,3.616733900343564,False
United_States_of_America.regions.Virginia:Amherst,108.0084745762712,0.463680387409201,112.51059451656546,0.8445570688399193,False
United_States_of_America.regions.Virginia:Appomattox,100.90556900726392,0.6210653753026635,88.63287049482084,0.7027534345327504,False
United_States_of_America.regions.Virginia:Bristol city,115.22154963680387,0.6210653753026635,125.21142234837986,0.7027534345327504,False
United_States_of_America.regions.Virginia:Buena Vista city,110.53874092009686,0.6210653753026635,91.5200164141073,0.7027534345327504,False
United_States_of_America.regions.Virginia:Carroll,106.23607748184021,0.6210653753026635,99.13558253446516,0.7027534345327504,False
United_States_of_America.regions.Virginia:Charles City,108.48668280871671,0.34866828087167073,68.18605247302143,3.565483018610228,False
United_States_of_America.regions.Virginia:Charlotte,108.37651331719131,0.6210653753026635,93.3744933668987,0.7027534345327504,False
United_States_of_America.regions.Virginia:Charlottesville city,90.93099273607749,0.513317191283293,87.54847656324584,1.2925482064094664,False
United_States_of_America.regions.Virginia:Clarke,108.07627118644069,0.6210653753026635,91.80632688944912,0.7027534345327504,False
United_States_of_America.regions.Virginia:Colonial Heights city,84.73849878934625,4.566585956416466,208.4214888530187,29.162827058956765,False
United_States_of_America.regions.Virginia:Covington city,2.166982922201139,0.0,35.188836354407734,0.0,False
United_States_of_America.regions.Virginia:Craig,113.20338983050848,0.6210653753026635,95.01168670442469,0.7027534345327504,False
United_States_of_America.regions.Virginia:Cumberland,106.91888619854723,0.6210653753026635,97.00956314244966,0.7027534345327504,False
United_States_of_America.regions.Virginia:Danville city,96.19370460048427,0.22760290556900728,91.8062664757643,0.6328653849481803,False
United_States_of_America.regions.Virginia:Dinwiddie,97.53510895883777,0.6210653753026635,81.15029451675929,0.7027534345327504,False
United_States_of_America.regions.Virginia:Emporia city,90.45520581113803,1.2530266343825667,387.7850224533298,34.353213824824344,False
United_States_of_America.regions.Virginia:Essex,61.47013133738173,0.33611071882502475,112.0241849908531,0.38031899930413776,False
United_States_of_America.regions.Virginia:Fairfax city,92.4322033898305,1.7094430992736078,82.56146980362871,9.000017182796327,False
United_States_of_America.regions.Virginia:Falls Church city,94.07869249394673,2.8474576271186445,131.52465728513127,23.026623335127972,False
United_States_of_America.regions.Virginia:Floyd,113.66585956416465,0.6210653753026635,115.20111628447785,0.7027534345327504,False
United_States_of_America.regions.Virginia:Fluvanna,75.25786924939469,1.4600484261501212,76.3461295264242,6.928760322169796,False
United_States_of_America.regions.Virginia:Franklin city,100.90799031476999,0.2288135593220339,99.10761372970116,4.30563668881169,False
United_States_of_America.regions.Virginia:Fredericksburg city,98.45157384987894,0.6210653753026635,83.11844716166142,0.7027534345327504,False
United_States_of_America.regions.Virginia:Galax city,111.2493946731235,0.6210653753026635,58.51806353071239,0.7027534345327504,False
United_States_of_America.regions.Virginia:Giles,111.6125907990315,0.6210653753026635,112.81569350170003,0.7027534345327504,False
United_States_of_America.regions.Virginia:Gloucester,101.20096852300242,0.2675544794188862,101.58112973913464,0.553547984689,False
United_States_of_America.regions.Virginia:Goochland,81.95036319612592,0.34019370460048426,47.14301615438413,3.344142030895397,False
United_States_of_America.regions.Virginia:Grayson,6.418960244648319,0.0,90.40820019847509,0.0,False
United_States_of_America.regions.Virginia:Greene,108.6767554479419,0.3292978208232446,101.70925966625624,2.1621570562563486,False
United_States_of_America.regions.Virginia:Greensville,91.45157384987894,3.167070217917676,122.84833658178425,32.71410959669819,False
United_States_of_America.regions.Virginia:Harrisonburg city,30.461259079903147,0.6210653753026635,39.539127448184736,0.7027534345327504,False
United_States_of_America.regions.Virginia:Highland,31.48467854996996,0.06208692169036652,57.29990843371352,0.07025314756310143,False
United_States_of_America.regions.Virginia:Hopewell city,99.93704600484261,0.6210653753026635,82.78228217445034,0.7027534345327504,False
United_States_of_America.regions.Virginia:Isle of Wight,67.04237288135593,0.3910411622276029,64.40714196663693,1.3918342923125562,False
United_States_of_America.regions.Virginia:James City,74.87772397094432,2.2699757869249395,84.70120516808002,3.0752494694668355,False
United_States_of_America.regions.Virginia:King George,97.64164648910413,1.5847457627118646,80.93753238055679,7.516843890010877,False
United_States_of_America.regions.Virginia:King William,111.09443099273608,0.19128329297820826,103.50441846225554,1.80355681928376,False
United_States_of_America.regions.Virginia:King and Queen,113.8813559322034,0.6210653753026635,108.133426263429,0.7027534345327504,False
United_States_of_America.regions.Virginia:Lancaster,114.44915254237289,0.6210653753026635,115.45561598161838,0.7027534345327504,False
United_States_of_America.regions.Virginia:Lee,110.28934624697337,0.6210653753026635,109.27111852204199,0.7027534345327504,False
United_States_of_America.regions.Virginia:Lexington city,112.47094430992735,0.6210653753026635,101.4296113178676,0.7027534345327504,False
United_States_of_America.regions.Virginia:Lunenburg,111.77360774818403,0.6210653753026635,107.03280173804932,0.7027534345327504,False
United_States_of_America.regions.Virginia:Lynchburg city,86.94188861985472,0.3292978208232446,96.58733510507822,0.4047980822956655,False
United_States_of_America.regions.Virginia:Madison,106.29661016949154,0.6210653753026635,80.76995023268508,0.7027534345327504,False
United_States_of_America.regions.Virginia:Manassas Park city,72.76755447941889,0.4152542372881356,144.48652323600962,4.132103640719515,False
United_States_of_America.regions.Virginia:Manassas city,34.72760290556901,0.48184019370460046,155.86231282318022,1.3734161725417606,False
United_States_of_America.regions.Virginia:Mathews,113.22276029055692,0.6210653753026635,108.25666932451136,0.7027534345327504,False
United_States_of_America.regions.Virginia:Middlesex,108.65980629539952,0.6210653753026635,84.61505664136028,0.7027534345327504,False
United_States_of_America.regions.Virginia:Nelson,110.67554479418887,0.6210653753026635,103.8667122732939,0.7027534345327504,False
United_States_of_America.regions.Virginia:New Kent,101.05205811138015,0.48789346246973375,91.34618457599932,2.4430273970292467,False
United_States_of_America.regions.Virginia:Northampton,83.6719128329298,0.5254237288135594,148.6275755071379,0.87017759115396,False
United_States_of_America.regions.Virginia:Northumberland,109.90193704600485,0.6210653753026635,95.31434887700536,0.7027534345327504,False
United_States_of_America.regions.Virginia:Norton city,38.18848758465011,0.11851015801354402,42.79269796845154,0.1340976713288042,False
United_States_of_America.regions.Virginia:Nottoway,108.55326876513318,0.6210653753026635,89.32828720665786,0.7027534345327504,False
United_States_of_America.regions.Virginia:Orange,97.36319612590799,0.6210653753026635,90.56661711799423,0.7027534345327504,False
United_States_of_America.regions.Virginia:Page,56.11743341404358,1.7869249394673123,153.28762112309363,9.371676800468403,False
United_States_of_America.regions.Virginia:Patrick,34.44996237772761,0.11851015801354402,23.792895580572065,0.1340976713288042,False
United_States_of_America.regions.Virginia:Petersburg city,94.80992736077482,0.9430992736077484,84.27442086179914,3.67701226422372,False
United_States_of_America.regions.Virginia:Poquoson city,110.91767554479419,0.6210653753026635,109.06965065490735,0.7027534345327504,False
United_States_of_America.regions.Virginia:Portsmouth city,68.19491525423729,2.228813559322034,79.65750397267261,2.316250076796618,False
United_States_of_America.regions.Virginia:Powhatan,106.66222760290557,0.6210653753026635,104.7904813277996,0.7027534345327504,False
United_States_of_America.regions.Virginia:Prince Edward,108.8765133171913,0.19128329297820826,99.57673675670254,1.1820903612941736,False
United_States_of_America.regions.Virginia:Prince George,97.86561743341404,0.6210653753026635,98.28837900111779,0.7027534345327504,False
United_States_of_America.regions.Virginia:Pulaski,108.61016949152544,0.6210653753026635,114.96445616283886,0.7027534345327504,False
United_States_of_America.regions.Virginia:Radford city,114.39830508474576,0.6210653753026635,121.1114980015023,0.7027534345327504,False
United_States_of_America.regions.Virginia:Rappahannock,110.57990314769977,0.6210653753026635,69.06787691507608,0.7027534345327504,False
United_States_of_America.regions.Virginia:Richmond,52.51452784503632,0.38740920096852305,1139.645584303554,8.955968192418805,False
United_States_of_America.regions.Virginia:Roanoke,89.18280871670703,0.6210653753026635,102.60071849915921,0.7027534345327504,False
United_States_of_America.regions.Virginia:Roanoke city,82.57748184019371,0.6210653753026635,96.99649775699092,0.7027534345327504,False
United_States_of_America.regions.Virginia:Russell,112.09200968523002,0.6210653753026635,116.41962690645408,0.7027534345327504,False
United_States_of_America.regions.Virginia:Salem city,98.53631961259082,0.6210653753026635,69.20107907352103,0.7027534345327504,False
United_States_of_America.regions.Virginia:Smyth,106.46973365617434,0.6210653753026635,109.44515874901802,0.7027534345327504,False
United_States_of_America.regions.Virginia:Staunton city,105.23365617433414,0.6210653753026635,97.81043132123506,0.7027534345327504,False
United_States_of_America.regions.Virginia:Surry,112.64164648910413,0.47457627118644075,105.88718900935486,10.400875661273663,False
United_States_of_America.regions.Virginia:Sussex,95.15133171912834,0.5,112.99623420516636,5.915212237536854,False
United_States_of_America.regions.Virginia:Warren,86.44673123486683,0.6210653753026635,68.73055040880647,0.7027534345327504,False
United_States_of_America.regions.Virginia:Waynesboro city,105.34140435835353,0.6210653753026635,94.83501889833728,0.7027534345327504,False
United_States_of_America.regions.Virginia:Westmoreland,95.22881355932203,0.6210653753026635,62.18812111235966,0.7027534345327504,False
United_States_of_America.regions.Virginia:Williamsburg city,103.32687651331722,0.7360774818401937,96.31494847054708,5.814407667422851,False
United_States_of_America.regions.Virginia:Winchester city,90.18038740920097,0.6210653753026635,71.29930866041065,0.7027534345327504,False
United_States_of_America.regions.Virginia:Wise,102.06537530266343,0.7106537530266345,104.8715744243981,1.9738841721513214,False
United_States_of_America.regions.Virginia:Wythe,107.20944309927361,0.4200968523002422,108.39986881272932,1.5932849201126589,False
United_States_of_America.regions.Virginia:York,91.64769975786926,0.44794188861985473,98.03167418812627,0.6717608629640188,False
United_States_of_America.regions.Washington:Island,72.25786924939467,4.399515738498789,82.27044278250165,5.194030857173305,False
United_States_of_America.regions.Washington:San Juan,105.3087167070218,0.6210653753026635,96.12829180975895,0.7027534345327504,False
United_States_of_America.regions.Washington:Wahkiakum,113.953995157385,0.6210653753026635,104.10867015038389,0.7027534345327504,False
United_States_of_America.regions.West Virginia:Barbour,111.63680387409202,0.44794188861985473,113.35270178349693,3.4724225156290505,False
United_States_of_America.regions.West Virginia:Brooke,113.39467312348668,0.6210653753026635,122.04590752116242,0.7027534345327504,False
United_States_of_America.regions.West Virginia:Cabell,92.1041162227603,0.6210653753026635,104.9313297072953,0.7027534345327504,False
United_States_of_America.regions.West Virginia:Calhoun,14.07045215562566,0.0,9.163269150397113,0.0,False
United_States_of_America.regions.West Virginia:Clay,2.6005204944697464,0.0,18.045960485601363,0.0,False
United_States_of_America.regions.West Virginia:Gilmer,13.675477239353894,0.0,65.13408683084722,0.0,False
United_States_of_America.regions.West Virginia:Grant,112.8135593220339,0.6210653753026635,102.5432913403188,0.7027534345327504,False
United_States_of_America.regions.West Virginia:Hancock,109.07142857142857,0.6210653753026635,113.40465994782653,0.7027534345327504,False
United_States_of_America.regions.West Virginia:Jackson,57.653753026634384,3.342615012106538,90.91815205681232,13.167908615471452,False
United_States_of_America.regions.West Virginia:Jefferson,79.65375302663439,0.6210653753026635,76.51763962724094,0.7027534345327504,False
United_States_of_America.regions.West Virginia:Lewis,112.86198547215497,0.6210653753026635,114.66873292330274,0.7027534345327504,False
United_States_of_America.regions.West Virginia:Lincoln,97.4210258368334,0.5001909125620465,96.91414302631703,0.5659804840251274,False
United_States_of_America.regions.West Virginia:Logan,107.51331719128328,0.5472154963680387,109.99087940521015,1.8030688589547204,False
United_States_of_America.regions.West Virginia:Marion,92.72276029055692,1.2893462469733656,97.87592348308168,2.3631766719336156,False
United_States_of_America.regions.West Virginia:Marshall,109.04842615012107,0.6210653753026635,112.33654406492133,0.7027534345327504,False
United_States_of_America.regions.West Virginia:Mason,107.06416464891042,0.6210653753026635,107.92164761218407,0.7027534345327504,False
United_States_of_America.regions.West Virginia:Mineral,102.14648910411623,0.6210653753026635,92.69867187026585,0.7027534345327504,False
United_States_of_America.regions.West Virginia:Mingo,113.83050847457628,0.7469733656174335,122.14703799243391,3.50435105216329,False
United_States_of_America.regions.West Virginia:Monroe,110.89225181598064,0.6210653753026635,109.3308176828885,0.7027534345327504,False
United_States_of_America.regions.West Virginia:Morgan,107.31355932203388,0.6210653753026635,96.50622804063966,0.7027534345327504,False
United_States_of_America.regions.West Virginia:Ohio,100.0726392251816,0.5242130750605327,102.02445849614689,1.3264699111957154,False
United_States_of_America.regions.West Virginia:Pleasants,114.73365617433414,0.6210653753026635,113.73756406532112,0.7027534345327504,False
United_States_of_America.regions.West Virginia:Ritchie,4.696682464454977,0.0,4.581228983048127,0.0,False
United_States_of_America.regions.West Virginia:Roane,111.76513317191284,0.6210653753026635,104.55964673238526,0.7027534345327504,False
United_States_of_America.regions.West Virginia:Summers,115.363196125908,0.6210653753026635,124.92065272874389,0.7027534345327504,False
United_States_of_America.regions.West Virginia:Taylor,109.75786924939469,0.6210653753026635,106.40906409928245,0.7027534345327504,False
United_States_of_America.regions.West Virginia:Tucker,112.83898305084746,0.6210653753026635,104.47536241173815,0.7027534345327504,False
United_States_of_America.regions.West Virginia:Tyler,113.41888619854721,0.6210653753026635,115.01852446536213,0.7027534345327504,False
United_States_of_America.regions.West Virginia:Upshur,112.91767554479419,0.6210653753026635,118.61695170416736,0.7027534345327504,False
United_States_of_America.regions.West Virginia:Wetzel,113.41767554479419,0.6210653753026635,118.73688883353134,0.7027534345327504,False
United_States_of_America.regions.West Virginia:Wirt,113.88135593220338,0.6210653753026635,103.1558623822379,0.7027534345327504,False
United_States_of_America.regions.Wisconsin:Calumet,111.53268765133173,0.6210653753026635,122.16449000076493,0.7027534345327504,False
United_States_of_America.regions.Wisconsin:Door,105.97215496368038,0.9697336561743342,103.66293143153621,5.046845493749012,False
United_States_of_America.regions.Wisconsin:Florence,114.3680387409201,0.6210653753026635,112.93180187199131,0.7027534345327504,False
United_States_of_America.regions.Wisconsin:Green Lake,109.30750605326877,0.6210653753026635,96.8457324490968,0.7027534345327504,False
United_States_of_America.regions.Wisconsin:Kewaunee,98.7639225181598,0.7106537530266345,69.3646533066644,3.942213494961629,False
United_States_of_America.regions.Wisconsin:Marquette,113.53510895883778,0.5242130750605327,118.88025252137754,4.194587418214005,False
United_States_of_America.regions.Wisconsin:Menominee,115.1767554479419,0.6210653753026635,114.89026115976073,0.7027534345327504,False
United_States_of_America.regions.Wisconsin:Ozaukee,84.8087167070218,7.411622276029057,96.09442384551336,8.300382207672246,False
United_States_of_America.regions.Wisconsin:Pepin,2.6,0.0,9.649564359346428,0.0,False
United_States_of_America.regions.Arkansas,871.9600484261501,18.656174334140438,101.30135551017236,0.42670409406688764,False
United_States_of_America.regions.Iowa,786.8099273607749,20.108958837772395,103.04223357906045,0.34411173836270853,False
United_States_of_America.regions.Mississippi,1911.1004842615016,66.34624697336564,73.05287990579001,1.5473796182367274,False
Brazil.regions.AC:Brasiléia,6.2751423149905134,0.0,31.764783178838474,0.0,False
Brazil.regions.AC:Bujari,110.5641646489104,0.6210653753026635,77.5272103866504,0.7027534345327504,False
Brazil.regions.AC:Rodrigues Alves,2.21180030257186,0.0,15.357654234014708,0.0,False
Brazil.regions.AM:Itapiranga,71.59739524348811,1.9847112117780297,911.3247132068398,21.69557511781843,False
Brazil.regions.AM:Manaquiri,24.714481498401092,3.787117405207857,123.77364572241054,11.79603614766503,False
Brazil.regions.AM:Silves,34.71610376896721,2.0778267254038183,569.4030891828486,22.656490299899883,False
Brazil.regions.AM:Tabatinga,112.02058111380146,19.54721549636804,215.0056587320993,29.927647014514548,False
Brazil.regions.AP:Porto Grande,57.52157311951127,0.859106529209622,97.33214180620706,5.620799552257557,False
Brazil.regions.BA:Boa Vista do Tupim,3.525622254758419,0.0,0.7243614181298368,0.0,False
Brazil.regions.BA:Bom Jesus da Lapa,2.25,0.0,2.7557030763868946,0.0,False
Brazil.regions.BA:Caetité,1.0,0.0,0.3013118898595164,0.0,False
Brazil.regions.BA:Ipirá,43.4429102496017,0.1699415825809878,47.71409391141697,0.1922938157203175,False
Brazil.regions.BA:Jequié,102.17433414043583,0.6210653753026635,122.57091474089196,0.7027534345327504,False
Brazil.regions.BA:Luís Eduardo Magalhães,113.11380145278451,0.6210653753026635,127.95612437582291,0.7027534345327504,False
Brazil.regions.BA:Monte Santo,1.75,0.0,1.0881503646227735,0.0,False
Brazil.regions.BA:Oliveira dos Brejinhos,13.941752325012237,0.0,12.832777052076485,0.0,False
Brazil.regions.BA:Porto Seguro,106.15133171912834,0.6210653753026635,123.88547306648049,0.7027534345327504,False
Brazil.regions.CE:Boa Viagem,11.558002936857562,2.1683798335780717,19.814469789390213,3.9808698982523802,False
Brazil.regions.CE:Canindé,76.65133171912834,0.572639225181598,80.52813304854189,0.6398598800811932,False
Brazil.regions.CE:Crateús,95.99757869249395,1.0217917675544796,105.03317556104933,1.370512366636584,False
Brazil.regions.CE:Granja,64.89634232453044,0.33611071882502475,63.16367204462223,0.847527566141266,False
Brazil.regions.CE:Independência,110.42372881355934,0.6271186440677966,111.13968678424015,3.343858353603491,False
Brazil.regions.CE:Morada Nova,76.74395373291273,0.0,131.47168192138238,0.0,False
Brazil.regions.CE:Quixeramobim,75.82445520581115,1.1791767554479418,81.87345656370427,1.5175200302937282,False
Brazil.regions.CE:Santa Quitéria,109.75302663438255,0.7566585956416465,116.69378880700043,1.785976840192246,False
Brazil.regions.CE:Sobral,86.4055690072639,0.42978208232445525,117.15160207770272,0.5242857982189668,False
Brazil.regions.CE:Tauá,44.4304476768818,1.8556701030927838,44.60670330570046,3.343462957436222,False
Brazil.regions.ES:Linhares,99.23244552058112,0.47457627118644075,121.51739943415487,0.6183484308646205,False
Brazil.regions.ES:São Mateus,100.39346246973366,0.728813559322034,119.2201472638997,0.7852489242077169,False
Brazil.regions.GO:Catalão,115.363196125908,0.6210653753026635,130.7493984694146,0.7027534345327504,False
Brazil.regions.GO:Doverlândia,1.0,0.0,11.394412792679644,0.0,False
Brazil.regions.GO:Ipameri,12.098527746319366,0.03114382785956965,11.334202704547616,0.11541162816219991,False
Brazil.regions.GO:Itumbiara,107.2772397094431,0.6210653753026635,122.9187991549577,0.7027534345327504,False
Brazil.regions.GO:Jussara,4.352540597171294,0.0,1.3671686316502398,0.0,False
Brazil.regions.GO:Luziânia,107.57627118644068,1.4951573849878936,127.29995061947224,0.7268696600626858,False
Brazil.regions.GO:Morrinhos,100.00216367570319,0.5001909125620465,112.01651858531743,0.5659804840251274,False
Brazil.regions.GO:Padre Bernardo,3.186700767263427,0.0,2.157305892109498,0.0,False
Brazil.regions.GO:Paraúna,113.48062953995158,0.7615012106537532,115.92351238087497,8.398083842496737,False
Brazil.regions.GO:Planaltina,36.12303062488937,1.6238272260577093,41.05929607660696,1.802600208433575,False
Brazil.regions.GO:Quirinópolis,1.1272727272727272,0.0,3.1647223200801546,0.0,False
Brazil.regions.MA:Arame,7.427525622254759,0.0,29.477661329458325,0.0,False
Brazil.regions.MA:Barreirinhas,30.8345259391771,0.2996422182468694,21.874961603180783,0.33905383616238505,False
Brazil.regions.MA:Chapadinha,28.346246973365616,0.6210653753026635,40.23018832577947,0.7027534345327504,False
Brazil.regions.MA:Codó,110.72222222222221,0.452991452991453,81.56822321277657,0.3687083998660683,False
Brazil.regions.MA:Estreito,38.636698212407985,0.0,111.40245717870856,0.0,False
Brazil.regions.MA:Formosa da Serra Negra,7.381818181818182,0.0,54.501499497542504,0.0,False
Brazil.regions.MA:Itinga do Maranhão,31.094786729857823,1.4739336492890995,135.0596897800638,5.668975574188845,False
Brazil.regions.MA:Parnarama,3.2,0.0,12.633667741367706,0.0,False
Brazil.regions.MA:São Raimundo das Mangabeiras,10.878971255673221,0.0,74.3322936344526,0.0,False
Brazil.regions.MA:Sítio Novo,13.248062015503876,0.0,98.43090166626862,0.0,False
Brazil.regions.MA:Tuntum,53.10345855694693,0.2996422182468694,35.39155016189906,0.33905383616238505,False
Brazil.regions.MG:Araguari,109.35108958837775,0.3292978208232446,125.33434032661118,0.4539472448294077,False
Brazil.regions.MG:Bocaiúva,2.6,0.0,2.072663765817037,0.0,False
Brazil.regions.MG:Campina Verde,1.25,0.0,8.464463029857583,0.0,False
Brazil.regions.MG:Carlos Chagas,55.49432576769026,0.21695594125500672,58.8724381566246,0.24549192230357417,False
Brazil.regions.MG:Coromandel,67.06022659511031,0.2996422182468694,70.24650193889613,0.33905383616238505,False
Brazil.regions.MG:Curvelo,29.959107806691453,0.1699415825809878,31.88194846648622,0.1922938157203175,False
Brazil.regions.MG:Diamantina,3.0277777777777777,0.0,9.155848887457871,0.0,False
Brazil.regions.MG:Governador Valadares,103.9588377723971,1.3196125907990315,127.23637361091592,0.501615826173108,False
Brazil.regions.MG:Ituiutaba,112.15859564164649,0.6210653753026635,127.65135394572837,0.7027534345327504,False
Brazil.regions.MG:Jequitinhonha,2.8859138533178115,0.9604190919674039,2.0803186902893933,3.782517789639652,False
Brazil.regions.MG:Patos de Minas,103.09927360774819,0.728813559322034,121.87123599171804,0.7734135415702685,False
Brazil.regions.MG:Patrocínio,110.90556900726392,0.2288135593220339,125.65487152585617,0.27055336623980375,False
Brazil.regions.MG:Sacramento,2.3810741687979537,0.0,2.1582794615168517,0.0,False
Brazil.regions.MG:São Francisco,23.0468656118566,1.9373122371319844,27.333444835583673,3.47962728995328,False
Brazil.regions.MG:Teófilo Otoni,16.28940516723413,1.0694972962147007,16.66426266372447,0.7346178393387615,False
Brazil.regions.MS:Amambai,0.9671412924424972,0.0,4.261720466632448,0.0,False
Brazil.regions.MS:Chapadão do Sul,108.77481840193704,0.6210653753026635,113.14942406038446,0.7027534345327504,False
Brazil.regions.MS:Dourados,106.34261501210656,0.19128329297820826,126.78495875735895,0.5099819566053072,False
Brazil.regions.MS:Naviraí,114.96125907990314,0.6210653753026635,129.11367874859113,0.7027534345327504,False
Brazil.regions.MS:Rio Brilhante,0.0,0.0,3.0682851215344704,0.0,False
Brazil.regions.MS:Selvíria,63.99133175728922,0.2600472813238771,64.80559130582057,0.29425101987403496,False
Brazil.regions.MS:Sonora,106.6670702179177,0.6210653753026635,105.31959884935934,0.7027534345327504,False
Brazil.regions.MS:São Gabriel do Oeste,3.0018975332068307,0.0,2.2991118055717954,0.0,False
Brazil.regions.MT:Alto Garças,1.0,0.0,6.0494941096912225,0.0,False
Brazil.regions.MT:Bom Jesus do Araguaia,0.5,0.0,20.533294739828143,0.0,False
Brazil.regions.MT:Colíder,1.0,0.0,0.7275516424548041,0.0,False
Brazil.regions.MT:Ipiranga do Norte,62.25295508274233,0.2600472813238771,59.44008044434383,0.29425101987403496,False
Brazil.regions.MT:Lucas do Rio Verde,109.863196125908,0.7566585956416465,121.74980627907253,1.1732262550239907,False
Brazil.regions.MT:Luciara,1.0,0.0,45.88330710568783,0.0,False
Brazil.regions.MT:Nobres,2.8545454545454545,0.0,2.159075449638052,0.0,False
Brazil.regions.MT:Pedra Preta,1.0,0.0,3.410379124356797,0.0,False
Brazil.regions.MT:Porto Alegre do Norte,1.0,0.0,5.7260769329451975,0.0,False
Brazil.regions.MT:Rondonópolis,88.39951573849879,1.0653753026634383,116.9546572549035,0.6064181164731578,False
Brazil.regions.MT:Sinop,101.70581113801455,0.7966101694915256,120.1862683663169,0.536678684938505,False
Brazil.regions.PA:Acará,108.88256658595644,0.8196125907990316,118.21177396441537,1.8888134847557947,False
Brazil.regions.PA:Bagre,4.037854889589905,1.353838065194532,31.017074287789235,4.413777801957852,False
Brazil.regions.PA:Baião,27.41020543406229,2.1371769383697816,66.68203861309135,4.504440708109812,False
Brazil.regions.PA:Bannach,3.3512247838616718,0.9834293948126802,207.29404341291234,29.92785741974072,False
Brazil.regions.PA:Belterra,2.0938845822566754,0.9560723514211886,27.73677431337728,5.391790838152429,False
Brazil.regions.PA:Bragança,41.407407407407405,10.745831742395314,35.03385006023174,8.241580763846498,False
Brazil.regions.PA:Breu Branco,2.1670973298880276,0.6589147286821705,2.4873639997605466,0.9976603105141424,False
Brazil.regions.PA:Cachoeira do Arari,72.73767416934619,3.432475884244373,49.89532249649373,15.579614834245575,False
Brazil.regions.PA:Cametá,31.409200968523,6.403147699757869,62.6024963253122,4.391316530700793,False
Brazil.regions.PA:Canaã dos Carajás,51.84892452590047,1.8629247804505535,137.14405883923325,5.806179939360607,False
Brazil.regions.PA:Capitão Poço,48.05787781350482,1.3545016077170418,33.665161641534006,2.756876771527667,False
Brazil.regions.PA:Curralinho,69.0010718113612,0.8333333333333334,48.26520113266913,3.0741233921022126,False
Brazil.regions.PA:Eldorado do Carajás,2.679586563307494,0.409130060292851,5.84786304201974,1.2101575375439273,False
Brazil.regions.PA:Floresta do Araguaia,2.186700767263427,0.0,5.112902802310032,0.0,False
Brazil.regions.PA:Muaná,75.62379421221864,0.5184887459807074,67.60913946907897,1.4365846002939708,False
Brazil.regions.PA:Oeiras do Pará,103.98305084745763,0.20096852300242135,94.31186763700123,1.8256480735414526,False
Brazil.regions.PA:Piçarra,1.0,0.0,5.440508907647415,0.0,False
Brazil.regions.PA:Ponta de Pedras,24.405664687071724,3.4851530379168567,127.73254404666773,11.21276957054519,False
Brazil.regions.PA:Redenção,17.63328660124174,0.6909673542960144,19.803567822343467,0.8179187136731507,False
Brazil.regions.PA:Rio Maria,2.049956933677864,0.0,20.33341397001202,0.0,False
Brazil.regions.PA:São Geraldo do Araguaia,114.69612590799032,0.6210653753026635,125.07414317504956,0.7027534345327504,False
Brazil.regions.PA:Tailândia,21.865312264860798,0.3386004514672686,20.402218894242882,0.295764006400733,False
Brazil.regions.PA:Tucuruí,107.4176755447942,0.7167070217917676,123.79783154906114,0.5534807350426136,False
Brazil.regions.PA:Vitória do Xingu,29.67634854771784,3.5352697095435683,220.5399331215956,23.35978399328379,False
Brazil.regions.PA:Xinguara,21.2809346787042,1.4976101964949549,14.638664269149771,3.533995605914825,False
Brazil.regions.PE:Floresta,1.5657412257726557,1.9277108433734935,8.904908785450726,5.864115971689514,False
Brazil.regions.PE:Santa Maria da Boa Vista,5.913544668587897,0.0,4.4600423369439675,0.0,False
Brazil.regions.PE:Serra Talhada,100.77481840193705,0.3486682808716707,113.68076053321525,0.40098863442423105,False
Brazil.regions.PI:Canto do Buriti,17.032794909446896,0.9789525208027411,13.519639601966148,4.620533916093553,False
Brazil.regions.PI:Corrente,6.6426953567383915,0.0,18.91262221162667,0.0,False
Brazil.regions.PI:Currais,1.0,0.0,17.92265067461051,0.0,False
Brazil.regions.PI:Dom Inocêncio,1.0,0.0,8.201571708355369,0.0,False
Brazil.regions.PI:Floriano,34.05941255006676,0.21695594125500672,30.83635116282405,0.24549192230357417,False
Brazil.regions.PI:Oeiras,10.684777288301518,0.0,47.08738969655604,0.0,False
Brazil.regions.PI:Parnaguá,1.0,0.0,7.003923900287477,0.0,False
Brazil.regions.PI:Ribeiro Gonçalves,1.4000000000000001,0.0,32.046688192370894,0.0,False
Brazil.regions.PR:Guarapuava,110.6307506053269,0.6210653753026635,128.51001927558826,0.7027534345327504,False
Brazil.regions.RO:Alto Alegre dos Parecis,1.7915138816134102,0.0,24.002310324146595,0.0,False
Brazil.regions.RO:Alvorada D'Oeste,2.6265452179570596,0.0,8.894038065407312,0.0,False
Brazil.regions.RO:Ariquemes,64.67917675544794,0.4309927360774819,77.3815664403375,0.526536715894124,False
Brazil.regions.RO:Buritis,77.27594972461517,0.08332156475074144,82.01460272231061,0.6774110747760715,False
Brazil.regions.RO:Cacoal,16.2521613832853,0.0,19.32385114535848,0.0,False
Brazil.regions.RO:Campo Novo de Rondônia,4.992248062015504,1.0,2.4555811663010183,7.07263597142655,False
Brazil.regions.RO:Cujubim,4.4227965540092775,1.0,9.68133448704282,3.96589331746976,False
Brazil.regions.RO:Itapuã do Oeste,11.315402038505097,0.0,8.298225899035646,0.0,False
Brazil.regions.RO:Jaru,111.81234866828086,0.6210653753026635,122.87865994157774,0.7027534345327504,False
Brazil.regions.RO:Seringueiras,1.0,0.0,6.171490064473632,0.0,False
Brazil.regions.RO:Vale do Anari,4.785377358490566,0.45990566037735847,7.342129945815866,4.104834526752575,False
Brazil.regions.RR:São João da Baliza,4.770663562281723,0.0,108.27752977748106,0.0,False
Brazil.regions.RS:Bagé,98.76392251815982,0.6210653753026635,115.60714062867085,0.7027534345327504,False
Brazil.regions.RS:Cachoeira do Sul,114.42493946731236,0.6210653753026635,129.31037407395678,0.7027534345327504,False
Brazil.regions.RS:Canguçu,114.73365617433414,0.6210653753026635,128.760765517307,0.7027534345327504,False
Brazil.regions.RS:Caçapava do Sul,3.619324796274738,0.0,2.43327561614249,0.0,False
Brazil.regions.RS:Encruzilhada do Sul,113.65738498789348,0.7615012106537532,122.28405170002554,3.1616821646479893,False
Brazil.regions.RS:Itaqui,2.4676889375684556,0.0,0.5285574619292761,0.0,False
Brazil.regions.RS:Piratini,115.363196125908,0.6210653753026635,126.99719369984408,0.7027534345327504,False
Brazil.regions.RS:Quaraí,15.14846962083143,1.7610781178620372,19.708221159768748,7.762498866584551,False
Brazil.regions.RS:Rio Grande,112.80387409200968,0.572639225181598,129.98147935082235,0.6798031963293593,False
Brazil.regions.RS:Rosário do Sul,39.01354401805869,0.11851015801354402,42.51933155686752,0.1340976713288042,False
Brazil.regions.RS:São Borja,0.959079283887468,0.0,1.205445503098418,0.0,False
Brazil.regions.SC:Lages,104.32929782082323,0.6210653753026635,124.02988541873913,0.7027534345327504,False
Brazil.regions.TO:Araguaína,79.72639225181598,0.6210653753026635,111.22801607126036,0.7027534345327504,False
Brazil.regions.TO:Campos Lindos,1.0,0.0,7.622272326269192,0.0,False
Brazil.regions.TO:Dianópolis,115.363196125908,0.6210653753026635,127.29875265822304,0.7027534345327504,False
Brazil.regions.TO:Dueré,0.6166484118291348,0.0,88.83935120843331,0.0,False
Brazil.regions.TO:Porto Nacional,3.196819085487078,0.4870775347912525,4.408937478230139,0.9188408503890824,False
Sweden.regions.Blekinge,90.91404358353512,0.5556900726392253,113.5032585167152,0.4831867486095396,False
Sweden.regions.Gotland,104.01573849878936,0.4346246973365618,112.86264739837696,0.48909664630274513,False
Sweden.regions.Västmanland,148.58111380145277,13.378934624697338,54.173402641250426,4.408059951417624,False
United_States_of_America.regions.Alabama:Baldwin,60.41162227602906,0.7433414043583536,103.38013118830237,0.44900305063706336,False
United_States_of_America.regions.Alabama:Clarke,91.79782082324456,0.5242130750605327,68.12162092718053,2.5260665824293174,False
United_States_of_America.regions.Alabama:Covington,92.06658595641647,0.30024213075060535,80.14014132917085,0.8844069735655536,False
United_States_of_America.regions.Alabama:Jackson,90.1779661016949,1.2832929782082325,88.12655167933657,2.615487491614322,False
United_States_of_America.regions.Alabama:Montgomery,28.894673123486683,1.7881355932203389,84.44933477802192,0.7569339205791288,False
United_States_of_America.regions.Alabama:Shelby,85.57142857142858,4.153753026634383,77.79829109524488,1.5248029574031567,False
United_States_of_America.regions.Alabama:Tuscaloosa,52.46852300242131,0.4794188861985473,92.95798713638213,0.6350949171321073,False
United_States_of_America.regions.Arizona:Santa Cruz,101.41646489104117,0.6210653753026635,100.16431986626506,0.7027534345327504,False
United_States_of_America.regions.Arkansas:Benton,82.69612590799034,0.6210653753026635,114.61544079820192,0.7027534345327504,False
United_States_of_America.regions.Arkansas:Union,92.65375302663439,0.6210653753026635,81.04302567779521,0.7027534345327504,False
United_States_of_America.regions.Arkansas:Washington,84.80508474576271,0.2905569007263923,114.96939562214483,0.48865043665650026,False
United_States_of_America.regions.Arkansas:White,99.14648910411623,0.29661016949152547,110.95262014820624,0.3831616885373045,False
United_States_of_America.regions.California:Butte,104.69975786924938,0.6210653753026635,125.24683441749241,0.7027534345327504,False
United_States_of_America.regions.California:Calaveras,106.26513317191284,0.6210653753026635,112.5482959411542,0.7027534345327504,False
United_States_of_America.regions.California:Colusa,113.47820823244552,0.6210653753026635,121.45867549676068,0.7027534345327504,False
United_States_of_America.regions.California:El Dorado,93.99636803874093,0.6210653753026635,116.86999749649141,0.7027534345327504,False
United_States_of_America.regions.California:Glenn,112.09443099273608,0.6210653753026635,118.86075524804514,0.7027534345327504,False
United_States_of_America.regions.California:Kings,51.83414043583535,0.6089588377723971,87.792962136393,0.6948375606408539,False
United_States_of_America.regions.California:Lake,109.77481840193705,0.6210653753026635,122.20003718828316,0.7027534345327504,False
United_States_of_America.regions.California:Mariposa,8.406727828746178,0.5259938837920489,72.69279390548878,3.0575706783238323,False
United_States_of_America.regions.California:Merced,70.0278450363196,1.9721549636803877,105.92909866162951,0.7079853003625975,False
United_States_of_America.regions.California:Napa,108.05205811138016,0.2990314769975787,125.63456502397092,0.431647816260803,False
United_States_of_America.regions.California:Nevada,95.81113801452786,0.5472154963680387,110.06601944645703,0.6287221790221247,False
United_States_of_America.regions.California:San Benito,90.87530266343826,1.2639225181598064,94.62422164551786,2.0341077586604253,False
United_States_of_America.regions.California:Yolo,75.82324455205811,0.9697336561743342,112.96001529159268,0.442390041744105,False
United_States_of_America.regions.Colorado:Archuleta,109.43946731234868,0.6210653753026635,106.45221749805815,0.7027534345327504,False
United_States_of_America.regions.Colorado:Bent,3.157721796276013,0.0,15.618212992557952,0.0,False
United_States_of_America.regions.Colorado:Conejos,3.525622254758419,0.0,7.0668179619035065,0.0,False
United_States_of_America.regions.Colorado:Costilla,113.42857142857142,0.6210653753026635,109.37228762272822,0.7027534345327504,False
United_States_of_America.regions.Colorado:Delta,94.37167070217917,0.6089588377723971,70.87258284754597,2.0522617855064196,False
United_States_of_America.regions.Colorado:Eagle,151.08111380145277,2.7687651331719128,353.4341635743599,5.446375864131382,False
United_States_of_America.regions.Colorado:Fremont,103.00363196125907,0.6210653753026635,105.18506883810785,0.7027534345327504,False
United_States_of_America.regions.Colorado:Huerfano,115.00968523002422,0.6210653753026635,116.63486111536929,0.7027534345327504,False
United_States_of_America.regions.Colorado:La Plata,88.53389830508475,0.6210653753026635,91.87285885277416,0.7027534345327504,False
United_States_of_America.regions.Colorado:Morgan,24.610169491525426,2.6113801452784506,277.9248138494001,10.417535269819508,False
United_States_of_America.regions.Colorado:Otero,109.64891041162228,0.19128329297820826,104.88334886492721,1.648609309336684,False
United_States_of_America.regions.Colorado:Prowers,110.97336561743342,0.6210653753026635,88.7059344977422,0.7027534345327504,False
United_States_of_America.regions.Colorado:San Miguel,104.50605326876514,0.6210653753026635,77.68808027405868,0.7027534345327504,False
United_States_of_America.regions.Connecticut:Litchfield,191.21670702179176,18.51089588377724,54.14322871535986,9.906486837120193,False
United_States_of_America.regions.Delaware:Sussex,517.3765133171912,16.343825665859566,138.93312613616354,6.540235589338412,False
United_States_of_America.regions.Florida:Alachua,54.24697336561743,0.6210653753026635,92.71915113760332,0.7027534345327504,False
United_States_of_America.regions.Florida:Hendry,67.64769975786926,1.284503631961259,49.333700773665875,3.831940314607992,False
United_States_of_America.regions.Florida:Highlands,81.18159806295401,4.549636803874092,95.84872314592013,4.165118435602869,False
United_States_of_America.regions.Florida:Levy,103.94673123486683,0.6210653753026635,105.57343859907047,0.7027534345327504,False
United_States_of_America.regions.Florida:Okaloosa,68.38256658595641,0.4200968523002422,106.26738710139664,0.6073892747692424,False
United_States_of_America.regions.Florida:Santa Rosa,69.74213075060534,1.2857142857142856,106.34491323299054,0.5885716575135749,False
United_States_of_America.regions.Florida:Walton,97.02663438256658,0.6210653753026635,107.36559646902737,0.7027534345327504,False
United_States_of_America.regions.Hawaii:Maui,64.70096852300242,1.6041162227602908,94.95734939961498,0.70442155187523,False
United_States_of_America.regions.Idaho:Adams,113.8861985472155,0.6210653753026635,98.45362822309734,0.7027534345327504,False
United_States_of_America.regions.Idaho:Bannock,108.69733656174334,0.6210653753026635,122.94930617738386,0.7027534345327504,False
United_States_of_America.regions.Idaho:Bonner,112.51089588377724,0.6210653753026635,124.17007496286813,0.7027534345327504,False
United_States_of_America.regions.Idaho:Bonneville,98.75907990314771,0.6210653753026635,115.73999542256642,0.7027534345327504,False
United_States_of_America.regions.Idaho:Kootenai,89.20338983050848,0.6210653753026635,111.11323463322812,0.7027534345327504,False
United_States_of_America.regions.Idaho:Latah,112.14164648910412,0.6210653753026635,121.7897596609022,0.7027534345327504,False
United_States_of_America.regions.Idaho:Lincoln,99.52542372881356,0.6210653753026635,258.37607028294394,0.7027534345327504,False
United_States_of_America.regions.Idaho:Power,114.13317191283294,0.6210653753026635,114.5267045061824,0.7027534345327504,False
United_States_of_America.regions.Idaho:Washington,115.28692493946731,0.6210653753026635,123.11180404597944,0.7027534345327504,False
United_States_of_America.regions.Illinois:Champaign,79.12106537530266,2.6840193704600486,104.40114756273805,0.9754241626631636,False
United_States_of_America.regions.Illinois:LaSalle,94.35714285714288,0.7179176755447942,110.92395685043634,0.7918794044433327,False
United_States_of_America.regions.Illinois:Livingston,102.64527845036321,0.22760290556900728,102.5171146994622,0.7174966576175925,False
United_States_of_America.regions.Illinois:McLean,80.07990314769975,1.8171912832929782,103.01599717209842,1.0335842058246725,False
United_States_of_America.regions.Illinois:Sangamon,82.89467312348668,2.2263922518159807,112.17209341476493,0.9179729412062592,False
United_States_of_America.regions.Iowa:Pottawattamie,108.24939467312349,0.3910411622276029,122.9630867314359,0.45596222680464216,False
United_States_of_America.regions.Kansas:Barber,115.363196125908,0.6210653753026635,118.74397383339085,0.7027534345327504,False
United_States_of_America.regions.Kansas:Butler,108.61138014527845,0.6210653753026635,120.09718827317775,0.7027534345327504,False
United_States_of_America.regions.Kansas:Cowley,114.07384987893464,0.7203389830508475,125.15810509474016,2.145366781732409,False
United_States_of_America.regions.Kansas:Finney,125.39588377723973,0.7518159806295401,531.1784683434684,3.061969070560083,False
United_States_of_America.regions.Kansas:Ford,30.002421307506054,0.6210653753026635,161.24634684312596,0.7027534345327504,False
United_States_of_America.regions.Kansas:Greenwood,113.75907990314771,0.6210653753026635,105.71490755024341,0.7027534345327504,False
United_States_of_America.regions.Kansas:Reno,103.44430992736078,0.6210653753026635,112.5515540340134,0.7027534345327504,False
United_States_of_America.regions.Kansas:Sumner,113.60532687651332,0.6271186440677966,120.78004615494329,3.0878291255217416,False
United_States_of_America.regions.Louisiana:Beauregard,94.4503631961259,0.9624697336561744,90.45466004126865,3.520344703875223,False
United_States_of_America.regions.Louisiana:Bossier,63.437046004842614,5.865617433414044,66.29745520322625,4.403302822771469,False
United_States_of_America.regions.Louisiana:Caddo,569.3002421307506,27.578692493946733,154.04002359789132,11.03716674550147,False
United_States_of_America.regions.Louisiana:Calcasieu,139.69128329297823,13.177966101694917,75.15255585474038,6.080230637606683,False
United_States_of_America.regions.Louisiana:Cameron,113.48426150121065,0.6210653753026635,112.01174005095476,0.7027534345327504,False
United_States_of_America.regions.Louisiana:Lafourche,235.73849878934627,11.975786924939468,229.05724278431668,12.202006436225677,False
United_States_of_America.regions.Louisiana:Natchitoches,77.79297820823246,0.6598062953995157,65.37726353505134,2.6540044424581275,False
United_States_of_America.regions.Louisiana:Rapides,79.50605326876514,5.309927360774819,78.51267301977083,3.8719355202351453,False
United_States_of_America.regions.Louisiana:St. Tammany,530.3474576271186,32.27845036319613,122.76282675312206,11.930547414675177,False
United_States_of_America.regions.Louisiana:Tangipahoa,241.99636803874097,11.951573849878937,141.17437410500236,8.62703717172558,False
United_States_of_America.regions.Louisiana:Terrebonne,81.59685230024215,10.605326876513319,62.63510697705492,9.46046458070881,False
United_States_of_America.regions.Louisiana:Vermilion,96.00484261501211,0.75181598062954,102.36238576444266,1.2892361224787454,False
United_States_of_America.regions.Louisiana:Vernon,105.27723970944312,0.6368038740920098,112.29678374360245,1.546052056657165,False
United_States_of_America.regions.Maine:Franklin,99.22397094430993,0.19128329297820826,83.35141669497007,0.7363315417512014,False
United_States_of_America.regions.Maine:Hancock,108.25060532687652,0.4794188861985473,118.03417944911158,0.5083717437232339,False
United_States_of_America.regions.Maine:Kennebec,62.83292978208233,1.6610169491525424,85.82023155839555,1.1631868807975025,False
United_States_of_America.regions.Maine:York,69.58958837772398,3.085956416464891,89.66445507313453,1.0870228345092148,False
United_States_of_America.regions.Massachusetts:Berkshire,94.53026634382567,10.646489104116224,58.455804120425,8.315330250493252,False
United_States_of_America.regions.Michigan:Allegan,80.97941888619856,0.30024213075060535,100.8682202852088,0.4310558332657741,False
United_States_of_America.regions.Michigan:Chippewa,114.95762711864407,0.8389830508474576,127.93207500534162,1.2862166478578574,False
United_States_of_America.regions.Michigan:Delta,106.34382566585957,1.1828087167070218,110.94271521179914,3.80370419745774,False
United_States_of_America.regions.Michigan:Ontonagon,1.0,0.0,15.219459638758996,0.0,False
United_States_of_America.regions.Michigan:Saginaw,239.38135593220338,23.29903147699758,73.61789386387065,11.851157760708247,False
United_States_of_America.regions.Michigan:Schoolcraft,112.95157384987894,0.6210653753026635,108.6788025228025,0.7027534345327504,False
United_States_of_America.regions.Minnesota:Becker,97.8232445520581,0.6210653753026635,80.74588901033836,0.7027534345327504,False
United_States_of_America.regions.Minnesota:Clay,65.32203389830508,2.00363196125908,57.27670091207239,3.3841596739997515,False
United_States_of_America.regions.Minnesota:Crow Wing,102.64164648910413,0.29661016949152547,112.66470871735272,0.47508965785699836,False
United_States_of_America.regions.Minnesota:Morrison,40.414218958611485,0.21695594125500672,30.82541885796837,0.24549192230357417,False
United_States_of_America.regions.Minnesota:Pine,81.2409200968523,0.6210653753026635,87.57205087569933,0.7027534345327504,False
United_States_of_America.regions.Minnesota:Roseau,115.363196125908,0.6210653753026635,125.6974641787019,0.7027534345327504,False
United_States_of_America.regions.Minnesota:Stearns,108.54237288135592,0.6210653753026635,126.78436836681627,0.7027534345327504,False
United_States_of_America.regions.Mississippi:Hinds,108.24334140435838,1.847457627118644,68.97078360758574,0.5364687213353031,False
United_States_of_America.regions.Mississippi:Jackson,58.12590799031478,3.6016949152542375,69.25833936218794,2.2375393515280226,False
United_States_of_America.regions.Mississippi:Rankin,65.38377723970945,2.002421307506053,85.22054773931247,1.0202263138219234,False
United_States_of_America.regions.Missouri:Franklin,77.36561743341404,4.225181598062954,88.86769038982543,3.9585785009521803,False
United_States_of_America.regions.Montana:Broadwater,112.61016949152544,0.6210653753026635,107.07611622913495,0.7027534345327504,False
United_States_of_America.regions.Montana:Golden Valley,113.42857142857142,0.6210653753026635,236.73400908809774,0.7027534345327504,False
United_States_of_America.regions.Montana:Jefferson,114.3777239709443,0.6210653753026635,120.94568296646435,0.7027534345327504,False
United_States_of_America.regions.Montana:Lake,111.5544794188862,0.6210653753026635,120.72763941828566,0.7027534345327504,False
United_States_of_America.regions.Montana:Liberty,115.363196125908,0.6210653753026635,113.79424091587278,0.7027534345327504,False
United_States_of_America.regions.Montana:Pondera,87.2540192926045,0.36977491961414793,86.36598127164432,0.4184110161289807,False
United_States_of_America.regions.Montana:Wheatland,22.59433531292828,0.0,32.436885571648276,0.0,False
United_States_of_America.regions.Nebraska:Buffalo,76.58474576271186,0.6743341404358354,63.36687362647841,1.3995830938786435,False
United_States_of_America.regions.Nebraska:Cheyenne,109.83171912832931,0.6210653753026635,91.77455532628271,0.7027534345327504,False
United_States_of_America.regions.Nebraska:Dawes,3.2106261859582546,0.0,8.77317458922942,0.0,False
United_States_of_America.regions.Nebraska:Morrill,82.40005359056805,0.36977491961414793,63.27910806803575,0.4184110161289807,False
United_States_of_America.regions.New Hampshire:Grafton,90.64164648910412,0.6210653753026635,103.00167121478738,0.7027534345327504,False
United_States_of_America.regions.New Hampshire:Merrimack,67.95278450363196,1.2796610169491527,93.58958229774123,0.8230309676812795,False
United_States_of_America.regions.New Mexico:Curry,106.52542372881356,0.6210653753026635,114.5655448477928,0.7027534345327504,False
United_States_of_America.regions.New Mexico:Valencia,88.65133171912834,0.4794188861985473,96.95512502885748,0.5339161679896055,False
United_States_of_America.regions.New York:Allegany,96.50484261501211,0.7905569007263923,95.03572597012625,1.0704858018576704,False
United_States_of_America.regions.New York:Cattaraugus,89.7627118644068,0.26271186440677974,98.22836797794311,0.3537466281292806,False
United_States_of_America.regions.New York:Chautauqua,97.64406779661017,0.6113801452784504,115.49891964674836,0.6951214399981743,False
United_States_of_America.regions.New York:Clinton,89.12832929782083,1.1912832929782085,98.84822919591264,1.5490309579389796,False
United_States_of_America.regions.New York:Delaware,88.03510895883778,0.7990314769975787,78.91595901402513,1.1059846607589092,False
United_States_of_America.regions.New York:Franklin,106.05690072639226,0.6210653753026635,114.54362148990681,0.7027534345327504,False
United_States_of_America.regions.New York:Herkimer,89.74576271186442,0.9213075060532687,90.67540178231327,1.5260570094447967,False
United_States_of_America.regions.New York:Jefferson,85.84624697336562,0.6210653753026635,102.1765915722372,0.7027534345327504,False
United_States_of_America.regions.New York:Lewis,108.69007263922518,0.6210653753026635,112.5204824037897,0.7027534345327504,False
United_States_of_America.regions.New York:Oneida,113.8087167070218,4.207021791767555,69.97046542897765,1.4086149362139635,False
United_States_of_America.regions.New York:Oswego,87.57021791767554,0.8414043583535109,104.7992440393909,0.8908779718187443,False
United_States_of_America.regions.New York:Otsego,87.5096852300242,3.12227602905569,90.6610243828766,5.589316900394643,False
United_States_of_America.regions.New York:Saratoga,52.98062953995157,0.5254237288135594,87.3574366640468,0.6071802176633809,False
United_States_of_America.regions.New York:Steuben,66.227602905569,5.480629539951574,74.05271744542306,5.69456139918771,False
United_States_of_America.regions.New York:Ulster,227.00847457627123,1.3886198547215496,66.12222243512431,0.7582665510959667,False
United_States_of_America.regions.North Carolina:Brunswick,93.54600484261502,0.8438256658595643,114.30731248332563,0.5704653255245605,False
United_States_of_America.regions.North Carolina:Johnston,57.1682808716707,3.6440677966101696,102.19644805217546,1.334675411460033,False
United_States_of_America.regions.North Carolina:Onslow,96.93341404358353,0.5242130750605327,121.85222687836136,0.6538228096693433,False
United_States_of_America.regions.North Carolina:Randolph,47.69854721549637,1.4661016949152543,77.94402254309882,0.9999248897056368,False
United_States_of_America.regions.North Carolina:Robeson,70.75544794188862,0.5520581113801453,96.68842218663285,0.4904184594861531,False
United_States_of_America.regions.North Dakota:Barnes,113.14891041162228,0.6210653753026635,109.07665249866189,0.7027534345327504,False
United_States_of_America.regions.North Dakota:Benson,3.3162518301610544,0.0,12.580685266321364,0.0,False
United_States_of_America.regions.North Dakota:Bottineau,0.3,0.0,24.7983875557958,0.0,False
United_States_of_America.regions.North Dakota:Bowman,115.363196125908,0.6210653753026635,115.7243419284257,0.7027534345327504,False
United_States_of_America.regions.North Dakota:Burleigh,85.3220338983051,0.6210653753026635,98.10995934401868,0.7027534345327504,False
United_States_of_America.regions.North Dakota:Cass,36.72881355932204,2.4116222760290555,62.21280140768618,0.9717398153558072,False
United_States_of_America.regions.North Dakota:Divide,115.363196125908,0.6210653753026635,113.52030339194077,0.7027534345327504,False
United_States_of_America.regions.North Dakota:Emmons,115.363196125908,0.75181598062954,116.16394702290296,29.853086428959596,False
United_States_of_America.regions.North Dakota:Grand Forks,77.26150121065375,0.4309927360774819,127.3298052636308,0.45744448987639996,False
United_States_of_America.regions.North Dakota:Grant,115.363196125908,0.6210653753026635,113.55886871003509,0.7027534345327504,False
United_States_of_America.regions.North Dakota:Ramsey,113.33292978208232,0.6210653753026635,116.24791181336776,0.7027534345327504,False
United_States_of_America.regions.North Dakota:Richland,109.30629539951576,0.6210653753026635,106.38698925312619,0.7027534345327504,False
United_States_of_America.regions.North Dakota:Slope,113.42372881355932,0.6210653753026635,270.77050562374444,0.7027534345327504,False
United_States_of_America.regions.North Dakota:Stark,92.71912832929783,1.245762711864407,90.03516740447229,4.618294532023388,False
United_States_of_America.regions.North Dakota:Walsh,112.58837772397095,0.6210653753026635,104.50506807183302,0.7027534345327504,False
United_States_of_America.regions.North Dakota:Wells,31.57680753054276,0.06208692169036652,38.44255166448322,0.07025314756310143,False
United_States_of_America.regions.Oklahoma:Caddo,81.5944309927361,3.653753026634383,72.58860340737711,14.159976563162285,False
United_States_of_America.regions.Oklahoma:Canadian,76.60532687651333,1.228813559322034,100.85075578128027,0.8069771536492338,False
United_States_of_America.regions.Oklahoma:Comanche,81.59806295399517,0.324455205811138,98.552850254769,0.4020210639760743,False
United_States_of_America.regions.Oklahoma:Garfield,103.90799031476998,0.6598062953995157,113.05684697846691,1.1045633460395645,False
United_States_of_America.regions.Oklahoma:Grady,99.50484261501212,0.29661016949152547,102.70116395045443,0.5623741101986764,False
United_States_of_America.regions.Oklahoma:Le Flore,108.31234866828089,0.6210653753026635,115.69437478279634,0.7027534345327504,False
United_States_of_America.regions.Oklahoma:Pittsburg,96.32445520581113,0.923728813559322,92.01149278406012,2.397789232539631,False
United_States_of_America.regions.Oklahoma:Pushmataha,11.917327293318234,0.0,7.66662049836813,0.0,False
United_States_of_America.regions.Oklahoma:Woods,70.09063804412642,0.2996422182468694,70.14129870667287,0.33905383616238505,False
United_States_of_America.regions.Oklahoma:Woodward,115.3365617433414,0.6210653753026635,126.76425541637742,0.7027534345327504,False
United_States_of_America.regions.Oregon:Coos,96.34261501210653,0.6210653753026635,103.65110883095151,0.7027534345327504,False
United_States_of_America.regions.Oregon:Curry,112.51573849878935,0.6210653753026635,120.15378595740927,0.7027534345327504,False
United_States_of_America.regions.Oregon:Josephine,103.04600484261502,0.47457627118644075,116.49028944317463,0.5429963602098431,False
United_States_of_America.regions.Oregon:Lincoln,111.92009685230025,0.6210653753026635,123.5497345257944,0.7027534345327504,False
United_States_of_America.regions.Pennsylvania:Bedford,98.86440677966102,0.6743341404358354,100.71530077868822,1.4533184466482332,False
United_States_of_America.regions.Pennsylvania:Bradford,97.37772397094432,1.9515738498789346,102.93826607677867,3.562019910926856,False
United_States_of_America.regions.Pennsylvania:Butler,81.34866828087168,3.799031476997579,93.39401986133736,1.6885731474988803,False
United_States_of_America.regions.Pennsylvania:Centre,82.0544794188862,0.4249394673123486,104.36358080530066,0.31600436909088725,False
United_States_of_America.regions.Pennsylvania:Clearfield,106.66222760290557,0.6210653753026635,119.7418532273894,0.7027534345327504,False
United_States_of_America.regions.Pennsylvania:Crawford,103.34140435835351,0.6210653753026635,116.47877134870592,0.7027534345327504,False
United_States_of_America.regions.Pennsylvania:Erie,78.77723970944311,0.5605326876513317,114.31102531434773,0.6803113122275646,False
United_States_of_America.regions.Pennsylvania:Fayette,80.51089588377724,2.095641646489104,99.34408129531327,1.456215720753632,False
United_States_of_America.regions.Pennsylvania:Franklin,39.85714285714286,3.066585956416465,74.63324288087931,1.7501709127835041,False
United_States_of_America.regions.Pennsylvania:Lycoming,81.3220338983051,0.6404358353510896,98.77104515676109,0.5535093409602287,False
United_States_of_America.regions.Pennsylvania:Schuylkill,116.06779661016951,3.5266343825665865,73.50320830313727,2.2314069357791855,False
United_States_of_America.regions.Pennsylvania:Somerset,99.87530266343828,0.572639225181598,109.80996101040557,0.6368199721434555,False
United_States_of_America.regions.Pennsylvania:Tioga,105.4721549636804,1.0653753026634383,111.06367470497469,2.9807167558737273,False
United_States_of_America.regions.Pennsylvania:Washington,76.95278450363196,0.2627118644067797,107.66572957971843,0.44173703550445703,False
United_States_of_America.regions.South Carolina:Aiken,74.82082324455206,2.489104116222761,102.03633337787706,1.1174216038149154,False
United_States_of_America.regions.South Carolina:Anderson,65.57869249394673,3.1537530266343827,95.4985365832255,1.2901645987830026,False
United_States_of_America.regions.South Carolina:Berkeley,55.401937046004846,2.698547215496368,92.31804787829985,0.7538111250459514,False
United_States_of_America.regions.South Carolina:Colleton,99.22881355932203,0.9406779661016949,96.20515397589641,3.4423306788636414,False
United_States_of_America.regions.South Carolina:Florence,33.95036319612591,6.222760290556901,55.36301444113893,4.2460333195759645,False
United_States_of_America.regions.South Carolina:Orangeburg,89.06053268765133,0.4346246973365618,100.22504037029204,0.49165046150933917,False
United_States_of_America.regions.South Dakota:Beadle,101.90920096852302,0.6585956416464892,95.97717622420976,5.195353778229101,False
United_States_of_America.regions.South Dakota:Brown,98.46973365617434,0.6210653753026635,92.25958816875085,0.7027534345327504,False
United_States_of_America.regions.South Dakota:Hand,14.456887486855939,0.0,19.774437383159718,0.0,False
United_States_of_America.regions.South Dakota:Lyman,114.37409200968523,0.6210653753026635,104.06226549554692,0.7027534345327504,False
United_States_of_America.regions.South Dakota:McPherson,18.530592266275086,0.0,28.547402766592246,0.0,False
United_States_of_America.regions.South Dakota:Minnehaha,249.00000000000003,0.3801452784503632,60.72054237979951,0.22316075064484736,False
United_States_of_America.regions.South Dakota:Spink,113.28208232445522,0.6210653753026635,110.34681314669655,0.7027534345327504,False
United_States_of_America.regions.South Dakota:Stanley,17.69026952946551,0.0,240.5579668640955,0.0,False
United_States_of_America.regions.South Dakota:Todd,114.80145278450362,0.6210653753026635,118.33090309350189,0.7027534345327504,False
United_States_of_America.regions.South Dakota:Tripp,1.4666666666666666,0.0,35.13497471478248,0.0,False
United_States_of_America.regions.Texas:Anderson,94.13438256658597,0.6210653753026635,94.40113892018492,0.7027534345327504,False
United_States_of_America.regions.Texas:Andrews,103.35230024213075,0.6210653753026635,101.67732594326448,0.7027534345327504,False
United_States_of_America.regions.Texas:Atascosa,104.74576271186442,0.391041162227603,111.05871108790673,0.8033308123226894,False
United_States_of_America.regions.Texas:Burnet,105.1585956416465,0.6210653753026635,110.04444530488321,0.7027534345327504,False
United_States_of_America.regions.Texas:Cherokee,105.84745762711866,0.5472154963680387,113.71115324605971,1.0756838104914344,False
United_States_of_America.regions.Texas:Coleman,4.062015503875969,0.0,16.83100544977033,0.0,False
United_States_of_America.regions.Texas:Coryell,56.78087167070219,0.4866828087167071,58.87049196866389,0.6495252885473478,False
United_States_of_America.regions.Texas:Dallam,105.51573849878936,0.9430992736077481,60.178483456835586,7.042789995383845,False
United_States_of_America.regions.Texas:Deaf Smith,103.74576271186442,0.6210653753026635,78.04331021799435,0.7027534345327504,False
United_States_of_America.regions.Texas:Dimmit,115.363196125908,0.6210653753026635,123.82124272494514,0.7027534345327504,False
United_States_of_America.regions.Texas:Ector,79.71549636803874,2.682808716707022,103.76800591514733,1.473884552247479,False
United_States_of_America.regions.Texas:Ellis,64.33898305084746,1.9031476997578693,97.58336203232976,0.8459215798511068,False
United_States_of_America.regions.Texas:Erath,107.00968523002422,0.6997578692493946,114.13830330240317,1.6960083853083603,False
United_States_of_America.regions.Texas:Frio,98.42493946731236,0.6210653753026635,49.5705326105321,0.7027534345327504,False
United_States_of_America.regions.Texas:Gaines,114.60048426150122,0.6210653753026635,123.62284649322002,0.7027534345327504,False
United_States_of_America.regions.Texas:Grayson,100.24213075060533,0.6210653753026635,118.37526377729034,0.7027534345327504,False
United_States_of_America.regions.Texas:Hartley,39.704195432819965,1.3630731102850064,90.30836762567932,27.300796085032804,False
United_States_of_America.regions.Texas:Houston,22.031375166889188,0.21695594125500672,111.42348667521996,0.24549192230357417,False
United_States_of_America.regions.Texas:Jefferson,82.38983050847457,10.699757869249394,77.79104020733304,3.7974048722873794,False
United_States_of_America.regions.Texas:Jim Hogg,24.22008547008547,0.0,38.08278128707971,0.0,False
United_States_of_America.regions.Texas:Kaufman,74.87772397094432,0.4346246973365618,98.1887887995888,0.5658197579855305,False
United_States_of_America.regions.Texas:Kerr,111.37893462469734,0.6210653753026635,122.50543235348101,0.7027534345327504,False
United_States_of_America.regions.Texas:Kimble,3.4647302904564317,0.0,18.00544150622432,0.0,False
United_States_of_America.regions.Texas:La Salle,78.96638892811751,0.33611071882502475,63.626735681904066,0.38031899930413776,False
United_States_of_America.regions.Texas:Liberty,91.19128329297823,0.6210653753026635,103.14786927878535,0.7027534345327504,False
United_States_of_America.regions.Texas:Matagorda,87.29176755447942,1.9648910411622278,84.52559438342689,6.354410052258427,False
United_States_of_America.regions.Texas:Maverick,103.74818401937046,0.6210653753026635,111.80583824001573,0.7027534345327504,False
United_States_of_America.regions.Texas:McLennan,84.18886198547214,2.016949152542373,112.05715146524305,0.6763924989528157,False
United_States_of_America.regions.Texas:Medina,104.98910411622278,0.7227602905569008,109.87046790629043,1.531548622076578,False
United_States_of_America.regions.Texas:Midland,80.2542372881356,2.382566585956417,108.28752947998845,0.9961197464791395,False
United_States_of_America.regions.Texas:Navarro,97.03026634382567,1.4757869249394675,98.5234739693651,3.0997908299573473,False
United_States_of_America.regions.Texas:Oldham,113.60653753026637,0.7421307506053268,104.83531088456999,45.72856947984101,False
United_States_of_America.regions.Texas:Parker,98.3317191283293,0.6210653753026635,118.28879889621517,0.7027534345327504,False
United_States_of_America.regions.Texas:Polk,101.4576271186441,0.6210653753026635,105.98825618981758,0.7027534345327504,False
United_States_of_America.regions.Texas:Potter,48.468523002421314,2.509685230024213,25.20932430546449,1.963644049031425,False
United_States_of_America.regions.Texas:Randall,52.34624697336562,1.9176755447941891,56.241477818328754,1.3733757214878395,False
United_States_of_America.regions.Texas:San Saba,1.0,0.0,14.252218787125079,0.0,False
United_States_of_America.regions.Texas:Smith,63.9043583535109,1.0326876513317194,101.82756672036464,0.5674328293853255,False
United_States_of_America.regions.Texas:Starr,109.47699757869249,0.6210653753026635,121.86117757500145,0.7027534345327504,False
United_States_of_America.regions.Texas:Taylor,80.33414043583537,2.3329297820823247,46.3504911209901,1.4372955080357386,False
United_States_of_America.regions.Texas:Tom Green,92.45762711864407,0.589588377723971,109.21576436186626,0.6763465573694177,False
United_States_of_America.regions.Texas:Uvalde,110.14527845036321,0.6210653753026635,115.9833901114614,0.7027534345327504,False
United_States_of_America.regions.Texas:Wharton,94.75423728813558,0.6210653753026635,94.56950206179754,0.7027534345327504,False
United_States_of_America.regions.Texas:Zavala,67.65474060822898,0.2996422182468694,41.46763773377649,0.33905383616238505,False
United_States_of_America.regions.Utah:Cache,91.17675544794189,0.6210653753026635,110.28519278433382,0.7027534345327504,False
United_States_of_America.regions.Utah:Carbon,110.62227602905571,0.6210653753026635,109.3451785971706,0.7027534345327504,False
United_States_of_America.regions.Utah:Sanpete,59.356185973207246,0.2600472813238771,62.49684715427501,0.29425101987403496,False
United_States_of_America.regions.Utah:Wasatch,74.08474576271186,0.3292978208232446,136.70114670404723,1.0510104188967944,False
United_States_of_America.regions.Washington:Benton,136.38377723970945,25.177966101694913,71.83495056523404,11.919699462868092,False
United_States_of_America.regions.Washington:Clallam,105.42372881355934,0.6210653753026635,118.05578726882634,0.7027534345327504,False
United_States_of_America.regions.Washington:Cowlitz,95.54600484261502,0.6210653753026635,111.89923063410434,0.7027534345327504,False
United_States_of_America.regions.Washington:Franklin,43.17917675544795,1.9225181598062957,49.567407029581375,1.9684607125225089,False
United_States_of_America.regions.Washington:Pend Oreille,114.51573849878936,0.6210653753026635,120.62135934282783,0.7027534345327504,False
United_States_of_America.regions.Washington:Skagit,66.13559322033898,3.4225181598062955,74.99848095434132,2.4268340699051265,False
United_States_of_America.regions.Washington:Skamania,113.58958837772398,0.6210653753026635,116.03522204785543,0.7027534345327504,False
United_States_of_America.regions.Washington:Walla Walla,108.99273607748187,0.6210653753026635,119.53787411613476,0.7027534345327504,False
United_States_of_America.regions.Washington:Whatcom,88.1452784503632,14.25544794188862,78.92642225468387,5.78654122022447,False
United_States_of_America.regions.West Virginia:Kanawha,60.74939467312349,0.5811138014527846,90.06443360492077,0.32517471129873754,False
United_States_of_America.regions.Wisconsin:Bayfield,113.53147699757871,0.19128329297820826,118.60790608948548,2.155600398431171,False
United_States_of_America.regions.Wisconsin:Chippewa,102.48789346246974,0.6210653753026635,112.01271239689638,0.7027534345327504,False
United_States_of_America.regions.Wisconsin:Clark,102.07990314769975,0.9866828087167071,98.85265790742427,3.9206668910535227,False
United_States_of_America.regions.Wisconsin:Douglas,109.44188861985475,0.6210653753026635,118.75261017647387,0.7027534345327504,False
United_States_of_America.regions.Wisconsin:Grant,94.68886198547217,2.2397094430992737,90.406525244521,4.858736521341076,False
United_States_of_America.regions.Wisconsin:Marathon,104.28571428571429,0.44794188861985473,122.1267769994328,0.5751678092322104,False
United_States_of_America.regions.Wisconsin:Marinette,109.91283292978208,0.5242130750605327,116.23156180664763,1.3627541551402447,False
United_States_of_America.regions.Wisconsin:Oneida,110.85230024213075,0.6210653753026635,119.98354988282883,0.7027534345327504,False
United_States_of_America.regions.Wisconsin:Price,115.363196125908,0.6210653753026635,125.18549593495747,0.7027534345327504,False
United_States_of_America.regions.Wisconsin:Sawyer,112.9818401937046,0.6210653753026635,115.4756252017835,0.7027534345327504,False
Brazil.regions.AM:Tapauá,93.0298580518845,2.090063631913852,634.0001871387283,12.182697784529335,False
Brazil.regions.PA:São Félix do Xingu,12.290519877675841,0.4709480122324159,6.151848239460207,0.36655070573268883,False
United_States_of_America.regions.Alaska:Northwest Arctic Borough,1.0,0.0,10.858579736611544,0.0,False
United_States_of_America.regions.Alaska:Valdez-Cordova Census Area,3.525622254758419,0.0,5.74633031124441,0.0,False
United_States_of_America.regions.Maine,405.46004842615014,14.53995157384988,98.19924404513966,0.583418242150957,False
Brazil.regions.SE,76.94794188861985,2.6973365617433416,129.58244613233282,0.6608831857631795,False
Equatorial_Guinea,83.3450363196126,0.6210653753026635,128.88246807596803,0.7027534345327504,False
Guinea_Bissau,38.59685230024213,0.13317191283292978,126.23684479505071,0.6767228567320924,False
Lesotho,2.6,0.0,4.026068758930123,0.0,False
North_Macedonia,71.36924939467313,4.006053268765133,122.6805331272283,0.5136249301486644,False
Slovenia,633.1622276029057,18.782082324455207,100.49276657506277,0.42597642690568266,False
Sweden.regions.Västra Götaland,260.45883777239715,8.546004842615012,111.08911311854864,0.28626759704125726,False
United_States_of_America.regions.California:Riverside,672.6234866828087,21.64406779661017,99.73338470930472,0.453966548065821,False
United_States_of_America.regions.Nevada:Clark,978.1452784503633,36.341404358353515,83.62253087805809,0.9279089881210094,False
United_States_of_America.regions.New Hampshire,244.3111380145279,5.171912832929782,105.14589692451568,0.3764930555052636,False
Brazil.regions.AC:Acrelândia,106.3680387409201,0.4346246973365618,99.90612596618573,1.0700232432845014,False
Brazil.regions.AC:Capixaba,4.319502074688797,0.0,51.35523268509953,0.0,False
Brazil.regions.AC:Epitaciolândia,10.783308931185944,0.0,72.86102659922325,0.0,False
Brazil.regions.AC:Plácido de Castro,77.56174334140437,1.4200968523002422,98.3892420175977,9.626492188679162,False
Brazil.regions.AC:Porto Acre,114.76634382566587,0.6210653753026635,123.24390923217058,0.7027534345327504,False
Brazil.regions.AC:Senador Guiomard,29.527703604806412,0.21695594125500672,79.85894199882651,0.24549192230357417,False
Brazil.regions.AL:Coruripe,28.310139165009943,1.7329357190192183,55.13927684593503,3.043815922258125,False
Brazil.regions.AM:Anamã,65.38236870310824,0.36977491961414793,75.1588023414132,0.4184110161289807,False
Brazil.regions.AM:Boa Vista do Ramos,25.494499738082766,0.4452592980618124,154.33383050760185,2.3182136620076665,False
Brazil.regions.AM:Careiro da Várzea,106.05447941888619,0.6210653753026635,98.587402355046,0.7027534345327504,False
Brazil.regions.AM:Iranduba,48.345036319612596,9.840193704600484,171.1881351550989,20.95796190401112,False
Brazil.regions.AM:Urucurituba,13.920158550396378,0.5605889014722537,102.3560896506383,2.43047431811079,False
Brazil.regions.AP:Cutias,29.084982537834694,0.5413271245634459,557.7574349369884,9.047754045854019,False
Brazil.regions.AP:Itaubal,14.318867062585655,0.0,148.24739433360472,0.0,False
Brazil.regions.AP:Santana,113.38983050847459,5.939467312348669,65.83871753635096,4.7029127330715905,False
Brazil.regions.AP:Vitória do Jari,70.93038055237368,0.2889143438971618,74.98663539262282,4.3872883406513425,False
Brazil.regions.BA:Abaré,1.0,0.0,2.715534210408595,0.0,False
Brazil.regions.BA:Anagé,2.6,0.9777777777777779,1.6583553497682992,4.443434572950592,False
Brazil.regions.BA:Aracatu,7.63302752293578,0.0,11.840131519748033,0.0,False
Brazil.regions.BA:Araci,115.363196125908,0.7615012106537532,129.82937667772745,1.4337599915063,False
Brazil.regions.BA:Belmonte,114.3958837772397,0.6598062953995157,124.4263382280852,3.148005673602378,False
Brazil.regions.BA:Boquira,0.38181818181818183,0.0,11.784682317803867,0.0,False
Brazil.regions.BA:Brumado,109.34382566585957,0.6210653753026635,121.94350693644297,0.7027534345327504,False
Brazil.regions.BA:Campo Alegre de Lourdes,22.235042735042732,0.0,19.235229005563728,0.0,False
Brazil.regions.BA:Cansanção,115.363196125908,0.6210653753026635,128.83729201573632,0.7027534345327504,False
Brazil.regions.BA:Conceição do Coité,112.34261501210655,0.6210653753026635,125.68083958655096,0.7027534345327504,False
Brazil.regions.BA:Encruzilhada,3.0423600605143717,0.0,1.3062302279787779,0.0,False
Brazil.regions.BA:Entre Rios,3.0423600605143717,0.0,2.2638287881764434,0.0,False
Brazil.regions.BA:Euclides da Cunha,115.22154963680387,0.6210653753026635,129.78395033264448,0.7027534345327504,False
Brazil.regions.BA:Eunápolis,65.66613076098608,0.36977491961414793,78.28983038340203,0.4184110161289807,False
Brazil.regions.BA:Guanambi,63.82584712371948,0.2600472813238771,72.15998959725756,0.29425101987403496,False
Brazil.regions.BA:Guaratinga,6.709654178674352,0.0,4.338635970073719,0.0,False
Brazil.regions.BA:Iaçu,2.5833333333333335,1.1666666666666667,20.32307958786009,4.800109716793527,False
Brazil.regions.BA:Ibitiara,1.0,0.0,3.857267757563504,0.0,False
Brazil.regions.BA:Ibotirama,115.33898305084746,0.6210653753026635,127.95949519783623,0.7027534345327504,False
Brazil.regions.BA:Itaberaba,43.34023721012569,0.2920870950610728,47.38775894166947,0.5241519000483571,False
Brazil.regions.BA:Itaeté,14.0,0.0,97.38816288369541,0.0,False
Brazil.regions.BA:Itamaraju,115.363196125908,0.6210653753026635,130.11759767057572,0.7027534345327504,False
Brazil.regions.BA:Itapetinga,108.93341404358354,1.308716707021792,122.22136596814357,1.7272514161270522,False
Brazil.regions.BA:Itapicuru,2.157721796276013,0.0,1.2011018346712854,0.0,False
Brazil.regions.BA:Itarantim,115.31476997578693,0.572639225181598,126.54214493527793,0.6192128452990494,False
Brazil.regions.BA:Itiúba,1.0,1.0,0.5078695856521369,2.7709274294106234,False
Brazil.regions.BA:Jacobina,6.402081977878985,0.8978529603122967,8.284059660336446,1.1150959540876533,False
Brazil.regions.BA:Jaguaquara,109.33898305084746,0.6210653753026635,119.61334574679285,0.7027534345327504,False
Brazil.regions.BA:Jaguarari,8.033639143730886,0.0,5.31503802957445,0.0,False
Brazil.regions.BA:Livramento de Nossa Senhora,17.02055800293686,0.0,16.610856881756433,0.0,False
Brazil.regions.BA:Manoel Vitorino,1.1533406352683462,0.39430449069003287,18.90143836045437,2.9781305943355956,False
Brazil.regions.BA:Maracás,6.526838966202784,0.0,6.263723467396183,0.0,False
Brazil.regions.BA:Medeiros Neto,115.363196125908,0.6210653753026635,127.4009066598485,0.7027534345327504,False
Brazil.regions.BA:Miguel Calmon,2.25,0.7222222222222222,1.6776939261252832,2.7753226846336787,False
Brazil.regions.BA:Mirangaba,1.25,0.0,7.228845760136325,0.0,False
Brazil.regions.BA:Morpará,42.272791644538856,0.1699415825809878,48.0332039572274,0.1922938157203175,False
Brazil.regions.BA:Mucugê,43.36147990794831,0.1699415825809878,45.38033186223058,0.1922938157203175,False
Brazil.regions.BA:Mucuri,3.555555555555556,0.0,12.214701304249001,0.0,False
Brazil.regions.BA:Mundo Novo,2.6,1.0,1.7123376125839158,3.7346877801015834,False
Brazil.regions.BA:Nova Viçosa,1.212298682284041,0.0,6.089316256804502,0.0,False
Brazil.regions.BA:Paulo Afonso,32.14334085778781,0.11851015801354402,37.89662264820746,0.1340976713288042,False
Brazil.regions.BA:Piatã,1.0,0.0,3.5770402698898223,0.0,False
Brazil.regions.BA:Prado,112.66222760290559,0.6210653753026635,120.81151208624446,0.7027534345327504,False
Brazil.regions.BA:Queimadas,0.8888888888888887,0.0,7.632057333248474,0.0,False
Brazil.regions.BA:Ribeira do Pombal,50.741321762349806,0.520694259012016,53.33976091505722,1.125426731899453,False
Brazil.regions.BA:Rodelas,3.0423600605143717,0.0,6.142917634403054,0.0,False
Brazil.regions.BA:Ruy Barbosa,2.8000000000000003,0.0,2.0433258326762544,0.0,False
Brazil.regions.BA:Santa Cruz Cabrália,106.62348668280873,0.6210653753026635,104.00201750793832,0.7027534345327504,False
Brazil.regions.BA:Santa Maria da Vitória,115.31476997578693,0.6210653753026635,129.05318629720037,0.7027534345327504,False
Brazil.regions.BA:Santaluz,10.476217440543603,0.0,7.806375783950184,0.0,False
Brazil.regions.BA:Seabra,8.470948012232416,0.4709480122324159,7.496677406276284,1.0681273099553557,False
Brazil.regions.BA:Serra do Ramalho,114.31113801452786,0.6210653753026635,125.20783306852162,0.7027534345327504,False
Brazil.regions.BA:Tucano,3.576447625243981,0.0,3.2054903897970104,0.0,False
Brazil.regions.BA:Umburanas,1.3415559772296015,0.0,22.74136825364916,0.0,False
Brazil.regions.BA:Valença,64.60524746571258,0.2996422182468694,73.84859754303396,0.33905383616238505,False
Brazil.regions.CE:Acopiara,86.80374188621612,0.6631029655084637,89.30947315526551,1.3946226960122547,False
Brazil.regions.CE:Aiuaba,2.409778812572759,0.0,7.606187759286679,0.0,False
Brazil.regions.CE:Alto Santo,14.398812243033348,0.9933759707629053,34.46783044323343,5.793630997100813,False
Brazil.regions.CE:Amontada,110.07869249394673,0.662227602905569,117.20773377535092,1.8103867781847869,False
Brazil.regions.CE:Aracati,93.26634382566587,1.0835351089588379,101.30980494516554,1.5838583463055145,False
Brazil.regions.CE:Beberibe,103.44673123486685,0.34019370460048426,107.7929365621382,0.7444114507755325,False
Brazil.regions.CE:Camocim,57.726451066233594,1.1269594690015536,54.89855361211577,1.9179015561797195,False
Brazil.regions.CE:Crato,101.53753026634384,0.6210653753026635,120.29237324272697,0.7027534345327504,False
Brazil.regions.CE:Icó,110.52542372881356,0.6210653753026635,123.12991566536571,0.7027534345327504,False
Brazil.regions.CE:Iguatu,85.02784503631962,4.868038740920097,100.11969152823225,4.652574587694767,False
Brazil.regions.CE:Ipueiras,112.00242130750608,0.6598062953995157,120.36101752574697,1.7990655012826824,False
Brazil.regions.CE:Irauçuba,14.618346545866366,0.14722536806342015,94.86339707495698,0.60947743030063,False
Brazil.regions.CE:Itapipoca,45.404358353510894,3.0096852300242136,76.81370307029538,2.103992654094838,False
Brazil.regions.CE:Jaguaretama,30.29270127915726,0.47968397291196385,29.387570337265256,3.159560135771228,False
Brazil.regions.CE:Jaguaribe,103.48668280871671,1.473365617433414,101.91119561658805,5.336203352088776,False
Brazil.regions.CE:Mauriti,114.86198547215497,0.6210653753026635,128.53832174669742,0.7027534345327504,False
Brazil.regions.CE:Mombaça,105.75907990314772,0.6271186440677966,109.95394795914143,1.486255421005202,False
Brazil.regions.CE:Parambu,1.1559953434225845,1.0,13.09523528669847,3.1724881824815205,False
Brazil.regions.CE:Pedra Branca,103.26997578692495,1.4019370460048426,101.54295310778632,3.973843775942783,False
Brazil.regions.CE:Pentecoste,26.948081264108353,2.513167795334838,27.346850597782726,6.8370499892586825,False
Brazil.regions.CE:Quixadá,93.62348668280872,0.3075060532687652,105.77170680356022,0.3489739761409965,False
Brazil.regions.CE:Russas,79.59322033898304,2.8595641646489103,85.61324266642423,3.748521011014956,False
Brazil.regions.CE:Solonópole,10.995431703974416,1.0,54.32451260551323,5.457323728443571,False
Brazil.regions.CE:Tamboril,3.8928987194412104,0.20372526193247964,27.119559261107195,0.7760666714886276,False
Brazil.regions.CE:Trairi,71.24309532900598,3.899707267404861,63.05604027071535,7.302502258503055,False
Brazil.regions.CE:Viçosa do Ceará,18.342892547353514,1.7985484156487876,23.02217215246029,3.040621814738017,False
Brazil.regions.ES:Aracruz,96.74818401937047,0.5338983050847458,112.04654498464319,0.5206839638560642,False
Brazil.regions.ES:Colatina,92.27481840193705,0.6210653753026635,110.92466149737594,0.7027534345327504,False
Brazil.regions.ES:Ecoporanga,11.249784668389319,1.3953488372093024,62.13373669792066,6.087112669411956,False
Brazil.regions.ES:Nova Venécia,110.88861985472155,0.4200968523002422,121.06595518893522,0.8791473369545986,False
Brazil.regions.GO:Alto Paraíso de Goiás,1.0,0.0,10.8534164479519,0.0,False
Brazil.regions.GO:Aporé,1.0,0.0,21.55780923580321,0.0,False
Brazil.regions.GO:Araguapaz,0.0,1.0,23.476967896267254,12.87001287001287,False
Brazil.regions.GO:Bom Jardim de Goiás,2.8545454545454545,0.0,6.949408014217045,0.0,False
Brazil.regions.GO:Bom Jesus de Goiás,114.10895883777242,0.6210653753026635,122.83992490358484,0.7027534345327504,False
Brazil.regions.GO:Britânia,2.3103953147877014,0.0,33.21148503003159,0.0,False
Brazil.regions.GO:Caldas Novas,115.1767554479419,0.6210653753026635,130.3668577860592,0.7027534345327504,False
Brazil.regions.GO:Campo Alegre de Goiás,3.186700767263427,0.0,8.439593656861758,0.0,False
Brazil.regions.GO:Caçu,2.854545454545455,0.0,37.54671513160513,0.0,False
Brazil.regions.GO:Chapadão do Céu,0.9333333333333332,0.0,33.52089169339389,0.0,False
Brazil.regions.GO:Colinas do Sul,1.0,1.0,27.305244935661978,29.568302779420463,False
Brazil.regions.GO:Corumbaíba,3.3900414937759336,0.12448132780082988,6.001086212058798,1.280276949509718,False
Brazil.regions.GO:Edéia,3.525622254758419,0.0,2.961895068846058,0.0,False
Brazil.regions.GO:Faina,100.1014382079674,0.5001909125620465,104.51574037581992,0.5659804840251274,False
Brazil.regions.GO:Goianésia,97.64769975786925,0.8595641646489105,106.9129252077314,1.4098964426882612,False
Brazil.regions.GO:Goiatuba,112.20338983050848,0.3910411622276029,119.51148392204662,0.5122643102724507,False
Brazil.regions.GO:Itaberaí,1.0,1.0,0.06794448724384461,2.331002331002331,False
Brazil.regions.GO:Itajá,1.0,0.0,37.39325411922895,0.0,False
Brazil.regions.GO:Jaraguá,13.339696524718551,0.0,12.738851452230922,0.0,False
Brazil.regions.GO:Mara Rosa,1.7883817427385893,0.9668049792531122,48.87290835223931,10.173681776840072,False
Brazil.regions.GO:Minaçu,1.329428989751098,0.0,6.10123144338827,0.0,False
Brazil.regions.GO:Montividiu,115.3268765133172,0.6210653753026635,124.92875068907809,0.7027534345327504,False
Brazil.regions.GO:Palmeiras de Goiás,1.3734015345268542,0.2941176470588235,14.52973594805017,1.019189296066337,False
Brazil.regions.GO:Piracanjuba,3.0497803806734995,0.9882869692532943,25.25544279145234,4.029876729951454,False
Brazil.regions.GO:Piranhas,1.0,0.0,26.624761125909306,0.0,False
Brazil.regions.GO:Pirenópolis,1.0,0.0,1.7517165259219376,0.0,False
Brazil.regions.GO:Santa Rita do Araguaia,1.0,0.0,9.157682220197657,0.0,False
Brazil.regions.GO:Silvânia,115.363196125908,0.6210653753026635,127.00418774488676,0.7027534345327504,False
Brazil.regions.GO:Uruaçu,108.23365617433416,0.6210653753026635,111.62457625196879,0.7027534345327504,False
Brazil.regions.MA:Aldeias Altas,4.474842767295597,0.0,2.0928410609786465,0.0,False
Brazil.regions.MA:Alto Alegre do Pindaré,19.40566468707172,0.0,104.32865410527174,0.0,False
Brazil.regions.MA:Araioses,22.195020746887966,0.0,51.99875826864312,0.0,False
Brazil.regions.MA:Bacabal,33.25363649202091,0.6058466318316623,40.609336223572264,0.6373351814560758,False
Brazil.regions.MA:Barão de Grajaú,3.4647302904564317,0.0,0.8270133688513782,0.0,False
Brazil.regions.MA:Benedito Leite,0.0,0.0,33.24830579260515,0.0,False
Brazil.regions.MA:Bom Jesus das Selvas,14.968770331815222,0.0,51.851080201830534,0.0,False
Brazil.regions.MA:Buriti,6.886255924170618,0.0,37.067090799852394,0.0,False
Brazil.regions.MA:Buriti Bravo,1.821631878557875,0.0,5.788822073437243,0.0,False
Brazil.regions.MA:Buriticupu,43.28969505783386,0.0,63.5911434377608,0.0,False
Brazil.regions.MA:Cidelândia,19.59364731653888,0.0,157.7100439988433,0.0,False
Brazil.regions.MA:Coelho Neto,55.48929663608563,0.0,121.5010002014027,0.0,False
Brazil.regions.MA:Colinas,100.62106537530266,0.6210653753026635,93.72604664494867,0.7027534345327504,False
Brazil.regions.MA:Coroatá,76.50387596899225,0.0,119.5324333451335,0.0,False
Brazil.regions.MA:Cândido Mendes,10.019905709795704,0.0,70.12763773280889,0.0,False
Brazil.regions.MA:Feira Nova do Maranhão,0.7777777777777777,0.5333333333333333,39.566090320452865,6.271558482282847,False
Brazil.regions.MA:Fortaleza dos Nogueiras,5.2435830277632265,0.0,71.86128250165032,0.0,False
Brazil.regions.MA:Humberto de Campos,5.165672630881378,0.0,36.3371842362568,0.0,False
Brazil.regions.MA:Itapecuru Mirim,42.72856941110013,0.1228640022595679,35.89471457037122,0.2926348606207815,False
Brazil.regions.MA:Jenipapo dos Vieiras,0.5833333333333334,0.5833333333333334,12.469468131756017,3.5321424967201533,False
Brazil.regions.MA:Lago da Pedra,33.82692307692308,2.9252136752136746,90.802559617365,5.819467781828024,False
Brazil.regions.MA:Montes Altos,1.4190919674039584,0.0,41.52950954190739,0.0,False
Brazil.regions.MA:Morros,52.644305307096005,1.0062611806797854,33.883243744032725,6.380976004452315,False
Brazil.regions.MA:Nova Olinda do Maranhão,4.376572327044025,0.0,35.838699783295745,0.0,False
Brazil.regions.MA:Pastos Bons,0.0,0.0,8.008100742930091,0.0,False
Brazil.regions.MA:Pedro do Rosário,4.487312947299935,0.0,30.31528682281741,0.0,False
Brazil.regions.MA:Pinheiro,135.4954128440367,3.9694189602446484,163.19685903772054,4.76023715956282,False
Brazil.regions.MA:Porto Franco,4.581842279655401,0.5434062292909212,39.96152167732529,2.2750941146783386,False
Brazil.regions.MA:Primeira Cruz,7.305555555555555,0.0,65.24551863402995,0.0,False
Brazil.regions.MA:Sambaíba,1.0,0.0,15.370516481757294,0.0,False
Brazil.regions.MA:Santa Helena,70.96208530805687,0.0,175.51171235934314,0.0,False
Brazil.regions.MA:Santa Quitéria do Maranhão,38.47302252488213,0.0,164.8566469831202,0.0,False
Brazil.regions.MA:Santo Amaro do Maranhão,3.75,0.0,40.49771717074845,0.0,False
Brazil.regions.MA:São Francisco do Maranhão,1.0,0.0,5.926950346249704,0.0,False
Brazil.regions.MA:São João do Paraíso,5.0,0.0,60.3655544851312,0.0,False
Brazil.regions.MA:São João do Soter,0.7142857142857143,0.0,4.6706329598562775,0.0,False
Brazil.regions.MA:São João dos Patos,26.575806128580016,0.06208692169036652,13.838719990038467,0.07025314756310143,False
Brazil.regions.MA:Timbiras,11.99585062240664,2.091286307053942,51.46698512282113,7.180628715334232,False
Brazil.regions.MA:Turiaçu,19.94534808067664,0.0,63.6953271456071,0.0,False
Brazil.regions.MA:Turilândia,59.043923865300144,0.0,243.0135048275682,0.0,False
Brazil.regions.MA:Tutóia,43.83167660702453,2.7037773359840958,79.64738818748555,4.593573455630471,False
Brazil.regions.MA:Urbano Santos,84.27481840193705,0.6210653753026635,43.09314891469742,0.7027534345327504,False
Brazil.regions.MA:Vargem Grande,51.13565891472869,0.2996422182468694,46.67883854119673,0.33905383616238505,False
Brazil.regions.MA:Viana,77.3268765133172,0.5254237288135594,57.783209942147934,0.5203739099449199,False
Brazil.regions.MA:Zé Doca,62.49394673123487,1.5774818401937045,29.92164498311814,3.5486044482385855,False
Brazil.regions.MG:Abaeté,115.29176755447943,0.6210653753026635,127.19084212049871,0.7027534345327504,False
Brazil.regions.MG:Aimorés,5.038763750654794,0.0,33.322093364767134,0.0,False
Brazil.regions.MG:Almenara,83.73311897106109,0.36977491961414793,90.47468152244267,0.4184110161289807,False
Brazil.regions.MG:Araxá,87.81965126638664,0.5918289423444062,101.89041601803052,0.6522450914132791,False
Brazil.regions.MG:Araçuaí,2.25,0.0,1.4912684798676397,0.0,False
Brazil.regions.MG:Bom Despacho,115.363196125908,0.6210653753026635,129.6922325395344,0.7027534345327504,False
Brazil.regions.MG:Bonfinópolis de Minas,1.0,0.0,15.941930322999204,0.0,False
Brazil.regions.MG:Brasília de Minas,22.145299145299145,0.0,22.27413283032653,0.0,False
Brazil.regions.MG:Caratinga,2.180094786729858,0.0,2.213908512450982,0.0,False
Brazil.regions.MG:Corinto,1.0,0.0,1.9508395899779765,0.0,False
Brazil.regions.MG:Delfinópolis,1.0,0.0,11.79373158553586,0.0,False
Brazil.regions.MG:Espinosa,115.04237288135594,0.7106537530266345,127.54957343238061,2.343605167853075,False
Brazil.regions.MG:Formiga,112.87046004842617,0.6210653753026635,126.57908828555192,0.7027534345327504,False
Brazil.regions.MG:Frutal,111.6731234866828,0.6210653753026635,123.78531688494954,0.7027534345327504,False
Brazil.regions.MG:Ibiá,1.0,0.0,1.7053536011401205,0.0,False
Brazil.regions.MG:Itabira,108.19612590799032,0.6997578692493946,124.79524507996972,0.7682977406686251,False
Brazil.regions.MG:Itambacuri,2.603415559772296,0.9013282732447818,3.116630033985231,3.8831944907362113,False
Brazil.regions.MG:Janaúba,113.23244552058112,0.6210653753026635,127.32811929754948,0.7027534345327504,False
Brazil.regions.MG:Joaíma,0.16666666666666666,0.0,9.617018188728121,0.0,False
Brazil.regions.MG:Leopoldina,72.5929953396413,0.18358988843383706,75.51691943385704,0.32519077534029756,False
Brazil.regions.MG:Mariana,108.76876513317191,0.6598062953995157,119.19927687137076,1.1108944896267123,False
Brazil.regions.MG:Matias Cardoso,2.6431535269709543,0.0,11.27478989496439,0.0,False
Brazil.regions.MG:Medina,1.635673624288425,0.0,21.298104836134172,0.0,False
Brazil.regions.MG:Minas Novas,11.393544733861836,0.0,9.776990291367328,0.0,False
Brazil.regions.MG:Monte Alegre de Minas,1.2030360531309299,0.0,17.474940398335757,0.0,False
Brazil.regions.MG:Monte Carmelo,110.57384987893465,0.6210653753026635,121.45536169838135,0.7027534345327504,False
Brazil.regions.MG:Muriaé,108.59685230024215,0.6210653753026635,124.51641163179525,0.7027534345327504,False
Brazil.regions.MG:Nanuque,114.22154963680389,0.6440677966101696,126.58565994207082,1.6429750192636081,False
Brazil.regions.MG:Novo Cruzeiro,79.58353339923741,0.6171444711198983,86.44273548346514,2.662211369802891,False
Brazil.regions.MG:Olhos-d'Água,1.0,0.0,46.94954058143836,0.0,False
Brazil.regions.MG:Ouro Preto,1.0,1.0,0.916818563188758,1.3462392805697287,False
Brazil.regions.MG:Passos,96.3659157439226,0.45055364642993506,110.26982942110254,0.5226968260475452,False
Brazil.regions.MG:Pedra Azul,1.781818181818182,0.0,4.1597960763722845,0.0,False
Brazil.regions.MG:Perdizes,3.525622254758419,0.8418740849194729,1.0641844317640012,5.207039119986844,False
Brazil.regions.MG:Porteirinha,4.014937106918239,0.0,2.006010316113593,0.0,False
Brazil.regions.MG:Riachinho,3.0423600605143717,0.0,7.717004792939423,0.0,False
Brazil.regions.MG:São João del Rei,111.5956416464891,0.6210653753026635,126.37586112364262,0.7027534345327504,False
Brazil.regions.MG:São João do Paraíso,3.576447625243981,0.0,1.5008721603070423,0.0,False
Brazil.regions.MG:São Romão,12.532597266035753,0.9858044164037856,15.480438486085392,7.990633188001829,False
Brazil.regions.MG:Três Marias,26.52136752136752,0.0,28.135484283567013,0.0,False
Brazil.regions.MG:Tupaciguara,19.695751484696206,0.0,19.630303277939475,0.0,False
Brazil.regions.MG:Vazante,111.6319612590799,0.6210653753026635,110.65013357968729,0.7027534345327504,False
Brazil.regions.MG:Várzea da Palma,1.6727272727272728,0.0,9.357817609612423,0.0,False
Brazil.regions.MS:Bataguassu,44.20180562931493,0.1699415825809878,42.23472721548751,0.1922938157203175,False
Brazil.regions.MS:Batayporã,110.84866828087168,1.463680387409201,110.11377784263274,16.010658779551953,False
Brazil.regions.MS:Bodoquena,1.0,0.0,10.43535485465421,0.0,False
Brazil.regions.MS:Itaporã,5.2,0.0,23.50287476222404,0.0,False
Brazil.regions.MS:Jardim,13.696925329428991,0.0,64.70534350880676,0.0,False
Brazil.regions.MS:Jateí,4.696682464454977,0.0,18.386420458085567,0.0,False
Brazil.regions.MS:Paranhos,2.25,0.0,3.3509257185396346,0.0,False
Brazil.regions.MS:Tacuru,2.8545454545454545,0.0,4.294980032774504,0.0,False
Brazil.regions.MT:Alto Boa Vista,1.0,1.0,12.395400086467253,14.65845793022574,False
Brazil.regions.MT:Alto Paraguai,2.6,0.0,4.732413457846207,0.0,False
Brazil.regions.MT:Conquista D'Oeste,87.84351554126474,0.36977491961414793,78.71934162533934,0.4184110161289807,False
Brazil.regions.MT:Dom Aquino,0.0,0.0,22.1927993340356,0.0,False
Brazil.regions.MT:Jaciara,24.030242339274984,0.06208692169036652,23.01045135473441,0.07025314756310143,False
Brazil.regions.MT:Jauru,1.0,0.0,9.109624972117778,0.0,False
Brazil.regions.MT:Juscimeira,1.6666666666666665,0.0,13.156095144520828,0.0,False
Brazil.regions.MT:Lambari D'Oeste,115.363196125908,0.6210653753026635,121.07502697146786,0.7027534345327504,False
Brazil.regions.MT:Nova Olímpia,2.25,0.0,1.8582124652060474,0.0,False
Brazil.regions.MT:Pontal do Araguaia,24.865384615384613,0.0,20.119330199337842,0.0,False
Brazil.regions.MT:São José dos Quatro Marcos,110.89346246973365,0.6210653753026635,113.18421923159038,0.7027534345327504,False
Brazil.regions.MT:Terra Nova do Norte,1.0,0.0,8.081413036555986,0.0,False
Brazil.regions.MT:Vale de São Domingos,2.4647302904564317,1.0,58.907094745591756,31.97953309881676,False
Brazil.regions.PA:Aurora do Pará,11.66697121973504,0.0,30.310544915007014,0.0,False
Brazil.regions.PA:Barcarena,95.54842615012107,1.1053268765133175,114.94983496274106,0.7066357117131555,False
Brazil.regions.PA:Bom Jesus do Tocantins,11.609884332281808,0.0,11.618670907995364,0.0,False
Brazil.regions.PA:Cachoeira do Piriá,4.992248062015504,0.0,3.961874559668158,0.0,False
Brazil.regions.PA:Curionópolis,13.745844181854595,2.1175645904265976,78.39674685594511,12.086875036479311,False
Brazil.regions.PA:Curuá,0.7095435684647303,0.0,29.68713783719606,0.0,False
Brazil.regions.PA:Garrafão do Norte,18.292209092729824,0.510715001001402,63.9607243645544,2.1272528859355884,False
Brazil.regions.PA:Igarapé-Miri,77.49053627760252,3.9747634069400637,130.75631872035652,6.339537795368374,False
Brazil.regions.PA:Irituia,6.880651945320716,0.8201892744479495,33.89426925324992,2.5197827171980016,False
Brazil.regions.PA:Jacundá,13.131875414181577,0.5931080185553347,27.301462700161856,1.002633790136649,False
Brazil.regions.PA:Limoeiro do Ajuru,9.965509365006852,2.1082686158063044,86.9018847542907,7.286222968053583,False
Brazil.regions.PA:Nova Esperança do Piriá,19.13617245005258,1.598317560462671,144.1952958252324,7.479958631891946,False
Brazil.regions.PA:Nova Ipixuna,93.8598701794578,0.26473208603792797,74.70839821988952,1.2202524707970959,False
Brazil.regions.PA:Pau D'Arco,1.854374017810372,0.5185961236249345,61.18304040119551,9.458255036019233,False
Brazil.regions.PA:Santa Luzia do Pará,3.9112833763996555,0.17657192075796727,4.277174618578164,0.8896207212714998,False
Brazil.regions.PA:Soure,10.531120331950207,0.0,54.04730584915883,0.0,False
Brazil.regions.PA:São Domingos do Araguaia,10.435389988358557,0.4656577415599535,48.769137374050544,1.822036004069153,False
Brazil.regions.PA:São Domingos do Capim,6.444269190325973,0.9884332281808621,32.291734004100256,3.089915996689056,False
Brazil.regions.PA:São Miguel do Guamá,59.86127020491282,1.5383734249713632,56.75056032488602,2.8900333794906383,False
Brazil.regions.PA:São Sebastião da Boa Vista,20.11211437170805,0.7054176072234762,57.88654346103117,2.958724270251602,False
Brazil.regions.PA:Terra Santa,3.2906976744186047,0.0,7.6132811456946685,0.0,False
Brazil.regions.PA:Tucumã,83.04403716431207,0.17436680666921214,74.12998760883855,0.7223162779083719,False
Brazil.regions.PE:Afrânio,7.848906560636183,0.0,4.113583950305451,0.0,False
Brazil.regions.PE:Araripina,9.32227488151659,0.8957345971563982,11.323091675754842,1.0610706213797982,False
Brazil.regions.PE:Belém do São Francisco,1.3333333333333333,0.0,5.568836501826111,0.0,False
Brazil.regions.PE:Bodocó,1.728900255754476,0.0,1.7057678521057689,0.0,False
Brazil.regions.PE:Buíque,1.5450236966824644,0.0,1.7753139174512982,0.0,False
Brazil.regions.PE:Cabrobó,17.65687714145864,0.42829172785119923,16.700232545487516,1.25154650025189,False
Brazil.regions.PE:Custódia,41.23364485981308,2.177903871829106,34.35893164644852,6.207742463954172,False
Brazil.regions.PE:Dormentes,1.0,0.0,3.025708815856491,0.0,False
Brazil.regions.PE:Ibimirim,13.964824120603016,3.4719049794426673,18.90275532089293,11.875850793373246,False
Brazil.regions.PE:Lagoa Grande,0.2777777777777778,1.0,7.932320552043793,3.9060974180696073,False
Brazil.regions.PE:Ouricuri,8.439537329127234,0.7544689800210305,9.120688861197879,1.0862076621043069,False
Brazil.regions.PE:Parnamirim,0.3333333333333333,0.0,5.30925777035631,0.0,False
Brazil.regions.PE:Pesqueira,63.71168753726893,0.24895646988670248,69.10748422344311,0.2995560419849827,False
Brazil.regions.PE:Salgueiro,98.25665859564164,1.1888619854721552,103.68780325092153,2.2677493732381646,False
Brazil.regions.PE:Serrita,2.99697428139183,1.0,1.4794330679647674,5.217845030002608,False
Brazil.regions.PE:Sertânia,107.71912832929782,1.1380145278450364,109.66886005772733,3.6635166804016404,False
Brazil.regions.PE:São José do Belmonte,8.122324159021407,0.0,5.077920258478366,0.0,False
Brazil.regions.PI:Alto Longá,2.7095310136157336,0.0,4.743829125317487,0.0,False
Brazil.regions.PI:Alvorada do Gurguéia,22.550936500685246,0.0,22.149414719627078,0.0,False
Brazil.regions.PI:Barras,9.032276330690827,0.3992072480181201,31.991403721034818,0.8481860536653212,False
Brazil.regions.PI:Batalha,16.6731272917758,0.5866946045049763,75.95434728092074,2.184512806735586,False
Brazil.regions.PI:Buriti dos Montes,0.0,0.0,21.997010084431714,0.0,False
Brazil.regions.PI:Campo Maior,105.61743341404359,0.6210653753026635,108.75607410752207,0.7027534345327504,False
Brazil.regions.PI:Caracol,115.13317191283294,0.6210653753026635,122.12353857248506,0.7027534345327504,False
Brazil.regions.PI:Castelo do Piauí,23.72008547008547,0.0,22.824363211182742,0.0,False
Brazil.regions.PI:Curimatá,0.0,0.0,15.299288485711127,0.0,False
Brazil.regions.PI:Elesbão Veloso,7.879600420609885,0.6361724500525762,37.46272870796635,4.3567487334103285,False
Brazil.regions.PI:Itaueira,46.28412108337759,0.7966011683483804,46.84362948656899,8.579307517698034,False
Brazil.regions.PI:José de Freitas,16.070808588396527,0.3631795340338054,11.909910739678018,0.926289364501646,False
Brazil.regions.PI:Manoel Emídio,22.59433531292828,0.5596162631338509,21.389259534036004,10.462072595510394,False
Brazil.regions.PI:Miguel Alves,32.81996813595327,0.1699415825809878,38.034198600436056,0.1922938157203175,False
Brazil.regions.PI:Morro Cabeça no Tempo,9.4434250764526,0.0,12.850226399375238,0.0,False
Brazil.regions.PI:Palmeirais,7.143730886850153,0.0,11.15843752475869,0.0,False
Brazil.regions.PI:Paulistana,1.0,0.0,2.6095241374333478,0.0,False
Brazil.regions.PI:Pedro II,44.7917222963952,0.7830440587449935,37.92730420612488,2.335686127358292,False
Brazil.regions.PI:Pio IX,6.492638731596828,0.0,22.456061395437466,0.0,False
Brazil.regions.PI:Piracuruca,108.82445520581115,1.3765133171912836,111.6715389810443,5.5710661601869145,False
Brazil.regions.PI:Piripiri,17.41948115516397,0.6191874694077338,32.15958961926929,0.9713963625360575,False
Brazil.regions.PI:Redenção do Gurguéia,3.4647302904564317,0.0,6.340145203232783,0.0,False
Brazil.regions.PI:Simplício Mendes,7.30550284629981,0.0,87.04947431006651,0.0,False
Brazil.regions.PI:São João do Piauí,1.9276729559748425,0.0,24.35750223953788,0.0,False
Brazil.regions.PI:São Raimundo Nonato,82.09838360697466,0.5001909125620465,79.37133481465783,0.5659804840251274,False
Brazil.regions.PI:União,42.902285263987395,0.2600472813238771,38.21752322473945,0.29425101987403496,False
Brazil.regions.PI:Valença do Piauí,4.376572327044025,0.8176100628930818,2.9949205537613968,3.9086435744004278,False
Brazil.regions.PR:Campo Largo,104.98062953995158,0.639225181598063,123.04529600616604,0.4665972378042492,False
Brazil.regions.PR:Castro,114.2542372881356,0.6210653753026635,128.71806888220007,0.7027534345327504,False
Brazil.regions.PR:Guaraqueçaba,3.390891840607211,0.8538899430740038,8.127440597209723,11.182424608093294,False
Brazil.regions.PR:Guaratuba,15.26089084679393,0.0,14.044770851571895,0.0,False
Brazil.regions.PR:Irati,1.75,0.0,1.4649905529194958,0.0,False
Brazil.regions.PR:Jaguariaíva,1.75,0.0,1.151549877858502,0.0,False
Brazil.regions.PR:Lapa,113.46610169491525,0.6210653753026635,125.71729148328761,0.7027534345327504,False
Brazil.regions.PR:Palmas,115.363196125908,0.6210653753026635,129.7069991427319,0.7027534345327504,False
Brazil.regions.PR:Palmeira,114.3728813559322,0.6210653753026635,126.06340091950783,0.7027534345327504,False
Brazil.regions.PR:Paranavaí,102.03995157384989,0.8825665859564166,115.46079097123099,0.9986734271057218,False
Brazil.regions.PR:Pinhão,114.55569007263922,0.6210653753026635,126.16446176218713,0.7027534345327504,False
Brazil.regions.PR:Pitanga,1.0,0.0,1.0361833307713715,0.0,False
Brazil.regions.PR:Reserva,1.0,0.0,8.966588422384127,0.0,False
Brazil.regions.PR:Telêmaco Borba,107.84140435835353,0.6210653753026635,121.02936406647251,0.7027534345327504,False
Brazil.regions.PR:Umuarama,113.48305084745765,0.572639225181598,129.08655175160635,0.6593441010789416,False
Brazil.regions.RJ:Cachoeiras de Macacu,90.89104116222761,2.228813559322034,90.91784921898213,4.132713139308296,False
Brazil.regions.RJ:Itaperuna,109.44430992736079,0.6210653753026635,124.96553355513369,0.7027534345327504,False
Brazil.regions.RJ:Resende,103.59200968523004,1.7808716707021792,121.8801123861851,1.1927989172058222,False
Brazil.regions.RJ:Valença,112.31234866828088,0.6210653753026635,126.37468797402177,0.7027534345327504,False
Brazil.regions.RN:Apodi,100.4322033898305,0.6113801452784504,89.6235609102793,1.9955389199891636,False
Brazil.regions.RN:Açu,91.68038740920096,0.8341404358353512,92.85662763050853,1.4757847838511824,False
Brazil.regions.RN:Caicó,115.2627118644068,0.6210653753026635,130.05540732935887,0.7027534345327504,False
Brazil.regions.RN:Santana do Matos,1.7400379506641368,0.0,23.618448481906885,0.0,False
Brazil.regions.RO:Alto Paraíso,61.72340425531915,0.17966903073286053,59.60778404442246,1.7578131581021534,False
Brazil.regions.RO:Cacaulândia,2.9213313161875942,0.0,14.391331755767165,0.0,False
Brazil.regions.RO:Cerejeiras,1.0,1.0,3.86326697398335,6.126324817741836,False
Brazil.regions.RO:Monte Negro,3.173064411190631,0.0,3.6746528203310787,0.0,False
Brazil.regions.RO:Nova Brasilândia D'Oeste,1.815224463240078,0.0,9.261436377728375,0.0,False
Brazil.regions.RO:Ouro Preto do Oeste,106.0121065375303,0.6210653753026635,107.59348062847954,0.7027534345327504,False
Brazil.regions.RO:Presidente Médici,3.0423600605143717,0.0,1.2248299229754238,0.0,False
Brazil.regions.RO:Rio Crespo,1.2380952380952384,0.0,48.34166863769487,0.0,False
Brazil.regions.RO:Rolim de Moura,111.43583535108958,0.47457627118644075,122.7388171580466,0.8942871986140554,False
Brazil.regions.RO:Theobroma,2.525622254758419,0.0,14.028878582476805,0.0,False
Brazil.regions.RR:São Luiz,57.51162790697674,0.0,115.6054301421115,3.413040056235178,False
Brazil.regions.RS:Bom Jesus,5.886148007590133,0.0,49.90605227764695,0.0,False
Brazil.regions.RS:Camaquã,115.363196125908,0.6210653753026635,130.159138477899,0.7027534345327504,False
Brazil.regions.RS:Cruz Alta,13.042586750788642,0.13932702418506834,13.486033351544338,0.2310602566959126,False
Brazil.regions.RS:Dom Feliciano,2.6508538899430745,0.0,6.320264179921559,0.0,False
Brazil.regions.RS:Júlio de Castilhos,4.833333333333333,0.0,33.15566051695956,0.0,False
Brazil.regions.RS:Lavras do Sul,6.0,0.0,104.68881381399552,0.0,False
Brazil.regions.RS:Palmeira das Missões,3.605036447978794,0.0,8.524118473596063,0.0,False
Brazil.regions.RS:Rio Pardo,114.26271186440677,0.6210653753026635,126.20330267953722,0.7027534345327504,False
Brazil.regions.RS:Santiago,115.22154963680387,0.6210653753026635,129.35846553281488,0.7027534345327504,False
Brazil.regions.RS:São Lourenço do Sul,114.41041162227603,0.6210653753026635,127.18966567457265,0.7027534345327504,False
Brazil.regions.RS:Tupanciretã,0.0,0.0,6.088370250445624,0.0,False
Brazil.regions.RS:Vacaria,109.82929782082327,0.9491525423728815,121.8483642907799,1.4512528450160076,False
Brazil.regions.SC:Campos Novos,0.7333333333333334,0.0,3.071158394331496,0.0,False
Brazil.regions.SC:Canoinhas,4.3116460637605725,0.0,10.346843968952141,0.0,False
Brazil.regions.SC:Caçador,105.36924939467313,0.26271186440677974,118.1019904695635,0.3409090045099125,False
Brazil.regions.SC:Itaiópolis,71.69618366129994,0.2996422182468694,76.84558555664078,0.33905383616238505,False
Brazil.regions.SC:Mafra,114.49757869249396,0.6210653753026635,128.3541432305224,0.7027534345327504,False
Brazil.regions.SE:Lagarto,55.16325377771503,0.9574918796780116,66.47251600496509,0.8586690078438168,False
Brazil.regions.SE:Tobias Barreto,5.329971181556197,0.9402017291066282,14.13178552885989,1.8014633348788647,False
Brazil.regions.SP:Andradina,71.14201500535906,1.4991961414790995,72.75070074033525,2.8514790429945696,False
Brazil.regions.SP:Avaré,94.85593220338983,1.0774818401937047,107.85227924081973,1.1872089443467115,False
Brazil.regions.SP:Barretos,74.68401937046005,2.387409200968523,94.53760675763695,1.7612300674666164,False
Brazil.regions.SP:Capão Bonito,81.87754555198285,2.321811361200429,86.3382037820127,5.291602732469977,False
Brazil.regions.SP:Cunha,3.147039687703318,0.0,2.7651676295326815,0.0,False
Brazil.regions.SP:Eldorado,113.97820823244551,0.7469733656174335,117.13365524900378,5.657593505984097,False
Brazil.regions.SP:Guaíra,19.947007766103244,0.0,17.843647487348765,0.0,False
Brazil.regions.SP:Ibiúna,103.50484261501211,0.2578692493946731,115.39644208492527,0.33335482942303885,False
Brazil.regions.SP:Iguape,50.36643026004729,0.2600472813238771,45.926154800171155,0.29425101987403496,False
Brazil.regions.SP:Itapeva,102.94430992736076,0.6210653753026635,117.41366240848048,0.7027534345327504,False
Brazil.regions.SP:Itararé,114.36198547215496,0.6210653753026635,127.70576388448687,0.7027534345327504,False
Brazil.regions.SP:Morro Agudo,80.35905680600214,0.36977491961414793,74.38583438120882,0.4184110161289807,False
Brazil.regions.SP:Presidente Epitácio,5.466534128561962,0.874751491053678,3.4530851099868674,1.979075771614656,False
Brazil.regions.SP:Rancharia,69.76714370900417,0.5948121645796064,73.66679081584972,2.671867437700596,False
Brazil.regions.SP:Santa Cruz do Rio Pardo,96.70217917675546,0.6210653753026635,92.75121621690246,0.7027534345327504,False
Brazil.regions.SP:Teodoro Sampaio,1.1991701244813278,0.0,9.055338751755984,0.0,False
Brazil.regions.TO:Abreulândia,2.646063760572544,0.0,69.67170884204111,0.0,False
Brazil.regions.TO:Aliança do Tocantins,2.57393850658858,0.0,31.088473506417472,0.0,False
Brazil.regions.TO:Ananás,4.2606635071090055,0.0,8.592461457525928,0.0,False
Brazil.regions.TO:Araguatins,17.434108527131784,3.3031869078380707,58.45795271996981,9.23684155319502,False
Brazil.regions.TO:Arapoema,1.0,0.0,12.790381867215471,0.0,False
Brazil.regions.TO:Babaçulândia,0.7,0.0,9.927489793150741,0.0,False
Brazil.regions.TO:Bandeirantes do Tocantins,5.801873198847263,0.0,44.97123661008256,0.0,False
Brazil.regions.TO:Caseara,2.6,0.0,14.551938235490638,0.0,False
Brazil.regions.TO:Couto Magalhães,9.349106203995794,0.0,122.48443268181852,0.0,False
Brazil.regions.TO:Cristalândia,1.0,0.0,11.456245215646097,0.0,False
Brazil.regions.TO:Darcinópolis,15.102489019033676,0.0,316.8097700385417,0.0,False
Brazil.regions.TO:Divinópolis do Tocantins,1.0,0.0,12.22969577942992,0.0,False
Brazil.regions.TO:Figueirópolis,1.8215767634854771,0.44813278008298757,45.16945220311602,8.514778264924711,False
Brazil.regions.TO:Filadélfia,3.4788549121665584,0.0,7.215392142153323,0.0,False
Brazil.regions.TO:Guaraí,5.988674971687429,0.6964892412231031,39.14730749349268,2.686761722112036,False
Brazil.regions.TO:Gurupi,94.76997578692495,0.2288135593220339,106.74741249205026,0.2634468536368785,False
Brazil.regions.TO:Marianópolis do Tocantins,2.0869565217391304,0.0,35.83739502404242,0.0,False
Brazil.regions.TO:Miracema do Tocantins,2.828182294394971,0.0,7.8682300458339665,0.0,False
Brazil.regions.TO:Nova Olinda,25.528097982708935,0.0,271.1217044012182,0.0,False
Brazil.regions.TO:Novo Acordo,3.576447625243981,0.0,17.8524785067855,0.0,False
Brazil.regions.TO:Palmeirópolis,1.0,0.0,10.793476951906744,0.0,False
Brazil.regions.TO:Paraíso do Tocantins,95.58111380145279,1.0907990314769975,91.11949971630848,2.637339453119753,False
Brazil.regions.TO:Pedro Afonso,1.9984871406959153,0.0,10.478780192639373,0.0,False
Brazil.regions.TO:Santa Fé do Araguaia,0.6,0.0,16.373789866571652,0.0,False
Brazil.regions.TO:Tocantínia,1.0,0.0,10.990752626751783,0.0,False
Brazil.regions.TO:Wanderlândia,4.048376408217362,0.0,72.98301236283297,0.0,False
Faroe_Islands,113.90193704600485,0.6210653753026635,246.1128476768703,0.7027534345327504,False
United_States_of_America.regions.Alabama:Autauga,92.8765133171913,1.2578692493946733,94.96938952913305,2.6603542364428114,False
United_States_of_America.regions.Alabama:Barbour,86.8002421307506,0.3292978208232446,69.81855542445085,1.5973219530127885,False
United_States_of_America.regions.Alabama:Bibb,91.56658595641646,0.572639225181598,86.42492081975224,0.5902259911532594,False
United_States_of_America.regions.Alabama:Blount,94.3220338983051,0.6210653753026635,96.87874113714813,0.7027534345327504,False
United_States_of_America.regions.Alabama:Bullock,106.66101694915255,0.6210653753026635,80.59062645552113,0.7027534345327504,False
United_States_of_America.regions.Alabama:Butler,87.76755447941889,0.2675544794188862,27.77642976219872,1.287576324414755,False
United_States_of_America.regions.Alabama:Calhoun,75.49394673123487,0.5883777239709442,92.34094668561225,0.5060507496970188,False
United_States_of_America.regions.Alabama:Chambers,92.56295399515739,9.996368038740922,446.74340701478525,31.22553613677772,False
United_States_of_America.regions.Alabama:Cherokee,105.46852300242132,0.6210653753026635,102.28349046894247,0.7027534345327504,False
United_States_of_America.regions.Alabama:Chilton,88.65375302663438,0.26271186440677974,86.57551674833307,0.6441689720705769,False
United_States_of_America.regions.Alabama:Choctaw,92.1271186440678,0.6210653753026635,75.73699731028091,0.7027534345327504,False
United_States_of_America.regions.Alabama:Clay,102.43462469733657,0.22760290556900728,88.4453507953549,2.818982076727199,False
United_States_of_America.regions.Alabama:Cleburne,107.21791767554481,0.36077481840193715,105.11348947823053,3.3165195885939034,False
United_States_of_America.regions.Alabama:Coffee,66.21549636803874,0.6973365617433414,86.64962913326124,0.8484704236441294,False
United_States_of_America.regions.Alabama:Colbert,98.03026634382566,0.8983050847457628,100.81305791983588,1.7014158728118272,False
United_States_of_America.regions.Alabama:Conecuh,108.00968523002423,0.6210653753026635,98.1825566510833,0.7027534345327504,False
United_States_of_America.regions.Alabama:Coosa,97.08474576271188,0.5472154963680387,108.70594438486512,6.66585095179648,False
United_States_of_America.regions.Alabama:Crenshaw,106.26876513317191,0.6210653753026635,67.29550343777811,0.7027534345327504,False
United_States_of_America.regions.Alabama:Cullman,88.37409200968524,1.053268765133172,98.77036123987637,1.218706292223645,False
United_States_of_America.regions.Alabama:Dale,94.87772397094432,0.6210653753026635,94.84699669672983,0.7027534345327504,False
United_States_of_America.regions.Alabama:Dallas,91.74939467312348,1.1186440677966103,78.57277545397024,3.974387771777804,False
United_States_of_America.regions.Alabama:DeKalb,75.56537530266344,0.9697336561743342,78.32889569170548,1.3686222531776988,False
United_States_of_America.regions.Alabama:Elmore,86.24818401937047,0.3910411622276029,94.97451186850222,0.4463431183633736,False
United_States_of_America.regions.Alabama:Escambia,98.04237288135593,0.39951573849878935,88.65522198691569,1.5610464749020339,False
United_States_of_America.regions.Alabama:Etowah,69.90314769975788,6.493946731234868,81.4428446787811,6.254468870134917,False
United_States_of_America.regions.Alabama:Fayette,111.60290556900729,0.6210653753026635,109.26921024959678,0.7027534345327504,False
United_States_of_America.regions.Alabama:Franklin,91.74818401937046,0.7397094430992737,63.87356243905471,1.0810586057482665,False
United_States_of_America.regions.Alabama:Geneva,102.63075060532688,0.6210653753026635,91.30827003556526,0.7027534345327504,False
United_States_of_America.regions.Alabama:Greene,85.06658595641647,0.21912832929782086,322.63655153380233,4.425308793571026,False
United_States_of_America.regions.Alabama:Hale,85.81598062953995,0.9019370460048427,135.65247920888976,8.386859071980783,False
United_States_of_America.regions.Alabama:Henry,99.18280871670703,0.47457627118644075,90.10255771893,3.4418269812341062,False
United_States_of_America.regions.Alabama:Houston,76.08958837772397,1.6561743341404358,90.97617987011968,1.447980126830937,False
United_States_of_America.regions.Alabama:Lamar,109.44552058111381,0.6210653753026635,96.4545916312114,0.7027534345327504,False
United_States_of_America.regions.Alabama:Lauderdale,99.70702179176756,2.301452784503632,113.49788921719832,2.479404677927761,False
United_States_of_America.regions.Alabama:Lawrence,107.18280871670702,0.6210653753026635,109.48361215665967,0.7027534345327504,False
United_States_of_America.regions.Alabama:Limestone,93.23365617433416,0.6210653753026635,107.38481517393112,0.7027534345327504,False
United_States_of_America.regions.Alabama:Lowndes,83.7046004842615,0.29661016949152547,247.65989600811773,4.799086569968304,False
United_States_of_America.regions.Alabama:Macon,93.00242130750605,1.3474576271186443,79.64882291797491,9.133640795282943,False
United_States_of_America.regions.Alabama:Marengo,87.56900726392253,1.4116222760290558,71.65579273473907,10.073303668429235,False
United_States_of_America.regions.Alabama:Marion,80.18280871670703,3.3474576271186445,78.3497024481883,12.65522900318413,False
United_States_of_America.regions.Alabama:Marshall,89.11743341404359,3.249394673123487,87.19253259033574,3.296729947807703,False
United_States_of_America.regions.Alabama:Monroe,106.78329297820824,0.6610169491525425,99.81474540936459,3.635816663855276,False
United_States_of_America.regions.Alabama:Morgan,85.69854721549638,0.6210653753026635,103.54405487621118,0.7027534345327504,False
United_States_of_America.regions.Alabama:Perry,103.01210653753026,0.6210653753026635,87.10314665232019,0.7027534345327504,False
United_States_of_America.regions.Alabama:Pickens,87.8680387409201,0.24697336561743347,81.73448717834417,2.6929086223758736,False
United_States_of_America.regions.Alabama:Pike,79.14648910411623,0.6210653753026635,61.00142160685706,0.7027534345327504,False
United_States_of_America.regions.Alabama:Randolph,83.42857142857144,2.861985472154964,114.11170865304126,14.626226617652915,False
United_States_of_America.regions.Alabama:Russell,84.272397094431,0.6210653753026635,84.03946321963083,0.7027534345327504,False
United_States_of_America.regions.Alabama:St. Clair,84.3861985472155,0.6210653753026635,95.82967097966883,0.7027534345327504,False
United_States_of_America.regions.Alabama:Sumter,77.53026634382567,1.0677966101694916,305.0905825887223,12.887509585280196,False
United_States_of_America.regions.Alabama:Talladega,86.51573849878935,0.41041162227602906,95.23596507833993,0.5187655511977618,False
United_States_of_America.regions.Alabama:Tallapoosa,75.46973365617433,9.966101694915256,301.8061239508045,25.524528925360027,False
United_States_of_America.regions.Alabama:Walker,80.80387409200969,0.6210653753026635,89.23922914429681,0.7027534345327504,False
United_States_of_America.regions.Alabama:Washington,102.37409200968521,0.6598062953995157,71.36513495797384,4.799544034202781,False
United_States_of_America.regions.Alabama:Wilcox,82.52542372881356,0.26997578692493945,297.55179210351037,7.88725102153206,False
United_States_of_America.regions.Alabama:Winston,106.30629539951575,0.6210653753026635,98.31676581113625,0.7027534345327504,False
United_States_of_America.regions.Arkansas:Arkansas,114.34745762711866,0.6210653753026635,122.1333499897619,0.7027534345327504,False
United_States_of_America.regions.Arkansas:Ashley,105.3353510895884,0.6210653753026635,98.84247903320937,0.7027534345327504,False
United_States_of_America.regions.Arkansas:Baxter,111.80992736077482,0.6210653753026635,122.12343171813335,0.7027534345327504,False
United_States_of_America.regions.Arkansas:Boone,113.14891041162228,0.6210653753026635,123.58888873899537,0.7027534345327504,False
United_States_of_America.regions.Arkansas:Bradley,110.53026634382566,0.2675544794188862,99.46967874876383,2.754354166980221,False
United_States_of_America.regions.Arkansas:Carroll,112.18886198547216,0.6210653753026635,117.52314782601864,0.7027534345327504,False
United_States_of_America.regions.Arkansas:Chicot,109.32082324455209,0.6210653753026635,94.85115610927015,0.7027534345327504,False
United_States_of_America.regions.Arkansas:Clark,101.17917675544794,0.6210653753026635,105.67123792213587,0.7027534345327504,False
United_States_of_America.regions.Arkansas:Clay,113.87046004842614,0.6210653753026635,115.70246852812097,0.7027534345327504,False
United_States_of_America.regions.Arkansas:Cleburne,90.83292978208232,2.8208232445520585,151.75932548990775,13.109552917466614,False
United_States_of_America.regions.Arkansas:Cleveland,109.56174334140435,0.6210653753026635,95.42007797490287,0.7027534345327504,False
United_States_of_America.regions.Arkansas:Columbia,110.17554479418887,0.5242130750605327,107.9984779191434,0.7868728520045253,False
United_States_of_America.regions.Arkansas:Conway,108.91525423728814,0.7421307506053268,101.96184985216581,4.001408226944625,False
United_States_of_America.regions.Arkansas:Craighead,85.8498789346247,0.3922518159806295,102.42451095279887,0.4953670377285287,False
United_States_of_America.regions.Arkansas:Crawford,112.64285714285714,0.6210653753026635,125.80006930081849,0.7027534345327504,False
United_States_of_America.regions.Arkansas:Crittenden,59.37046004842615,2.2336561743341408,104.18226544868932,5.250163987293554,False
United_States_of_America.regions.Arkansas:Cross,106.00242130750605,0.6210653753026635,85.14240091473276,0.7027534345327504,False
United_States_of_America.regions.Arkansas:Dallas,115.363196125908,0.6210653753026635,121.84682772006961,0.7027534345327504,False
United_States_of_America.regions.Arkansas:Desha,110.28813559322033,0.6210653753026635,91.09581511603272,0.7027534345327504,False
United_States_of_America.regions.Arkansas:Drew,107.10653753026635,0.589588377723971,93.1051877255817,3.8424310820171033,False
United_States_of_America.regions.Arkansas:Faulkner,87.95641646489105,0.9854721549636806,105.12783285296895,0.7661221439357152,False
United_States_of_America.regions.Arkansas:Franklin,114.62953995157388,0.6210653753026635,122.33487373450902,0.7027534345327504,False
United_States_of_America.regions.Arkansas:Fulton,24.386752136752136,0.0,19.14031652290376,0.0,False
United_States_of_America.regions.Arkansas:Garland,65.23365617433414,0.6210653753026635,77.67187784560025,0.7027534345327504,False
United_States_of_America.regions.Arkansas:Grant,107.79539951573852,0.6210653753026635,97.54348352720318,0.7027534345327504,False
United_States_of_America.regions.Arkansas:Greene,108.34987893462471,0.6210653753026635,115.27520564100755,0.7027534345327504,False
United_States_of_America.regions.Arkansas:Hempstead,111.20823244552058,0.6743341404358354,113.95380306996513,3.5366712811559102,False
United_States_of_America.regions.Arkansas:Hot Spring,106.87893462469735,0.6210653753026635,109.25674559326738,0.7027534345327504,False
United_States_of_America.regions.Arkansas:Howard,105.681598062954,0.6537530266343826,95.47401128285387,0.9503496421658297,False
United_States_of_America.regions.Arkansas:Independence,110.04116222760291,0.6210653753026635,116.89645029656151,0.7027534345327504,False
United_States_of_America.regions.Arkansas:Izard,108.58111380145279,0.6210653753026635,83.16965810358141,0.7027534345327504,False
United_States_of_America.regions.Arkansas:Jackson,115.363196125908,0.6210653753026635,126.04769975057891,0.7027534345327504,False
United_States_of_America.regions.Arkansas:Jefferson,64.85956416464892,1.5460048426150121,65.96002350536796,2.5401985257175723,False
United_States_of_America.regions.Arkansas:Johnson,97.25786924939467,0.6210653753026635,87.54941036248826,0.7027534345327504,False
United_States_of_America.regions.Arkansas:Lafayette,109.57627118644069,0.4200968523002422,85.54367120222837,9.239813619309176,False
United_States_of_America.regions.Arkansas:Lawrence,88.62106537530268,0.6246973365617434,53.21180017813251,6.314994457264942,False
United_States_of_America.regions.Arkansas:Lee,113.19612590799032,0.6440677966101696,110.20675631250062,9.261868739526374,False
United_States_of_America.regions.Arkansas:Lincoln,77.05932203389831,0.6210653753026635,973.5361820678526,0.7027534345327504,False
United_States_of_America.regions.Arkansas:Little River,1.75,0.0,5.045567673005669,0.0,False
United_States_of_America.regions.Arkansas:Logan,113.41404358353512,0.6549636803874093,121.0645285824074,0.8606696978549611,False
United_States_of_America.regions.Arkansas:Lonoke,95.44309927360776,0.6210653753026635,105.05893741097687,0.7027534345327504,False
United_States_of_America.regions.Arkansas:Madison,115.363196125908,0.6210653753026635,126.0182142874978,0.7027534345327504,False
United_States_of_America.regions.Arkansas:Marion,115.363196125908,0.6210653753026635,126.04258138557829,0.7027534345327504,False
United_States_of_America.regions.Arkansas:Miller,97.77360774818403,0.44794188861985473,101.19566453804008,1.0912615994361452,False
United_States_of_America.regions.Arkansas:Mississippi,94.25786924939469,0.6210653753026635,82.01490839294945,0.7027534345327504,False
United_States_of_America.regions.Arkansas:Monroe,112.727602905569,0.6210653753026635,103.05510724205473,0.7027534345327504,False
United_States_of_America.regions.Arkansas:Montgomery,9.4434250764526,0.0,7.191680431819345,0.0,False
United_States_of_America.regions.Arkansas:Nevada,115.12832929782084,0.6210653753026635,119.88667648874272,0.7027534345327504,False
United_States_of_America.regions.Arkansas:Newton,113.94794188861985,0.6210653753026635,107.27569911584774,0.7027534345327504,False
United_States_of_America.regions.Arkansas:Ouachita,110.10532687651333,0.6210653753026635,112.85047710618899,0.7027534345327504,False
United_States_of_America.regions.Arkansas:Perry,111.55326876513317,0.6210653753026635,94.99182698285644,0.7027534345327504,False
United_States_of_America.regions.Arkansas:Phillips,112.06900726392251,0.7203389830508475,116.14677657605202,4.689428392017101,False
United_States_of_America.regions.Arkansas:Pike,113.91525423728814,0.6210653753026635,115.93911805374832,0.7027534345327504,False
United_States_of_America.regions.Arkansas:Poinsett,107.26150121065375,0.6210653753026635,100.98732577822547,0.7027534345327504,False
United_States_of_America.regions.Arkansas:Polk,110.43220338983052,0.6210653753026635,110.82268422120951,0.7027534345327504,False
United_States_of_America.regions.Arkansas:Pope,92.55326876513317,0.6210653753026635,97.80261780986191,0.7027534345327504,False
United_States_of_America.regions.Arkansas:Prairie,114.3728813559322,0.6210653753026635,117.7963861179251,0.7027534345327504,False
United_States_of_America.regions.Arkansas:Randolph,104.20096852300243,0.6210653753026635,87.07627014868703,0.7027534345327504,False
United_States_of_America.regions.Arkansas:Saline,91.1682808716707,0.47457627118644075,109.31130613974213,0.5831089609535033,False
United_States_of_America.regions.Arkansas:Scott,115.363196125908,0.6210653753026635,123.90743614395464,0.7027534345327504,False
United_States_of_America.regions.Arkansas:Searcy,110.85714285714286,0.6210653753026635,103.92581240473005,0.7027534345327504,False
United_States_of_America.regions.Arkansas:Sebastian,107.32566585956415,0.6210653753026635,124.18227376865123,0.7027534345327504,False
United_States_of_America.regions.Arkansas:Sevier,108.99152542372883,0.6210653753026635,98.63507688706403,0.7027534345327504,False
United_States_of_America.regions.Arkansas:Sharp,110.42251815980632,0.34261501210653755,100.07270526866375,1.3457461558278765,False
United_States_of_America.regions.Arkansas:St. Francis,77.53995157384989,0.6210653753026635,162.8754259781565,0.7027534345327504,False
United_States_of_America.regions.Arkansas:Stone,110.01573849878935,0.6210653753026635,108.40465018323543,0.7027534345327504,False
United_States_of_America.regions.Arkansas:Van Buren,100.47941888619856,1.1828087167070218,104.5963436358489,9.043942238066085,False
United_States_of_America.regions.Arkansas:Woodruff,115.363196125908,0.6210653753026635,121.26684273187793,0.7027534345327504,False
United_States_of_America.regions.Arkansas:Yell,111.66585956416466,0.22760290556900728,111.34879368706264,1.481313361377724,False
United_States_of_America.regions.California:Alpine,114.87651331719128,0.6210653753026635,97.13228046615113,0.7027534345327504,False
United_States_of_America.regions.California:Amador,111.15738498789345,0.6210653753026635,118.97975195139102,0.7027534345327504,False
United_States_of_America.regions.California:Del Norte,113.74334140435838,0.6210653753026635,123.05793696126838,0.7027534345327504,False
United_States_of_America.regions.California:Sierra,1.0,0.0,31.01481237254767,0.0,False
United_States_of_America.regions.California:Sutter,98.85956416464892,1.4322033898305084,113.11187002883302,1.4722045260347734,False
United_States_of_America.regions.California:Yuba,104.68523002421308,0.6186440677966102,117.33863008345467,0.7929916036045334,False
United_States_of_America.regions.Colorado:Alamosa,107.9128329297821,1.3353510895883778,98.25164447238569,10.17098014467524,False
United_States_of_America.regions.Colorado:Chaffee,85.24697336561744,5.492736077481841,82.34770712036358,29.331641597813995,False
United_States_of_America.regions.Colorado:Crowley,114.70460048426152,0.7615012106537532,110.57312062878135,15.796174135175221,False
United_States_of_America.regions.Colorado:Custer,114.3680387409201,0.6210653753026635,114.35917578726394,0.7027534345327504,False
United_States_of_America.regions.Colorado:Hinsdale,114.04721549636804,0.6210653753026635,161.64027972138035,0.7027534345327504,False
United_States_of_America.regions.Colorado:Mineral,114.3728813559322,0.6210653753026635,159.31424297731726,0.7027534345327504,False
United_States_of_America.regions.Colorado:Ouray,111.29903147699758,0.7360774818401937,101.86427266413627,18.97770438425644,False
United_States_of_America.regions.Colorado:Phillips,111.34745762711867,0.6210653753026635,100.64977719998991,0.7027534345327504,False
United_States_of_America.regions.Colorado:Pitkin,89.48062953995158,1.185230024213075,105.07052377858157,8.387200449282922,False
United_States_of_America.regions.Colorado:Rio Grande,110.02300242130751,0.6210653753026635,106.00831014488634,0.7027534345327504,False
United_States_of_America.regions.Colorado:Summit,72.94794188861987,0.19128329297820826,65.49567505079007,0.7156523350161897,False
United_States_of_America.regions.Colorado:Teller,99.04721549636805,1.3559322033898307,84.35140445769973,6.330940774204787,False
United_States_of_America.regions.Connecticut:Windham,57.7772397094431,1.2179176755447942,76.11850478953836,0.8719610341760045,False
United_States_of_America.regions.Florida:Baker,103.52784503631963,0.950363196125908,99.81083923963487,4.677008877786906,False
United_States_of_America.regions.Florida:Calhoun,105.81840193704602,0.6210653753026635,76.14702534571974,0.7027534345327504,False
United_States_of_America.regions.Florida:Columbia,87.20217917675545,0.42978208232445525,92.9497035561189,0.46015785992716285,False
United_States_of_America.regions.Florida:DeSoto,99.8268765133172,2.5871670702179177,100.11018264651302,7.739741356447964,False
United_States_of_America.regions.Florida:Dixie,108.37893462469737,0.6210653753026635,92.65328738915164,0.7027534345327504,False
United_States_of_America.regions.Florida:Flagler,62.17917675544795,1.196125907990315,81.73838423345585,1.0269797576359934,False
United_States_of_America.regions.Florida:Franklin,114.3728813559322,0.6210653753026635,120.93636569669836,0.7027534345327504,False
United_States_of_America.regions.Florida:Gadsden,68.39709443099275,0.6210653753026635,52.529358345626385,0.7027534345327504,False
United_States_of_America.regions.Florida:Glades,111.15012106537532,0.75181598062954,110.33341550489078,6.467724952085069,False
United_States_of_America.regions.Florida:Gulf,115.363196125908,0.6210653753026635,125.27587297504765,0.7027534345327504,False
United_States_of_America.regions.Florida:Hamilton,92.55811138014529,0.6210653753026635,115.57285728558941,0.7027534345327504,False
United_States_of_America.regions.Florida:Hardee,98.06900726392253,0.6210653753026635,67.60887365326144,0.7027534345327504,False
United_States_of_America.regions.Florida:Jackson,108.85714285714288,0.6210653753026635,116.06981415752584,0.7027534345327504,False
United_States_of_America.regions.Florida:Jefferson,100.24334140435836,1.2578692493946733,115.67650602117278,11.143739136849591,False
United_States_of_America.regions.Florida:Lafayette,113.52905569007265,0.6210653753026635,101.07038338895671,0.7027534345327504,False
United_States_of_America.regions.Florida:Liberty,42.1452784503632,0.6210653753026635,1208.5430628659487,0.7027534345327504,False
United_States_of_America.regions.Florida:Madison,83.11016949152543,1.152542372881356,120.08303480286223,8.887944387259386,False
United_States_of_America.regions.Florida:Monroe,83.24697336561745,1.8716707021791767,90.54775839839466,2.655461898605473,False
United_States_of_America.regions.Florida:Nassau,93.92372881355934,0.6210653753026635,106.34806087493148,0.7027534345327504,False
United_States_of_America.regions.Florida:Okeechobee,103.92857142857143,0.6210653753026635,105.79208427926535,0.7027534345327504,False
United_States_of_America.regions.Florida:Putnam,74.09200968523002,0.6440677966101696,77.85464124415155,0.8742098566897752,False
United_States_of_America.regions.Florida:Sumter,63.27360774818403,7.41041162227603,80.81478431299787,5.362400618917403,False
United_States_of_America.regions.Florida:Suwannee,70.72397094430994,8.228813559322035,113.48796141295084,19.221777566265814,False
United_States_of_America.regions.Florida:Taylor,113.65254237288136,0.6210653753026635,120.81213388749082,0.7027534345327504,False
United_States_of_America.regions.Florida:Wakulla,99.93341404358354,0.6271186440677966,93.5216162523816,1.945252804213542,False
United_States_of_America.regions.Florida:Washington,108.15980629539952,0.6210653753026635,102.60633671015091,0.7027534345327504,False
United_States_of_America.regions.Georgia:Appling,73.9140435835351,3.585956416464891,140.28430869574285,22.178905391571647,False
United_States_of_America.regions.Georgia:Bartow,78.98910411622276,10.363196125907992,78.28709819399886,9.492592219935174,False
United_States_of_America.regions.Georgia:Brooks,83.23244552058112,4.27360774818402,136.89425135006172,30.96363152688721,False
United_States_of_America.regions.Georgia:Bulloch,92.96731234866829,1.0944309927360776,103.30513868222162,1.3806594288085232,False
United_States_of_America.regions.Georgia:Burke,75.92857142857144,1.37772397094431,88.07045189263428,8.227190479361607,False
United_States_of_America.regions.Georgia:Camden,96.96004842615012,0.19128329297820826,101.86399849352017,0.38285789402466486,False
United_States_of_America.regions.Georgia:Carroll,131.42615012106538,6.667070217917677,96.14022415949593,5.371097816567606,False
United_States_of_America.regions.Georgia:Charlton,113.91767554479418,0.6210653753026635,114.40468826328677,0.7027534345327504,False
United_States_of_America.regions.Georgia:Clinch,110.77239709443099,0.6210653753026635,85.64362181231047,0.7027534345327504,False
United_States_of_America.regions.Georgia:Coffee,66.99152542372882,2.4891041162227605,63.62901662805769,6.484567739237093,False
United_States_of_America.regions.Georgia:Colquitt,66.00968523002422,4.803874092009686,153.21564292413,11.194043642906612,False
United_States_of_America.regions.Georgia:Decatur,80.55811138014529,0.36077481840193715,90.10881831319247,1.5668784687704769,False
United_States_of_America.regions.Georgia:Dodge,99.46610169491525,0.3075060532687652,82.05659862138103,1.0820286659812877,False
United_States_of_America.regions.Georgia:Effingham,96.31113801452786,0.5690072639225182,102.64169483633606,0.9049896920657524,False
United_States_of_America.regions.Georgia:Emanuel,101.13559322033898,0.5254237288135594,89.31054701241275,0.4757592088822092,False
United_States_of_America.regions.Georgia:Floyd,61.61622276029056,2.7542372881355934,72.92036629831874,2.7240193562226525,False
United_States_of_America.regions.Georgia:Glynn,88.50000000000001,0.3910411622276029,99.33941594821565,0.44405942994169645,False
United_States_of_America.regions.Georgia:Gordon,86.29782082324455,2.4055690072639226,84.1267369105765,4.518912770747491,False
United_States_of_America.regions.Georgia:Jefferson,104.96004842615014,0.6876513317191283,90.05997516189738,5.32608474451539,False
United_States_of_America.regions.Georgia:Laurens,89.1307506053269,0.44794188861985473,85.1417629202837,0.9880023594159417,False
United_States_of_America.regions.Georgia:Liberty,93.07869249394675,0.6210653753026635,97.66766173470465,0.7027534345327504,False
United_States_of_America.regions.Georgia:Lowndes,75.51573849878936,0.9418886198547217,94.92779256475393,0.7890390092767221,False
United_States_of_America.regions.Georgia:Meriwether,86.26513317191284,0.4866828087167071,81.44118091837095,1.033506182565729,False
United_States_of_America.regions.Georgia:Mitchell,108.37893462469732,19.99636803874092,848.1234011745709,93.60010259640346,False
United_States_of_America.regions.Georgia:Newton,56.917675544794186,1.7506053268765138,74.4220320481725,1.4196609252352703,False
United_States_of_America.regions.Georgia:Screven,104.61380145278451,0.6089588377723971,92.1419255768754,5.365251915020766,False
United_States_of_America.regions.Georgia:Thomas,64.17675544794189,11.318401937046007,156.66879357580734,26.15708619190686,False
United_States_of_America.regions.Georgia:Troup,67.1864406779661,2.1573849878934626,65.67844716452674,3.270889143191179,False
United_States_of_America.regions.Georgia:Walker,82.772397094431,0.6210653753026635,87.69579251714472,0.7027534345327504,False
United_States_of_America.regions.Georgia:Ware,69.43946731234867,6.048426150121066,117.43480929318565,17.961520157630815,False
United_States_of_America.regions.Georgia:Washington,94.67554479418887,0.36077481840193715,70.06356525071013,2.238611087643475,False
United_States_of_America.regions.Georgia:Wayne,106.04358353510898,0.6210653753026635,107.3384201736858,0.7027534345327504,False
United_States_of_America.regions.Georgia:Whitfield,88.16222760290557,1.9648910411622278,104.08959663712893,1.768818626927749,False
United_States_of_America.regions.Georgia:Worth,63.96125907990315,4.622276029055691,351.2657474697668,25.194127112503125,False
United_States_of_America.regions.Hawaii:Kauai,101.56658595641646,0.6210653753026635,112.06506228057768,0.7027534345327504,False
United_States_of_America.regions.Idaho:Camas,115.363196125908,0.6210653753026635,109.56677848770566,0.7027534345327504,False
United_States_of_America.regions.Idaho:Gem,106.90556900726392,0.6210653753026635,101.08786304274666,0.7027534345327504,False
United_States_of_America.regions.Idaho:Gooding,106.25544794188863,0.6210653753026635,89.49810101026881,0.7027534345327504,False
United_States_of_America.regions.Idaho:Jefferson,111.63559322033899,0.6210653753026635,120.01342481690544,0.7027534345327504,False
United_States_of_America.regions.Idaho:Jerome,88.9769975786925,1.434624697336562,94.91077246625346,6.934501930291996,False
United_States_of_America.regions.Idaho:Madison,110.01573849878936,0.6210653753026635,116.54296927119637,0.7027534345327504,False
United_States_of_America.regions.Idaho:Minidoka,107.86803874092013,0.6210653753026635,107.39209310385701,0.7027534345327504,False
United_States_of_America.regions.Idaho:Nez Perce,83.42009685230025,10.537530266343826,71.71626160587871,26.912064526382142,False
United_States_of_America.regions.Illinois:Adams,94.97336561743342,0.6210653753026635,101.28204381512654,0.7027534345327504,False
United_States_of_America.regions.Illinois:Bureau,108.16707021791768,0.572639225181598,110.79624889180509,0.5543344382073079,False
United_States_of_America.regions.Illinois:Christian,100.01694915254238,3.3595641646489107,99.20578424274342,11.619651035352012,False
United_States_of_America.regions.Illinois:Clark,111.9721549636804,0.6210653753026635,113.52581253055112,0.7027534345327504,False
United_States_of_America.regions.Illinois:Clinton,88.87046004842615,0.6210653753026635,69.58433142018322,0.7027534345327504,False
United_States_of_America.regions.Illinois:Coles,91.55084745762713,0.7203389830508475,88.69320052824187,1.9471435614837467,False
United_States_of_America.regions.Illinois:DeKalb,79.74939467312349,0.589588377723971,95.33722957187403,0.6727459056437521,False
United_States_of_America.regions.Illinois:Fayette,104.44673123486683,1.0060532687651331,98.00019459514326,6.026883569074244,False
United_States_of_America.regions.Illinois:Fulton,112.33292978208235,0.6828087167070218,120.38174495440015,0.8825534968634388,False
United_States_of_America.regions.Illinois:Greene,113.17312348668283,0.6210653753026635,112.27756866581758,0.7027534345327504,False
United_States_of_America.regions.Illinois:Grundy,96.15375302663439,0.6210653753026635,98.295821559418,0.7027534345327504,False
United_States_of_America.regions.Illinois:Hancock,108.00242130750605,0.6210653753026635,94.4372673818708,0.7027534345327504,False
United_States_of_America.regions.Illinois:Henry,90.98305084745763,0.6210653753026635,88.81009878342766,0.7027534345327504,False
United_States_of_America.regions.Illinois:Iroquois,98.04479418886199,0.5254237288135594,76.6706372581449,0.4061646776798706,False
United_States_of_America.regions.Illinois:Jackson,85.91888619854721,2.819612590799032,83.48917712325913,5.360115228201514,False
United_States_of_America.regions.Illinois:Jefferson,80.4406779661017,9.888619854721549,103.10574425761817,27.186231890868516,False
United_States_of_America.regions.Illinois:Jo Daviess,107.08353510895883,0.6210653753026635,103.09231655637475,0.7027534345327504,False
United_States_of_America.regions.Illinois:Kankakee,91.86077481840195,11.7590799031477,73.97729795343805,10.566061331674277,False
United_States_of_America.regions.Illinois:Knox,87.3680387409201,0.6210653753026635,73.79633036574528,0.7027534345327504,False
United_States_of_America.regions.Illinois:Lee,87.00000000000001,0.6210653753026635,60.353937933057544,0.7027534345327504,False
United_States_of_America.regions.Illinois:Logan,110.41404358353512,0.6210653753026635,114.25570598454009,0.7027534345327504,False
United_States_of_America.regions.Illinois:Macon,66.06537530266344,7.868038740920099,78.05587679826634,7.459140359487728,False
United_States_of_America.regions.Illinois:Macoupin,95.01452784503633,0.3075060532687652,94.99501026347238,0.48176521047646587,False
United_States_of_America.regions.Illinois:Marion,94.80387409200969,0.6210653753026635,87.98429861986519,0.7027534345327504,False
United_States_of_America.regions.Illinois:Mason,105.95278450363197,0.6210653753026635,79.31843710285281,0.7027534345327504,False
United_States_of_America.regions.Illinois:McDonough,80.23002421307507,0.8656174334140436,57.8593021871315,4.3059481648092985,False
United_States_of_America.regions.Illinois:Mercer,108.85230024213074,0.6210653753026635,96.72335830806671,0.7027534345327504,False
United_States_of_America.regions.Illinois:Montgomery,97.635593220339,0.6585956416464891,83.21281642869836,0.83483714799733,False
United_States_of_America.regions.Illinois:Morgan,103.02421307506053,0.7360774818401937,99.9603327418295,2.2737861911069053,False
United_States_of_America.regions.Illinois:Ogle,60.86198547215496,0.9430992736077481,72.1288914479228,2.0081470965025425,False
United_States_of_America.regions.Illinois:Pike,115.363196125908,0.6210653753026635,125.79335504008215,0.7027534345327504,False
United_States_of_America.regions.Illinois:Randolph,44.79297820823244,0.5423728813559322,223.1741331651101,2.3560690551796255,False
United_States_of_America.regions.Illinois:Shelby,107.65254237288137,0.44794188861985473,106.30208514298107,2.4702181748141188,False
United_States_of_America.regions.Illinois:Stephenson,104.08353510895884,0.6210653753026635,106.22969345726263,0.7027534345327504,False
United_States_of_America.regions.Illinois:Tazewell,92.92978208232446,1.9370460048426152,111.93245092315011,1.4520495180180442,False
United_States_of_America.regions.Illinois:Vermilion,102.12832929782083,0.26271186440677974,113.4501427458851,0.35567612555121875,False
United_States_of_America.regions.Illinois:Warren,75.05690072639227,0.6210653753026635,353.678484010556,0.7027534345327504,False
United_States_of_America.regions.Illinois:Washington,112.40920096852301,0.6210653753026635,104.60193944327304,0.7027534345327504,False
United_States_of_America.regions.Illinois:Wayne,67.56082289803221,0.129695885509839,53.58052172121064,2.308729720770754,False
United_States_of_America.regions.Illinois:Whiteside,93.19612590799031,1.0665859564164648,92.49315245091734,2.355971226489684,False
United_States_of_America.regions.Illinois:Williamson,105.090799031477,0.6210653753026635,114.89188168857297,0.7027534345327504,False
United_States_of_America.regions.Illinois:Woodford,109.05690072639226,0.5254237288135594,113.54291549325056,0.4540687404712716,False
United_States_of_America.regions.Indiana:Bartholomew,54.709443099273614,3.1791767554479424,60.00826235486639,3.8332784239886037,False
United_States_of_America.regions.Indiana:Boone,52.64164648910412,1.2106537530266344,44.939689915208604,1.9971848469838362,False
United_States_of_America.regions.Indiana:Clark,51.52421307506053,7.054479418886199,65.28416943412354,5.785340422028308,False
United_States_of_America.regions.Indiana:Delaware,58.44915254237288,5.438256658595643,74.09245008650653,4.6061544674239725,False
United_States_of_America.regions.Indiana:Grant,62.55205811138014,2.6561743341404362,54.17895838701994,4.280201619433555,False
United_States_of_America.regions.Indiana:Greene,71.9406779661017,4.608958837772398,59.09683327446918,15.68100764896785,False
United_States_of_America.regions.Indiana:Harrison,63.48062953995158,2.066585956416465,76.68120963033563,5.9309657601337396,False
United_States_of_America.regions.Indiana:Henry,93.18765133171912,0.47578692493946734,92.0722279919633,1.1118118989035697,False
United_States_of_America.regions.Indiana:Jackson,65.90556900726394,0.3910411622276029,83.67080752609401,0.48622562335213926,False
United_States_of_America.regions.Indiana:Jasper,96.72397094430993,0.7566585956416465,88.59333838838573,2.3417655642569817,False
United_States_of_America.regions.Indiana:Knox,102.64769975786926,0.6210653753026635,104.25629816576134,0.7027534345327504,False
United_States_of_America.regions.Indiana:Kosciusko,96.16464891041164,0.8450363196125908,106.9057969351125,1.0695251359569429,False
United_States_of_America.regions.Indiana:LaPorte,61.69249394673124,2.1803874092009687,81.46833490821517,1.8466175472884054,False
United_States_of_America.regions.Indiana:Lawrence,78.3450363196126,8.35956416464891,88.37569393747397,19.09144876946014,False
United_States_of_America.regions.Indiana:Madison,119.2808716707022,20.677966101694917,71.24170707802317,15.735616451008992,False
United_States_of_America.regions.Indiana:Marshall,97.6089588377724,0.29661016949152547,98.53492159592274,0.6898525783469401,False
United_States_of_America.regions.Indiana:Montgomery,89.33292978208233,0.6210653753026635,74.66096572498121,0.7027534345327504,False
United_States_of_America.regions.Indiana:Morgan,75.2772397094431,2.331719128329298,85.92729973558681,3.4862469820314814,False
United_States_of_America.regions.Indiana:Noble,106.27481840193704,0.29661016949152547,110.53817414603087,0.6667185401184774,False
United_States_of_America.regions.Indiana:Putnam,83.90677966101697,2.4503631961259082,75.58561733230458,7.471156964202006,False
United_States_of_America.regions.Indiana:Vigo,83.31598062953996,2.7615012106537535,99.23155165259195,2.4574014506074957,False
United_States_of_America.regions.Indiana:Warrick,72.95520581113803,6.452784503631961,71.94945613074395,10.525936172970068,False
United_States_of_America.regions.Indiana:Wayne,97.5944309927361,0.7941888619854723,104.06432409466753,1.4453466159926207,False
United_States_of_America.regions.Indiana:White,82.41525423728814,0.6210653753026635,22.79732895057914,0.7027534345327504,False
United_States_of_America.regions.Iowa:Adair,115.363196125908,0.6210653753026635,121.95319869527931,0.7027534345327504,False
United_States_of_America.regions.Iowa:Allamakee,94.99636803874091,1.0230024213075062,57.98738608163843,11.309139577889033,False
United_States_of_America.regions.Iowa:Benton,97.98062953995158,0.6440677966101696,85.66577734663583,2.7387228218775306,False
United_States_of_America.regions.Iowa:Black Hawk,50.033898305084755,0.7372881355932204,27.426799201467613,0.44866245979057656,False
United_States_of_America.regions.Iowa:Boone,105.51937046004844,0.6210653753026635,94.03702011781874,0.7027534345327504,False
United_States_of_America.regions.Iowa:Buchanan,106.24818401937047,0.6210653753026635,95.37838156485583,0.7027534345327504,False
United_States_of_America.regions.Iowa:Buena Vista,92.08958837772398,0.6210653753026635,26.97780691334675,0.7027534345327504,False
United_States_of_America.regions.Iowa:Butler,111.94188861985475,0.6210653753026635,101.81309732197958,0.7027534345327504,False
United_States_of_America.regions.Iowa:Calhoun,5.0998427672955975,0.0,6.410487868048186,0.0,False
United_States_of_America.regions.Iowa:Carroll,115.363196125908,0.6210653753026635,126.88548808746674,0.7027534345327504,False
United_States_of_America.regions.Iowa:Cass,114.61622276029055,0.6210653753026635,119.19441157656016,0.7027534345327504,False
United_States_of_America.regions.Iowa:Cedar,98.33656174334142,0.6210653753026635,89.69854765276088,0.7027534345327504,False
United_States_of_America.regions.Iowa:Cerro Gordo,105.93704600484261,0.6210653753026635,112.67897746227563,0.7027534345327504,False
United_States_of_America.regions.Iowa:Cherokee,33.87998495109104,0.11851015801354402,28.262688325294892,0.1340976713288042,False
United_States_of_America.regions.Iowa:Clay,112.10411622276028,0.6210653753026635,109.52409533307879,0.7027534345327504,False
United_States_of_America.regions.Iowa:Clayton,106.8583535108959,0.5,92.25999354962472,3.5054566591833987,False
United_States_of_America.regions.Iowa:Clinton,90.82929782082324,0.19128329297820826,92.20767449630995,0.46025925872174944,False
United_States_of_America.regions.Iowa:Crawford,80.73728813559322,0.6598062953995157,95.15592326830765,4.637942669782129,False
United_States_of_America.regions.Iowa:Dallas,90.74455205811138,0.6210653753026635,103.76016714272951,0.7027534345327504,False
United_States_of_America.regions.Iowa:Delaware,109.57869249394675,0.5157384987893462,100.14488133460523,2.3938773609669566,False
United_States_of_America.regions.Iowa:Dubuque,85.52421307506054,0.6876513317191283,99.1220980430583,0.7711793641979113,False
United_States_of_America.regions.Iowa:Fayette,108.97820823244554,0.6210653753026635,98.08384463934412,0.7027534345327504,False
United_States_of_America.regions.Iowa:Floyd,3.393867924528301,0.8176100628930818,50.03933342610229,5.227017407576279,False
United_States_of_America.regions.Iowa:Franklin,112.37409200968524,0.6210653753026635,95.46335176220701,0.7027534345327504,False
United_States_of_America.regions.Iowa:Greene,108.11864406779662,0.6210653753026635,62.96726160854431,0.7027534345327504,False
United_States_of_America.regions.Iowa:Guthrie,104.1125907990315,0.6210653753026635,34.4535329777138,0.7027534345327504,False
United_States_of_America.regions.Iowa:Hamilton,109.41283292978208,0.6210653753026635,97.3361497478674,0.7027534345327504,False
United_States_of_America.regions.Iowa:Hancock,113.41888619854721,0.6210653753026635,116.73764696938196,0.7027534345327504,False
United_States_of_America.regions.Iowa:Hardin,111.6125907990315,0.6210653753026635,104.06811328665111,0.7027534345327504,False
United_States_of_America.regions.Iowa:Harrison,106.86440677966102,0.6210653753026635,92.7032201383773,0.7027534345327504,False
United_States_of_America.regions.Iowa:Iowa,103.0641646489104,0.6210653753026635,77.62068883155084,0.7027534345327504,False
United_States_of_America.regions.Iowa:Jackson,111.51694915254237,0.6210653753026635,114.5016945435767,0.7027534345327504,False
United_States_of_America.regions.Iowa:Jasper,58.261501210653755,0.4346246973365618,30.47808298691017,0.4842469406292572,False
United_States_of_America.regions.Iowa:Jones,100.24818401937047,0.6210653753026635,82.49236575365875,0.7027534345327504,False
United_States_of_America.regions.Iowa:Keokuk,113.81234866828089,0.6210653753026635,115.20533463223163,0.7027534345327504,False
United_States_of_America.regions.Iowa:Kossuth,115.31476997578693,0.6210653753026635,125.28100718776703,0.7027534345327504,False
United_States_of_America.regions.Iowa:Lee,105.93825665859565,0.6210653753026635,101.58292916442107,0.7027534345327504,False
United_States_of_America.regions.Iowa:Lyon,105.69612590799032,0.6210653753026635,74.14846492609057,0.7027534345327504,False
United_States_of_America.regions.Iowa:Madison,110.49757869249396,0.6876513317191283,101.07608279094025,4.965933804207459,False
United_States_of_America.regions.Iowa:Mahaska,107.91888619854723,0.36077481840193715,101.72620275460612,2.009505482634862,False
United_States_of_America.regions.Iowa:Marion,105.90435835351091,0.6210653753026635,104.40862700438403,0.7027534345327504,False
United_States_of_America.regions.Iowa:Marshall,170.9443099273608,0.3886198547215496,598.0881383592796,1.0486354739270494,False
United_States_of_America.regions.Iowa:Monona,109.76997578692495,0.6210653753026635,97.88884993030254,0.7027534345327504,False
United_States_of_America.regions.Iowa:O'Brien,108.33171912832931,0.6210653753026635,83.03128991768297,0.7027534345327504,False
United_States_of_America.regions.Iowa:Page,111.7179176755448,0.6210653753026635,107.65311633040916,0.7027534345327504,False
United_States_of_America.regions.Iowa:Palo Alto,2.5269709543568464,0.0,16.754908315002854,0.0,False
United_States_of_America.regions.Iowa:Plymouth,91.89830508474577,0.6210653753026635,46.401199713175586,0.7027534345327504,False
United_States_of_America.regions.Iowa:Pocahontas,10.261041902604758,0.0,30.58062775070921,0.0,False
United_States_of_America.regions.Iowa:Poweshiek,95.2953995157385,0.7312348668280872,36.7364959190605,5.5716572288510715,False
United_States_of_America.regions.Iowa:Ringgold,0.6,0.0,26.34339904222435,0.0,False
United_States_of_America.regions.Iowa:Sac,1.986635220125786,0.0,38.36150676560913,0.0,False
United_States_of_America.regions.Iowa:Shelby,107.90677966101694,0.6210653753026635,96.27067199400398,0.7027534345327504,False
United_States_of_America.regions.Iowa:Sioux,110.03995157384988,0.6210653753026635,117.75742216398197,0.7027534345327504,False
United_States_of_America.regions.Iowa:Story,101.69370460048428,0.5254237288135594,116.5411607061918,0.604272585156118,False
United_States_of_America.regions.Iowa:Tama,59.138014527845044,3.7978208232445523,786.4430985123347,25.51586646903445,False
United_States_of_America.regions.Iowa:Taylor,115.363196125908,0.6210653753026635,121.07502697146786,0.7027534345327504,False
United_States_of_America.regions.Iowa:Warren,102.12590799031476,0.6210653753026635,107.71417409008465,0.7027534345327504,False
United_States_of_America.regions.Iowa:Washington,63.89588377723972,2.853510895883778,260.5801870776885,15.11594117592225,False
United_States_of_America.regions.Iowa:Wayne,5.422169811320755,0.0,8.258668629768863,0.0,False
United_States_of_America.regions.Iowa:Webster,112.8135593220339,0.6210653753026635,121.81599124386564,0.7027534345327504,False
United_States_of_America.regions.Iowa:Winneshiek,109.97578692493947,0.6210653753026635,104.79221056265722,0.7027534345327504,False
United_States_of_America.regions.Iowa:Woodbury,93.54963680387411,0.2288135593220339,84.72171683499562,0.32232163457675367,False
United_States_of_America.regions.Iowa:Wright,114.36077481840195,0.6210653753026635,116.93688227010779,0.7027534345327504,False
United_States_of_America.regions.Kansas:Anderson,3.390891840607211,0.0,7.75746333847856,0.0,False
United_States_of_America.regions.Kansas:Barton,107.89467312348667,0.4346246973365618,107.49208172450322,0.5711691991087554,False
United_States_of_America.regions.Kansas:Bourbon,110.95883777239712,0.6089588377723971,111.51128999742362,5.128109556513378,False
United_States_of_America.regions.Kansas:Brown,2.1629125196437924,0.0,27.29380181917673,0.0,False
United_States_of_America.regions.Kansas:Chase,70.59451401311867,0.2996422182468694,62.616905422284084,0.33905383616238505,False
United_States_of_America.regions.Kansas:Chautauqua,112.9225181598063,0.6210653753026635,97.25754481735476,0.7027534345327504,False
United_States_of_America.regions.Kansas:Cherokee,110.57748184019373,0.6210653753026635,109.87325084394664,0.7027534345327504,False
United_States_of_America.regions.Kansas:Cheyenne,7.1683233929754815,0.0,64.60834360767464,0.0,False
United_States_of_America.regions.Kansas:Clark,17.967948717948715,0.0,792.1620197424255,0.0,False
United_States_of_America.regions.Kansas:Clay,113.40193704600485,0.2288135593220339,99.67598407365243,4.284101948298059,False
United_States_of_America.regions.Kansas:Cloud,112.89346246973366,0.6210653753026635,108.67605822908641,0.7027534345327504,False
United_States_of_America.regions.Kansas:Coffey,94.0084745762712,4.983050847457628,400.7144087330974,67.8156011657887,False
United_States_of_America.regions.Kansas:Comanche,1.0,0.0,56.560471568006214,0.0,False
United_States_of_America.regions.Kansas:Crawford,110.89709443099275,0.7360774818401937,121.14447148957103,1.964434515168669,False
United_States_of_America.regions.Kansas:Dickinson,99.10869288532518,0.5001909125620465,105.11416700887315,0.5659804840251274,False
United_States_of_America.regions.Kansas:Douglas,93.43099273607749,0.6210653753026635,110.36368956751659,0.7027534345327504,False
United_States_of_America.regions.Kansas:Edwards,29.463849389144805,0.06208692169036652,108.3586141988171,0.07025314756310143,False
United_States_of_America.regions.Kansas:Ellis,109.02300242130751,0.6210653753026635,113.53110947004424,0.7027534345327504,False
United_States_of_America.regions.Kansas:Ellsworth,3.4096385542168672,0.0,25.783859192059044,0.0,False
United_States_of_America.regions.Kansas:Franklin,107.25181598062954,0.6210653753026635,104.28156519937731,0.7027534345327504,False
United_States_of_America.regions.Kansas:Gove,115.363196125908,0.6210653753026635,114.75791653324885,0.7027534345327504,False
United_States_of_America.regions.Kansas:Grant,14.79396984924623,0.0,139.5116318295791,0.0,False
United_States_of_America.regions.Kansas:Gray,17.944444444444446,0.0,139.142363797159,0.0,False
United_States_of_America.regions.Kansas:Hamilton,109.79782082324455,0.6210653753026635,130.65191654954089,0.7027534345327504,False
United_States_of_America.regions.Kansas:Harper,6.709654178674352,0.0,10.748900293767887,0.0,False
United_States_of_America.regions.Kansas:Harvey,110.91283292978208,0.6210653753026635,118.11570742827271,0.7027534345327504,False
United_States_of_America.regions.Kansas:Haskell,37.1497610196495,0.1699415825809878,279.07852948437943,0.1922938157203175,False
United_States_of_America.regions.Kansas:Hodgeman,1.0,0.0,53.478302245427685,0.0,False
United_States_of_America.regions.Kansas:Jackson,115.13317191283294,0.6210653753026635,123.38055864176603,0.7027534345327504,False
United_States_of_America.regions.Kansas:Jefferson,109.72760290556901,0.6210653753026635,105.2542968762026,0.7027534345327504,False
United_States_of_America.regions.Kansas:Jewell,112.57627118644068,0.6210653753026635,108.47426623359226,0.7027534345327504,False
United_States_of_America.regions.Kansas:Kearny,93.42130750605328,0.4794188861985473,547.0295976337002,3.6399469381373013,False
United_States_of_America.regions.Kansas:Kiowa,25.64529914529914,0.0,48.45980929231283,0.0,False
United_States_of_America.regions.Kansas:Labette,102.63801452784504,0.6210653753026635,101.22020878993696,0.7027534345327504,False
United_States_of_America.regions.Kansas:Lane,1.0,0.0,62.88352196080177,0.0,False
United_States_of_America.regions.Kansas:Leavenworth,53.018159806295394,0.9092009685230026,57.17232215818924,1.1689488378145012,False
United_States_of_America.regions.Kansas:Linn,110.79539951573851,0.6210653753026635,107.6162767649102,0.7027534345327504,False
United_States_of_America.regions.Kansas:Lyon,33.875302663438255,0.29661016949152547,159.0745807998525,0.982349766060283,False
United_States_of_America.regions.Kansas:Marion,111.21186440677967,0.391041162227603,109.32167716075882,4.594620779316542,False
United_States_of_America.regions.Kansas:McPherson,101.97820823244552,0.6210653753026635,97.34253139624869,0.7027534345327504,False
United_States_of_America.regions.Kansas:Meade,16.42941982640475,0.0,440.485072747949,0.0,False
United_States_of_America.regions.Kansas:Miami,112.10048426150122,0.6210653753026635,120.73689657421748,0.7027534345327504,False
United_States_of_America.regions.Kansas:Mitchell,114.24576271186443,0.6210653753026635,115.34484452909251,0.7027534345327504,False
United_States_of_America.regions.Kansas:Montgomery,104.53874092009686,1.5048426150121066,104.2571011103264,5.3754290322006115,False
United_States_of_America.regions.Kansas:Morris,114.13317191283294,0.6210653753026635,111.13136199228359,0.7027534345327504,False
United_States_of_America.regions.Kansas:Morton,113.49394673123489,0.6210653753026635,89.81186044466247,0.7027534345327504,False
United_States_of_America.regions.Kansas:Nemaha,7.99388379204893,0.0,12.61747469331792,0.0,False
United_States_of_America.regions.Kansas:Neosho,114.32566585956417,0.6210653753026635,119.91816252543556,0.7027534345327504,False
United_States_of_America.regions.Kansas:Ness,1.0,0.0,34.10057851987787,0.0,False
United_States_of_America.regions.Kansas:Norton,4.439465408805031,0.0,29.716982922824315,0.0,False
United_States_of_America.regions.Kansas:Osage,112.02784503631962,0.6210653753026635,112.97488726062882,0.7027534345327504,False
United_States_of_America.regions.Kansas:Osborne,114.3680387409201,0.6210653753026635,111.29257391782028,0.7027534345327504,False
United_States_of_America.regions.Kansas:Ottawa,113.16222760290559,0.6210653753026635,104.4120427059099,0.7027534345327504,False
United_States_of_America.regions.Kansas:Phillips,115.090799031477,0.6210653753026635,114.83827323573341,0.7027534345327504,False
United_States_of_America.regions.Kansas:Pottawatomie,109.48547215496369,0.6210653753026635,108.04264131415489,0.7027534345327504,False
United_States_of_America.regions.Kansas:Pratt,115.363196125908,0.6210653753026635,123.30228027114033,0.7027534345327504,False
United_States_of_America.regions.Kansas:Republic,112.46368038740921,0.6210653753026635,108.5061080078097,0.7027534345327504,False
United_States_of_America.regions.Kansas:Rice,24.07264957264957,0.0,26.4925790530763,0.0,False
United_States_of_America.regions.Kansas:Riley,94.39951573849879,0.6210653753026635,102.87526838681582,0.7027534345327504,False
United_States_of_America.regions.Kansas:Rooks,110.69612590799032,0.6210653753026635,95.6499268600055,0.7027534345327504,False
United_States_of_America.regions.Kansas:Saline,101.95278450363196,1.4031476997578693,108.47517853599359,2.67753902283359,False
United_States_of_America.regions.Kansas:Scott,113.66949152542374,0.6210653753026635,86.7782701865044,0.7027534345327504,False
United_States_of_America.regions.Kansas:Seward,383.2130750605327,0.5254237288135594,2199.704582548623,0.49976528570609957,False
United_States_of_America.regions.Kansas:Sheridan,54.518024032042725,0.21695594125500672,62.63685820584173,0.24549192230357417,False
United_States_of_America.regions.Kansas:Sherman,68.18694096601074,0.2996422182468694,63.21289335004612,0.33905383616238505,False
United_States_of_America.regions.Kansas:Smith,87.2435691318328,0.36977491961414793,84.36604765986112,0.4184110161289807,False
United_States_of_America.regions.Kansas:Stafford,115.363196125908,0.6210653753026635,118.19474301392673,0.7027534345327504,False
United_States_of_America.regions.Kansas:Stanton,109.93704600484261,0.6210653753026635,196.47684101627547,0.7027534345327504,False
United_States_of_America.regions.Kansas:Stevens,109.73365617433414,0.6210653753026635,50.65226614706624,0.7027534345327504,False
United_States_of_America.regions.Kansas:Trego,1.0,0.0,33.413003519067054,0.0,False
United_States_of_America.regions.Kansas:Wabaunsee,98.50363196125909,0.6210653753026635,136.2493074509099,0.7027534345327504,False
United_States_of_America.regions.Kansas:Wilson,72.01371496720334,0.2996422182468694,74.52002194431579,0.33905383616238505,False
United_States_of_America.regions.Kentucky:Barren,102.61016949152544,0.6210653753026635,103.2328731715942,0.7027534345327504,False
United_States_of_America.regions.Kentucky:Breckinridge,109.74818401937046,0.6210653753026635,105.31228704112085,0.7027534345327504,False
United_States_of_America.regions.Kentucky:Christian,73.60290556900728,1.4382566585956418,78.51510452356692,2.2198875071205117,False
United_States_of_America.regions.Kentucky:Daviess,61.85108958837773,2.5084745762711864,73.40504608537029,2.3802030446407874,False
United_States_of_America.regions.Kentucky:Graves,60.65738498789347,8.679176755447942,133.87117645626697,24.253620017811492,False
United_States_of_America.regions.Kentucky:Hardin,93.9818401937046,0.6210653753026635,110.64976138399923,0.7027534345327504,False
United_States_of_America.regions.Kentucky:Henderson,89.95641646489105,0.3910411622276029,81.85850456528279,0.48432895517514263,False
United_States_of_America.regions.Kentucky:Hopkins,67.1089588377724,14.753026634382566,184.34943624358615,33.70196394828341,False
United_States_of_America.regions.Kentucky:Laurel,105.0133171912833,1.0956416464891041,113.98078972290803,1.8258717249564713,False
United_States_of_America.regions.Kentucky:Logan,109.40556900726395,0.6210653753026635,110.81426345846772,0.7027534345327504,False
United_States_of_America.regions.Kentucky:Madison,99.46004842615012,0.6089588377723971,113.27623939507318,0.689733832297743,False
United_States_of_America.regions.Kentucky:Ohio,69.96368038740921,0.6210653753026635,104.11100378298963,0.7027534345327504,False
United_States_of_America.regions.Kentucky:Pike,104.81113801452784,1.411622276029056,113.25500251341609,2.4788837870332023,False
United_States_of_America.regions.Kentucky:Pulaski,92.76997578692495,1.0944309927360776,98.70218663327996,1.7035211432850539,False
United_States_of_America.regions.Kentucky:Shelby,97.61622276029057,1.5593220338983054,100.30059629789392,3.7448383760110002,False
United_States_of_America.regions.Kentucky:Warren,45.44309927360775,0.6210653753026635,75.34895637114386,0.7027534345327504,False
United_States_of_America.regions.Louisiana:Acadia,79.226392251816,5.053268765133172,92.35949779131532,8.442760531839777,False
United_States_of_America.regions.Louisiana:Allen,83.67554479418887,6.805084745762713,161.1382944226126,28.275082914104917,False
United_States_of_America.regions.Louisiana:Avoyelles,85.79418886198548,3.1041162227602905,94.51590050023512,8.576794189179271,False
United_States_of_America.regions.Louisiana:Bienville,75.8861985472155,6.451573849878935,222.61316460203977,52.71193748897452,False
United_States_of_America.regions.Louisiana:Caldwell,95.1997578692494,0.6210653753026635,141.04004168597575,0.7027534345327504,False
United_States_of_America.regions.Louisiana:Catahoula,99.3728813559322,0.8329297820823246,96.45322005111309,12.597350466950079,False
United_States_of_America.regions.Louisiana:Claiborne,88.34503631961259,3.2663438256658592,143.48480748614233,24.105218492515903,False
United_States_of_America.regions.Louisiana:Concordia,93.51573849878935,2.3656174334140436,85.70680784250668,14.805231448985124,False
United_States_of_America.regions.Louisiana:De Soto,66.02421307506054,6.610169491525424,336.2295383394841,25.628073011332916,False
United_States_of_America.regions.Louisiana:Evangeline,90.95762711864408,0.6210653753026635,87.4200206386499,0.7027534345327504,False
United_States_of_America.regions.Louisiana:Franklin,67.81719128329298,1.5096852300242132,344.9899229564064,9.943015265576552,False
United_States_of_America.regions.Louisiana:Grant,106.96125907990316,0.6210653753026635,106.04391655476655,0.7027534345327504,False
United_States_of_America.regions.Louisiana:Iberia,58.62711864406781,6.786924939467313,95.08207697440628,9.905853632300953,False
United_States_of_America.regions.Louisiana:Iberville,118.91525423728817,14.800242130750606,591.9012682587248,46.73136888115508,False
United_States_of_America.regions.Louisiana:Jackson,96.85230024213075,0.24818401937046006,43.76652364340674,3.17526379928778,False
United_States_of_America.regions.Louisiana:Jefferson Davis,86.43946731234867,3.6707021791767556,89.91861022635361,12.979239534350885,False
United_States_of_America.regions.Louisiana:LaSalle,101.60653753026637,0.6210653753026635,71.82038847565177,0.7027534345327504,False
United_States_of_America.regions.Louisiana:Lincoln,78.61864406779662,1.8886198547215498,68.95791971465124,4.666476016548104,False
United_States_of_America.regions.Louisiana:Livingston,63.53147699757869,4.705811138014528,79.822767418363,3.0808351365325968,False
United_States_of_America.regions.Louisiana:Madison,111.55569007263924,0.6210653753026635,94.35359399351775,0.7027534345327504,False
United_States_of_America.regions.Louisiana:Morehouse,89.23123486682809,2.1694915254237293,79.83701453850205,10.516016770204697,False
United_States_of_America.regions.Louisiana:Plaquemines,75.40556900726392,9.58595641646489,419.9340655669214,43.2987199963745,False
United_States_of_America.regions.Louisiana:Pointe Coupee,72.66101694915254,8.108958837772397,201.3533874528439,39.472231439259524,False
United_States_of_America.regions.Louisiana:Richland,86.60653753026634,0.6210653753026635,55.12136285952836,0.7027534345327504,False
United_States_of_America.regions.Louisiana:Sabine,104.64891041162228,0.19128329297820826,99.7749913559788,1.0967026127141732,False
United_States_of_America.regions.Louisiana:St. Bernard,174.13438256658597,7.815980629539952,483.20036682922057,17.155696325950306,False
United_States_of_America.regions.Louisiana:St. Landry,64.32566585956417,15.975786924939467,71.81002683431949,19.5067496342926,False
United_States_of_America.regions.Louisiana:St. Martin,83.50605326876513,10.161016949152543,192.61234685567177,19.476697304654625,False
United_States_of_America.regions.Louisiana:St. Mary,66.23486682808718,8.987893462469733,133.70967386953276,18.769076908687637,False
United_States_of_America.regions.Louisiana:Tensas,112.8087167070218,0.6210653753026635,71.4974899174186,0.7027534345327504,False
United_States_of_America.regions.Louisiana:Union,66.74576271186442,3.934624697336562,229.12927707334725,19.903769419815113,False
United_States_of_America.regions.Louisiana:Washington,55.81598062953995,7.049636803874092,169.98955422556637,15.902654582042466,False
United_States_of_America.regions.Louisiana:Webster,78.75907990314771,2.295399515738499,83.1902591337414,6.90409291664399,False
United_States_of_America.regions.Louisiana:Winn,97.55569007263924,1.3486682808716708,52.47763432639411,12.088172652896235,False
United_States_of_America.regions.Maine:Androscoggin,95.76755447941889,0.34866828087167073,112.28330454878451,0.4511791441192805,False
United_States_of_America.regions.Maine:Waldo,87.86319612590799,6.135593220338983,81.1576986734166,16.31010970443652,False
United_States_of_America.regions.Maryland:Allegany,64.82082324455206,5.964891041162228,70.77127528700119,8.650172628386036,False
United_States_of_America.regions.Maryland:Cecil,61.18886198547216,2.6162227602905572,72.40497676707706,2.4446756020655873,False
United_States_of_America.regions.Maryland:Dorchester,74.21186440677967,1.1828087167070218,49.879194227662026,4.347798725044678,False
United_States_of_America.regions.Maryland:Garrett,112.55811138014528,0.6210653753026635,121.57968084293394,0.7027534345327504,False
United_States_of_America.regions.Maryland:Queen Anne's,89.9043583535109,1.3849878934624698,84.01649103877904,3.2790120500053357,False
United_States_of_America.regions.Maryland:St. Mary's,68.03026634382566,2.2723970944309926,81.42914136622991,1.8463281175187483,False
United_States_of_America.regions.Maryland:Wicomico,15.268765133171911,1.208232445520581,28.41294937279008,1.075311877977416,False
United_States_of_America.regions.Maryland:Worcester,90.87772397094432,0.572639225181598,87.02612957207113,0.6101179036561236,False
United_States_of_America.regions.Massachusetts:Franklin,66.79418886198548,20.53753026634383,94.53641548375985,29.44628566727188,False
United_States_of_America.regions.Michigan:Alcona,84.14710610932477,0.46221864951768493,73.99029119909231,7.577682872692095,False
United_States_of_America.regions.Michigan:Alpena,84.88014527845037,5.801452784503633,157.56437241040507,21.907766402841993,False
United_States_of_America.regions.Michigan:Baraga,80.44781810478746,0.33611071882502475,83.70543520724915,0.38031899930413776,False
United_States_of_America.regions.Michigan:Barry,97.98668280871672,0.4200968523002422,102.46358974143814,0.7058145093454401,False
United_States_of_America.regions.Michigan:Bay,75.47336561743343,0.42978208232445525,91.19864565875949,0.4091129216865877,False
United_States_of_America.regions.Michigan:Branch,82.30266343825667,1.476997578692494,76.78875812089665,3.6789357007866634,False
United_States_of_America.regions.Michigan:Calhoun,47.56658595641647,4.197336561743342,66.01832451518789,2.8888072785360746,False
United_States_of_America.regions.Michigan:Cass,97.01452784503633,1.085956416464891,100.00043071595508,2.224117206341111,False
United_States_of_America.regions.Michigan:Cheboygan,103.73002421307505,0.728813559322034,98.20518435461946,3.1242458876237658,False
United_States_of_America.regions.Michigan:Clare,109.79782082324455,0.5,110.94264737783405,1.714637293410275,False
United_States_of_America.regions.Michigan:Clinton,77.58837772397095,4.023002421307506,86.84320301207657,5.131869087749013,False
United_States_of_America.regions.Michigan:Crawford,84.15617433414045,1.8595641646489107,124.9657616053727,16.97940167239985,False
United_States_of_America.regions.Michigan:Dickinson,112.92615012106539,1.50363196125908,120.63104823118682,6.957669100367742,False
United_States_of_America.regions.Michigan:Eaton,71.58111380145279,3.164648910411622,87.47199055684402,2.7304404981714665,False
United_States_of_America.regions.Michigan:Gogebic,112.53389830508475,0.7615012106537532,114.78719328650601,6.452881628079057,False
United_States_of_America.regions.Michigan:Grand Traverse,103.42978208232445,3.0847457627118646,117.55378646188213,3.2782227793879777,False
United_States_of_America.regions.Michigan:Gratiot,105.12832929782084,0.37046004842615016,107.68268696208905,1.2629121859398624,False
United_States_of_America.regions.Michigan:Hillsdale,73.53753026634382,10.060532687651332,90.59881033966585,22.719235520524798,False
United_States_of_America.regions.Michigan:Houghton,114.50847457627118,0.6210653753026635,126.54666453643954,0.7027534345327504,False
United_States_of_America.regions.Michigan:Huron,104.27239709443101,0.4648910411622276,99.23835894696587,0.5793322988374161,False
United_States_of_America.regions.Michigan:Ionia,79.92130750605327,1.3159806295399514,78.05517092384923,2.053621189502183,False
United_States_of_America.regions.Michigan:Iosco,93.11501210653753,2.1937046004842613,43.73222810381153,10.499419430460783,False
United_States_of_America.regions.Michigan:Isabella,86.13317191283294,4.691283292978208,92.67487823915738,6.90021866914379,False
United_States_of_America.regions.Michigan:Kalkaska,103.74697336561744,1.4358353510895885,96.6315644819749,9.639953259191852,False
United_States_of_America.regions.Michigan:Lake,114.14285714285715,0.6210653753026635,118.85274830897099,0.7027534345327504,False
United_States_of_America.regions.Michigan:Lapeer,73.13075060532688,15.31719128329298,82.96225173996373,17.49014971087303,False
United_States_of_America.regions.Michigan:Lenawee,75.38498789346247,0.3026634382566586,88.39704482086458,0.3583136668510951,False
United_States_of_America.regions.Michigan:Luce,115.363196125908,0.6210653753026635,121.18064880791408,0.7027534345327504,False
United_States_of_America.regions.Michigan:Mackinac,111.2215496368039,0.6210653753026635,105.12632956774004,0.7027534345327504,False
United_States_of_America.regions.Michigan:Manistee,107.49757869249395,0.6210653753026635,107.07700470133551,0.7027534345327504,False
United_States_of_America.regions.Michigan:Mecosta,105.77481840193705,0.7130750605326878,111.63817862840213,1.8132651904926238,False
United_States_of_America.regions.Michigan:Menominee,110.92978208232445,0.6210653753026635,111.1617537283389,0.7027534345327504,False
United_States_of_America.regions.Michigan:Midland,87.92857142857143,0.9007263922518162,98.06133813018445,1.1272910211342844,False
United_States_of_America.regions.Michigan:Missaukee,107.35593220338984,0.7566585956416465,73.26953821622719,5.879846016372751,False
United_States_of_America.regions.Michigan:Montcalm,101.14043583535108,0.3292978208232446,108.2102957134031,0.5359076918452664,False
United_States_of_America.regions.Michigan:Montmorency,111.55205811138013,0.6210653753026635,110.76307607367777,0.7027534345327504,False
United_States_of_America.regions.Michigan:Newaygo,106.29539951573851,0.6210653753026635,111.41148611814056,0.7027534345327504,False
United_States_of_America.regions.Michigan:Ogemaw,108.46852300242132,0.6210653753026635,99.10815211487541,0.7027534345327504,False
United_States_of_America.regions.Michigan:Osceola,109.64285714285715,0.6210653753026635,110.126753675078,0.7027534345327504,False
United_States_of_America.regions.Michigan:Oscoda,112.05811138014529,0.5980629539951574,105.92470930671378,1.2701075393923709,False
United_States_of_America.regions.Michigan:Otsego,79.9043583535109,2.328087167070218,60.84245110791616,11.252624149271698,False
United_States_of_America.regions.Michigan:Presque Isle,107.35835351089588,0.6210653753026635,95.57552018830951,0.7027534345327504,False
United_States_of_America.regions.Michigan:Roscommon,107.00121065375302,0.6210653753026635,101.60382891024632,0.7027534345327504,False
United_States_of_America.regions.Michigan:Sanilac,95.44673123486683,2.5024213075060535,94.94606975949418,6.8840492927169885,False
United_States_of_America.regions.Michigan:Shiawassee,52.93825665859564,4.63317191283293,63.81609170300702,7.010228110541665,False
United_States_of_America.regions.Michigan:St. Joseph,94.47457627118645,0.6271186440677966,99.98101489615952,1.0526928955939938,False
United_States_of_America.regions.Michigan:Tuscola,74.95157384987894,7.828087167070217,67.59521209288762,15.469421017324617,False
United_States_of_America.regions.Michigan:Van Buren,90.31234866828088,1.2578692493946733,98.81831251842928,1.671120391928517,False
United_States_of_America.regions.Michigan:Wexford,109.80629539951575,0.4249394673123487,115.75304148045333,1.8387158932802907,False
United_States_of_America.regions.Minnesota:Blue Earth,99.29297820823244,0.6210653753026635,108.3471228647342,0.7027534345327504,False
United_States_of_America.regions.Minnesota:Brown,109.26392251815982,0.6876513317191283,113.03393878118084,3.0006619568035235,False
United_States_of_America.regions.Minnesota:Carlton,84.91525423728814,0.6210653753026635,81.5932768254375,0.7027534345327504,False
United_States_of_America.regions.Minnesota:Carver,107.26513317191282,0.6210653753026635,122.86704890229771,0.7027534345327504,False
United_States_of_America.regions.Minnesota:Chippewa,28.86333864400779,0.1699415825809878,105.33532195992711,0.1922938157203175,False
United_States_of_America.regions.Minnesota:Chisago,110.30992736077481,0.6271186440677966,121.31841966696334,1.138419579352455,False
United_States_of_America.regions.Minnesota:Clearwater,114.16464891041163,0.6210653753026635,120.0384439402811,0.7027534345327504,False
United_States_of_America.regions.Minnesota:Cottonwood,100.37288135593221,0.6210653753026635,34.08844190387771,0.7027534345327504,False
United_States_of_America.regions.Minnesota:Douglas,112.9188861985472,0.6210653753026635,122.66131232501805,0.7027534345327504,False
United_States_of_America.regions.Minnesota:Faribault,111.94552058111381,0.6210653753026635,110.82138480797367,0.7027534345327504,False
United_States_of_America.regions.Minnesota:Fillmore,107.544794188862,0.34866828087167073,106.55563808232283,0.9464216203153071,False
United_States_of_America.regions.Minnesota:Freeborn,96.7772397094431,0.6210653753026635,96.69136483050544,0.7027534345327504,False
United_States_of_America.regions.Minnesota:Goodhue,103.00605326876513,0.6210653753026635,108.63109014542822,0.7027534345327504,False
United_States_of_America.regions.Minnesota:Grant,4.087855297157623,0.0,25.108291327196024,0.0,False
United_States_of_America.regions.Minnesota:Houston,115.00968523002422,0.6210653753026635,124.59491358868706,0.7027534345327504,False
United_States_of_America.regions.Minnesota:Jackson,112.99636803874093,0.6210653753026635,99.62340369116536,0.7027534345327504,False
United_States_of_America.regions.Minnesota:Kanabec,2.6981132075471694,0.3223270440251572,44.93069123559388,1.9729879661208127,False
United_States_of_America.regions.Minnesota:Kandiyohi,70.71549636803876,0.3075060532687652,37.98022784266516,0.49264604530315165,False
United_States_of_America.regions.Minnesota:Kittson,63.99133175728922,0.2600472813238771,63.30824322813932,0.29425101987403496,False
United_States_of_America.regions.Minnesota:Lac qui Parle,115.363196125908,0.6210653753026635,121.53676670904099,0.7027534345327504,False
United_States_of_America.regions.Minnesota:Lincoln,114.12348668280873,0.6210653753026635,108.37795117664349,0.7027534345327504,False
United_States_of_America.regions.Minnesota:Lyon,108.62953995157385,0.6210653753026635,108.08079418510795,0.7027534345327504,False
United_States_of_America.regions.Minnesota:Mahnomen,115.090799031477,0.6210653753026635,115.4918424683325,0.7027534345327504,False
United_States_of_America.regions.Minnesota:Martin,94.6404358353511,2.774818401937046,102.12704480903912,16.550123551900768,False
United_States_of_America.regions.Minnesota:McLeod,110.62953995157386,0.6210653753026635,116.20024860204545,0.7027534345327504,False
United_States_of_America.regions.Minnesota:Meeker,107.75665859564167,0.6210653753026635,96.2314329900577,0.7027534345327504,False
United_States_of_America.regions.Minnesota:Mille Lacs,74.16763169043921,0.6482135291625478,66.53652100986936,3.3656346787701197,False
United_States_of_America.regions.Minnesota:Mower,98.8765133171913,0.6210653753026635,99.7888348341539,0.7027534345327504,False
United_States_of_America.regions.Minnesota:Murray,99.3135593220339,0.6210653753026635,87.22702376152844,0.7027534345327504,False
United_States_of_America.regions.Minnesota:Nobles,836.1428571428571,1.036319612590799,4271.75515999911,6.075653772990734,False
United_States_of_America.regions.Minnesota:Norman,80.7631296891747,0.36977491961414793,85.82754054160903,0.4184110161289807,False
United_States_of_America.regions.Minnesota:Pennington,38.43792325056433,0.11851015801354402,34.32603271611596,0.1340976713288042,False
United_States_of_America.regions.Minnesota:Pope,0.5983701979045402,0.0,40.763477393470815,0.0,False
United_States_of_America.regions.Minnesota:Redwood,114.13438256658597,0.6210653753026635,117.59841898705524,0.7027534345327504,False
United_States_of_America.regions.Minnesota:Renville,114.09927360774817,0.6210653753026635,117.2727935718431,0.7027534345327504,False
United_States_of_America.regions.Minnesota:Rice,110.91404358353512,0.19128329297820826,123.56753507384842,0.3026914676913916,False
United_States_of_America.regions.Minnesota:Sherburne,103.20096852300244,0.6210653753026635,117.94820147870973,0.7027534345327504,False
United_States_of_America.regions.Minnesota:Sibley,115.04963680387411,0.6210653753026635,123.512038366472,0.7027534345327504,False
United_States_of_America.regions.Minnesota:Swift,112.29782082324455,0.6210653753026635,90.76376856961421,0.7027534345327504,False
United_States_of_America.regions.Minnesota:Todd,78.23970944309927,0.6210653753026635,29.979105985680494,0.7027534345327504,False
United_States_of_America.regions.Minnesota:Traverse,114.26755447941889,0.6210653753026635,108.29537751693185,0.7027534345327504,False
United_States_of_America.regions.Minnesota:Wabasha,109.73244552058112,0.6210653753026635,110.90623514269386,0.7027534345327504,False
United_States_of_America.regions.Minnesota:Wadena,6.048929663608563,0.0,20.30177123009597,0.0,False
United_States_of_America.regions.Minnesota:Wilkin,107.71186440677967,1.4539951573849879,80.45572349705539,32.728220186985716,False
United_States_of_America.regions.Minnesota:Winona,82.83414043583537,9.03268765133172,83.78072459431253,18.419647775027475,False
United_States_of_America.regions.Minnesota:Wright,102.5181598062954,0.22760290556900728,121.60177750362264,0.41841248933690406,False
United_States_of_America.regions.Minnesota:Yellow Medicine,113.49152542372882,0.6210653753026635,114.83335733107745,0.7027534345327504,False
United_States_of_America.regions.Mississippi:Amite,98.17917675544795,0.9891041162227604,79.01202250447231,3.6956682992973016,False
United_States_of_America.regions.Mississippi:Attala,78.51089588377725,0.6210653753026635,99.4044050312245,0.7027534345327504,False
United_States_of_America.regions.Mississippi:Bolivar,75.73486682808718,3.26997578692494,96.30337868015492,12.001442602517018,False
United_States_of_America.regions.Mississippi:Calhoun,86.25786924939467,1.3087167070217918,126.54683555146599,12.734904683456632,False
United_States_of_America.regions.Mississippi:Carroll,81.82445520581115,0.5363196125907991,226.75675477620734,10.932764690464358,False
United_States_of_America.regions.Mississippi:Chickasaw,83.14648910411624,2.5895883777239708,111.63044849374201,18.069706093191243,False
United_States_of_America.regions.Mississippi:Clarke,82.91525423728815,1.8910411622276029,120.21859780865414,15.461628120902974,False
United_States_of_America.regions.Mississippi:Coahoma,89.19491525423729,0.7312348668280872,84.26525581910435,4.545017986333922,False
United_States_of_America.regions.Mississippi:Copiah,92.43825665859565,0.34866828087167073,62.58686623106864,0.6240114989151843,False
United_States_of_America.regions.Mississippi:Forrest,55.53026634382567,0.5883777239709443,52.83692717617576,0.9120550347966058,False
United_States_of_America.regions.Mississippi:Franklin,104.96731234866827,0.4346246973365618,74.40683321249858,2.2651687136549654,False
United_States_of_America.regions.Mississippi:Greene,111.31961259079904,0.5472154963680387,106.51751776841476,5.080510850130034,False
United_States_of_America.regions.Mississippi:Hancock,86.99515738498789,2.8789346246973366,81.30406250700288,6.645247909101782,False
United_States_of_America.regions.Mississippi:Holmes,73.23970944309929,2.6912832929782087,180.71023910736,18.77019582049883,False
United_States_of_America.regions.Mississippi:Itawamba,95.60290556900728,0.24697336561743347,52.58338325925271,2.1906003403363754,False
United_States_of_America.regions.Mississippi:Jasper,80.14769975786925,0.6707021791767555,131.99600035321836,6.0144794379644155,False
United_States_of_America.regions.Mississippi:Jones,65.02179176755448,0.5254237288135594,59.3945558681672,0.5623063634159715,False
United_States_of_America.regions.Mississippi:Kemper,82.24213075060533,0.31113801452784506,250.14368705100378,8.866158388814698,False
United_States_of_America.regions.Mississippi:Lafayette,76.15738498789347,1.3571428571428572,64.64193868252578,2.959306641450738,False
United_States_of_America.regions.Mississippi:Lamar,68.71549636803876,0.9188861985472156,67.33609715338743,1.4717652368114031,False
United_States_of_America.regions.Mississippi:Lauderdale,123.5484261501211,14.698547215496369,191.989853218502,19.964514816123614,False
United_States_of_America.regions.Mississippi:Leake,44.025423728813564,0.3426150121065376,205.4774426383103,2.2726090761971505,False
United_States_of_America.regions.Mississippi:Lee,83.29903147699757,2.571428571428572,93.44840515302175,3.0339546823398034,False
United_States_of_America.regions.Mississippi:Leflore,77.47094430992738,3.3656174334140436,35.929981575063536,13.442947196048475,False
United_States_of_America.regions.Mississippi:Lincoln,56.248184019370456,4.279661016949153,113.40818078475549,13.646575737873237,False
United_States_of_America.regions.Mississippi:Lowndes,92.01089588377724,0.37772397094430993,94.67198570225456,0.6753608299416334,False
United_States_of_America.regions.Mississippi:Madison,60.57990314769976,1.8886198547215498,73.23938977652033,1.658814269118459,False
United_States_of_America.regions.Mississippi:Marion,80.60290556900726,1.5859564164648912,56.48822949869536,8.278737599396989,False
United_States_of_America.regions.Mississippi:Marshall,93.14891041162228,1.139225181598063,89.08807560404365,3.742781965032383,False
United_States_of_America.regions.Mississippi:Monroe,73.14043583535108,2.4334140435835354,27.991218268354825,7.961944792195375,False
United_States_of_America.regions.Mississippi:Neshoba,34.944309927360784,1.7736077481840196,261.43034471742243,7.5212767992974685,False
United_States_of_America.regions.Mississippi:Newton,78.71912832929782,0.6210653753026635,56.91576057297853,0.7027534345327504,False
United_States_of_America.regions.Mississippi:Noxubee,85.91283292978208,0.572639225181598,161.0641993204054,0.838856063034185,False
United_States_of_America.regions.Mississippi:Oktibbeha,92.15738498789347,1.2046004842615012,94.43371418957571,2.978989481078528,False
United_States_of_America.regions.Mississippi:Panola,93.48789346246973,1.2094430992736078,82.6309607200274,4.091424097047921,False
United_States_of_America.regions.Mississippi:Pearl River,60.47578692493946,3.9564164648910407,51.34479770034609,7.539763609122072,False
United_States_of_America.regions.Mississippi:Perry,100.95157384987893,0.6876513317191283,76.39274836662823,7.032568715850406,False
United_States_of_America.regions.Mississippi:Scott,28.974576271186447,0.6210653753026635,237.6017353730723,0.7027534345327504,False
United_States_of_America.regions.Mississippi:Simpson,95.96368038740921,0.6210653753026635,61.04300852562613,0.7027534345327504,False
United_States_of_America.regions.Mississippi:Smith,83.53268765133171,0.9394673123486683,90.94364625045272,9.102051087026258,False
United_States_of_America.regions.Mississippi:Sunflower,88.36440677966102,1.1961259079903146,87.6397669997754,5.772387904833121,False
United_States_of_America.regions.Mississippi:Tallahatchie,109.08958837772397,0.36077481840193715,89.7463272148443,3.636978680379148,False
United_States_of_America.regions.Mississippi:Warren,73.31355932203391,1.0641646489104117,51.55497675653708,2.5892558451985623,False
United_States_of_America.regions.Mississippi:Washington,81.54358353510897,1.473365617433414,84.46478563240343,4.067182097444925,False
United_States_of_America.regions.Mississippi:Wayne,99.14769975786926,0.6210653753026635,81.34357116112949,0.7027534345327504,False
United_States_of_America.regions.Mississippi:Wilkinson,82.32324455205811,3.4225181598062955,406.1677643206969,46.152212209835255,False
United_States_of_America.regions.Mississippi:Winston,94.70338983050848,0.6210653753026635,61.70487181822613,0.7027534345327504,False
United_States_of_America.regions.Mississippi:Yazoo,63.19612590799032,0.6271186440677966,106.50435045726898,2.217824352288694,False
United_States_of_America.regions.Missouri:Adair,107.07990314769975,0.6210653753026635,108.33144777601257,0.7027534345327504,False
United_States_of_America.regions.Missouri:Atchison,114.57748184019371,0.6210653753026635,110.40243966886777,0.7027534345327504,False
United_States_of_America.regions.Missouri:Audrain,51.360480640854476,0.21695594125500672,43.84437741350248,0.24549192230357417,False
United_States_of_America.regions.Missouri:Barry,112.40193704600485,0.6210653753026635,120.63467207895185,0.7027534345327504,False
United_States_of_America.regions.Missouri:Bates,111.29418886198548,0.4200968523002422,109.16690542151743,3.3696905528929797,False
United_States_of_America.regions.Missouri:Benton,112.00000000000001,0.6210653753026635,113.80440492612409,0.7027534345327504,False
United_States_of_America.regions.Missouri:Bollinger,113.13317191283294,0.6210653753026635,112.15966691829026,0.7027534345327504,False
United_States_of_America.regions.Missouri:Buchanan,37.29297820823245,0.5484261501210653,41.67753586310436,0.6283673117096775,False
United_States_of_America.regions.Missouri:Butler,100.16101694915254,0.6210653753026635,104.41540754032175,0.7027534345327504,False
United_States_of_America.regions.Missouri:Callaway,103.32929782082326,0.6271186440677966,109.82202631347519,1.453701986050273,False
United_States_of_America.regions.Missouri:Camden,96.39104116222761,0.7360774818401937,99.07040682792267,1.6381691134035983,False
United_States_of_America.regions.Missouri:Cape Girardeau,91.07748184019371,0.6271186440677966,100.7363018346684,0.8015579323508096,False
United_States_of_America.regions.Missouri:Carroll,28.947125976366916,0.06208692169036652,26.87898591260881,0.07025314756310143,False
United_States_of_America.regions.Missouri:Cass,86.5496368038741,2.444309927360775,102.5388531769584,2.195124522229812,False
United_States_of_America.regions.Missouri:Chariton,111.97336561743342,0.6210653753026635,104.35544702178316,0.7027534345327504,False
United_States_of_America.regions.Missouri:Christian,104.1125907990315,0.6210653753026635,117.8304196023461,0.7027534345327504,False
United_States_of_America.regions.Missouri:Cole,91.41646489104116,0.5690072639225182,100.58031022629355,0.7495227142547118,False
United_States_of_America.regions.Missouri:Cooper,111.06295399515739,0.6210653753026635,107.13628371121742,0.7027534345327504,False
United_States_of_America.regions.Missouri:Crawford,109.97941888619854,0.6210653753026635,111.60348504537724,0.7027534345327504,False
United_States_of_America.regions.Missouri:Dallas,114.3728813559322,0.6210653753026635,122.80226075521608,0.7027534345327504,False
United_States_of_America.regions.Missouri:Daviess,86.39978563772776,0.36977491961414793,83.19900524346446,0.4184110161289807,False
United_States_of_America.regions.Missouri:Dent,2.25,0.0,2.743901324318838,0.0,False
United_States_of_America.regions.Missouri:Dunklin,102.3087167070218,0.639225181598063,95.57016495329448,2.966901791592402,False
United_States_of_America.regions.Missouri:Gasconade,114.3401937046005,0.6210653753026635,121.74172598954401,0.7027534345327504,False
United_States_of_America.regions.Missouri:Harrison,110.87530266343826,0.6210653753026635,107.72623276977778,0.7027534345327504,False
United_States_of_America.regions.Missouri:Henry,113.14648910411623,0.589588377723971,117.08062065544935,3.0916342444913423,False
United_States_of_America.regions.Missouri:Howell,111.60290556900726,0.6210653753026635,122.04562881407344,0.7027534345327504,False
United_States_of_America.regions.Missouri:Iron,114.41404358353512,0.6210653753026635,119.29910942609126,0.7027534345327504,False
United_States_of_America.regions.Missouri:Jasper,100.11016949152541,0.6210653753026635,117.6664650652988,0.7027534345327504,False
United_States_of_America.regions.Missouri:Johnson,88.69854721549638,0.6210653753026635,90.12428169829823,0.7027534345327504,False
United_States_of_America.regions.Missouri:Laclede,1.7495256166982922,0.0,3.2223697103631106,0.0,False
United_States_of_America.regions.Missouri:Lafayette,97.80508474576273,0.7203389830508475,95.8768356189111,2.2932615921504786,False
United_States_of_America.regions.Missouri:Lawrence,2.336492890995261,0.0,10.890211890290148,0.0,False
United_States_of_America.regions.Missouri:Lincoln,91.42615012106538,0.6598062953995157,95.05292628261716,1.1446523369474766,False
United_States_of_America.regions.Missouri:Linn,111.58474576271186,0.6876513317191283,112.32653884303629,7.066962346217042,False
United_States_of_America.regions.Missouri:Livingston,114.28329297820824,0.6210653753026635,119.76132250162755,0.7027534345327504,False
United_States_of_America.regions.Missouri:Macon,114.33535108958837,0.6210653753026635,122.00134627998132,0.7027534345327504,False
United_States_of_America.regions.Missouri:Maries,114.42493946731236,0.6210653753026635,117.93251450039921,0.7027534345327504,False
United_States_of_America.regions.Missouri:McDonald,112.65738498789347,0.6210653753026635,119.04972001310134,0.7027534345327504,False
United_States_of_America.regions.Missouri:Miller,86.30546623794213,0.36977491961414793,89.76113638257141,0.4184110161289807,False
United_States_of_America.regions.Missouri:Montgomery,110.23849878934624,0.6210653753026635,105.04781593009947,0.7027534345327504,False
United_States_of_America.regions.Missouri:Morgan,113.03995157384989,0.6210653753026635,115.90218272047737,0.7027534345327504,False
United_States_of_America.regions.Missouri:New Madrid,107.91041162227603,0.6210653753026635,103.65836644883154,0.7027534345327504,False
United_States_of_America.regions.Missouri:Newton,108.1634382566586,0.26271186440677974,119.32439759553723,0.47876634778617627,False
United_States_of_America.regions.Missouri:Nodaway,112.59200968523004,0.6210653753026635,117.8562507228392,0.7027534345327504,False
United_States_of_America.regions.Missouri:Oregon,114.76392251815982,0.6210653753026635,118.3467037642417,0.7027534345327504,False
United_States_of_America.regions.Missouri:Osage,111.76997578692496,0.6210653753026635,112.01083720033711,0.7027534345327504,False
United_States_of_America.regions.Missouri:Pemiscot,101.96973365617436,0.19128329297820826,62.968490627640804,2.01652579561249,False
United_States_of_America.regions.Missouri:Pettis,94.27118644067798,0.6210653753026635,81.45887321589892,0.7027534345327504,False
United_States_of_America.regions.Missouri:Phelps,114.58837772397095,0.6210653753026635,127.68649788027108,0.7027534345327504,False
United_States_of_America.regions.Missouri:Pike,108.29055690072639,0.6210653753026635,99.74657519279316,0.7027534345327504,False
United_States_of_America.regions.Missouri:Platte,98.08716707021793,0.6210653753026635,113.15075243217406,0.7027534345327504,False
United_States_of_America.regions.Missouri:Polk,115.31476997578693,0.6210653753026635,128.46257773177632,0.7027534345327504,False
United_States_of_America.regions.Missouri:Pulaski,97.29055690072639,0.6598062953995157,98.24413697248549,1.2905433381977323,False
United_States_of_America.regions.Missouri:Ray,108.21186440677965,0.6210653753026635,105.45531024281865,0.7027534345327504,False
United_States_of_America.regions.Missouri:Reynolds,114.36319612590799,0.6210653753026635,115.95681221314526,0.7027534345327504,False
United_States_of_America.regions.Missouri:Ripley,112.35835351089588,0.6210653753026635,109.7468613584842,0.7027534345327504,False
United_States_of_America.regions.Missouri:Saline,68.56900726392253,0.6210653753026635,534.3747472242878,0.7027534345327504,False
United_States_of_America.regions.Missouri:St. Clair,114.36319612590799,0.6210653753026635,119.23068549261603,0.7027534345327504,False
United_States_of_America.regions.Missouri:St. Francois,99.88619854721549,0.589588377723971,109.4174515839007,0.893987636744428,False
United_States_of_America.regions.Missouri:Ste. Genevieve,109.77966101694915,0.728813559322034,110.96428058616694,4.703038164149941,False
United_States_of_America.regions.Missouri:Stoddard,102.17554479418888,0.6210653753026635,98.00822297106585,0.7027534345327504,False
United_States_of_America.regions.Missouri:Sullivan,18.488151658767773,0.0,364.5906141946608,0.0,False
United_States_of_America.regions.Missouri:Taney,108.40677966101697,0.5205811138014528,118.62620736587267,0.979374949510089,False
United_States_of_America.regions.Missouri:Vernon,112.30992736077482,0.6210653753026635,118.73591454717764,0.7027534345327504,False
United_States_of_America.regions.Missouri:Washington,108.8946731234867,0.5690072639225182,110.77875107673788,2.562535903391897,False
United_States_of_America.regions.Missouri:Webster,105.04116222760291,0.6210653753026635,106.98258883496312,0.7027534345327504,False
United_States_of_America.regions.Missouri:Wright,108.63559322033898,0.6210653753026635,108.92513832010796,0.7027534345327504,False
United_States_of_America.regions.Montana:Deer Lodge,113.41404358353512,0.6210653753026635,115.82617235594051,0.7027534345327504,False
United_States_of_America.regions.Montana:Silver Bow,107.50242130750607,0.6210653753026635,112.15065417732264,0.7027534345327504,False
United_States_of_America.regions.Nebraska:Adams,58.772397094431,0.18038740920096855,73.71401539601231,0.8067321843753129,False
United_States_of_America.regions.Nebraska:Antelope,113.97457627118644,0.6210653753026635,99.19764839333288,0.7027534345327504,False
United_States_of_America.regions.Nebraska:Boone,2.655316919853326,0.0,45.893054085770345,0.0,False
United_States_of_America.regions.Nebraska:Box Butte,115.363196125908,0.6210653753026635,124.16619230789405,0.7027534345327504,False
United_States_of_America.regions.Nebraska:Butler,53.48062015503876,0.2996422182468694,172.812678063549,0.33905383616238505,False
United_States_of_America.regions.Nebraska:Cass,113.72397094430991,0.6210653753026635,122.21329363377593,0.7027534345327504,False
United_States_of_America.regions.Nebraska:Cedar,8.15118912797282,0.0,51.810369068965876,0.0,False
United_States_of_America.regions.Nebraska:Clay,103.7312348668281,0.6210653753026635,92.79884699824224,0.7027534345327504,False
United_States_of_America.regions.Nebraska:Cuming,110.37046004842617,0.6210653753026635,74.1978423004545,0.7027534345327504,False
United_States_of_America.regions.Nebraska:Dawson,55.407990314769975,0.6210653753026635,562.7129065239071,0.7027534345327504,False
United_States_of_America.regions.Nebraska:Dodge,83.45762711864408,0.6210653753026635,50.183591685047524,0.7027534345327504,False
United_States_of_America.regions.Nebraska:Fillmore,30.196875625876224,0.06208692169036652,31.638979204038435,0.07025314756310143,False
United_States_of_America.regions.Nebraska:Franklin,111.94188861985472,0.6210653753026635,104.41446810871308,0.7027534345327504,False
United_States_of_America.regions.Nebraska:Frontier,8.160371106693175,0.0,27.701010406963547,0.0,False
United_States_of_America.regions.Nebraska:Furnas,60.576044129235626,0.2600472813238771,55.278673774383456,0.29425101987403496,False
United_States_of_America.regions.Nebraska:Gage,95.48062953995158,1.4745762711864407,96.7745459043801,9.03852693774961,False
United_States_of_America.regions.Nebraska:Greeley,25.549145299145298,0.0,54.85517177880244,0.0,False
United_States_of_America.regions.Nebraska:Hall,518.7723970944311,13.944309927360772,903.5372430777197,23.037528707601197,False
United_States_of_America.regions.Nebraska:Hamilton,86.92978208232446,4.9709443099273605,286.0357883392854,59.271610413923106,False
United_States_of_America.regions.Nebraska:Harlan,1.0,0.0,27.322740972809566,0.0,False
United_States_of_America.regions.Nebraska:Hitchcock,6.709654178674352,0.0,27.48195140024346,0.0,False
United_States_of_America.regions.Nebraska:Howard,62.03841265358001,0.33611071882502475,298.8945558038068,1.883558289071504,False
United_States_of_America.regions.Nebraska:Jefferson,10.488170347003154,0.0,56.535424631532514,0.0,False
United_States_of_America.regions.Nebraska:Keith,4.087855297157623,0.0,16.923764862358812,0.0,False
United_States_of_America.regions.Nebraska:Kimball,108.50726392251818,0.6210653753026635,163.21636047082796,0.7027534345327504,False
United_States_of_America.regions.Nebraska:Knox,114.63317191283295,0.6210653753026635,121.3402660712388,0.7027534345327504,False
United_States_of_America.regions.Nebraska:Madison,75.82808716707022,1.4588377723970944,30.961332886444467,5.223065385660867,False
United_States_of_America.regions.Nebraska:Nuckolls,1.75,0.0,20.9962993221127,0.0,False
United_States_of_America.regions.Nebraska:Otoe,114.77360774818402,0.6210653753026635,122.21462141949861,0.7027534345327504,False
United_States_of_America.regions.Nebraska:Phelps,110.10774818401937,0.6210653753026635,70.11080990023179,0.7027534345327504,False
United_States_of_America.regions.Nebraska:Pierce,115.30387409200969,0.6210653753026635,121.12037020454127,0.7027534345327504,False
United_States_of_America.regions.Nebraska:Platte,54.142857142857146,0.6210653753026635,71.65556527659618,0.7027534345327504,False
United_States_of_America.regions.Nebraska:Red Willow,68.75641025641025,0.2996422182468694,63.37314765339024,0.33905383616238505,False
United_States_of_America.regions.Nebraska:Richardson,2.8545454545454545,0.0,8.353028506587268,0.0,False
United_States_of_America.regions.Nebraska:Saline,205.85427007763772,0.09927453226422298,2043.473783573144,2.252610491072058,False
United_States_of_America.regions.Nebraska:Saunders,109.39709443099275,0.6210653753026635,107.28802131467977,0.7027534345327504,False
United_States_of_America.regions.Nebraska:Scotts Bluff,96.32687651331719,0.6210653753026635,89.22422703606475,0.7027534345327504,False
United_States_of_America.regions.Nebraska:Seward,106.25907990314771,0.589588377723971,82.09836941539169,4.088308629053329,False
United_States_of_America.regions.Nebraska:Sherman,25.60470085470085,0.0,41.79263112674525,0.0,False
United_States_of_America.regions.Nebraska:Thomas,3.576447625243981,0.0,133.3257722772246,0.0,False
United_States_of_America.regions.Nebraska:Valley,10.960362400906003,0.0,37.3153346681926,0.0,False
United_States_of_America.regions.Nebraska:Webster,112.07869249394675,0.6210653753026635,96.12787819268294,0.7027534345327504,False
United_States_of_America.regions.Nebraska:York,106.95036319612592,0.6210653753026635,84.05817131987848,0.7027534345327504,False
United_States_of_America.regions.Nevada:Douglas,103.50242130750605,0.6210653753026635,108.68921081125895,0.7027534345327504,False
United_States_of_America.regions.New Hampshire:Belknap,98.76392251815983,0.6210653753026635,106.04281201401058,0.7027534345327504,False
United_States_of_America.regions.New Hampshire:Carroll,96.3995157384988,0.6210653753026635,98.28095076949674,0.7027534345327504,False
United_States_of_America.regions.New Hampshire:Cheshire,94.70823244552058,1.0944309927360776,103.78392084430719,1.4470625556763708,False
United_States_of_America.regions.New Hampshire:Strafford,62.174334140435846,1.4394673123486685,83.44022882337359,0.9596722575574019,False
United_States_of_America.regions.New Hampshire:Sullivan,108.18644067796612,0.6876513317191283,114.98954570516835,1.6497839329115924,False
United_States_of_America.regions.New Jersey:Hunterdon,170.34261501210653,9.394673123486683,106.40407885029,7.35036063449407,False
United_States_of_America.regions.New Jersey:Sussex,405.8498789346247,45.323244552058114,240.05469640083956,32.00061619658221,False
United_States_of_America.regions.New Jersey:Warren,290.08353510895887,26.612590799031477,254.44901372909197,25.168275638523518,False
United_States_of_America.regions.New York:Cayuga,90.3268765133172,0.6271186440677966,99.04107010469923,0.8271819847374536,False
United_States_of_America.regions.New York:Chemung,72.23970944309927,1.4842615012106537,79.92295685161449,1.819925433988767,False
United_States_of_America.regions.New York:Chenango,77.12832929782083,0.6210653753026635,76.15096335508132,0.7027534345327504,False
United_States_of_America.regions.New York:Columbia,67.97820823244552,9.579903147699758,72.72085404060077,16.452976410243526,False
United_States_of_America.regions.New York:Cortland,98.68159806295401,0.6210653753026635,101.45708905332309,0.7027534345327504,False
United_States_of_America.regions.New York:Fulton,90.96246973365618,0.3910411622276029,88.29266327359225,0.4712095559952086,False
United_States_of_America.regions.New York:Genesee,55.765133171912844,0.8087167070217918,55.36910104556365,1.4594302060856974,False
United_States_of_America.regions.New York:Greene,73.30266343825666,0.6210653753026635,49.699908736013064,0.7027534345327504,False
United_States_of_America.regions.New York:Livingston,91.47941888619854,0.7445520581113801,95.69664896294123,1.2050661375358909,False
United_States_of_America.regions.New York:Madison,84.27966101694916,1.4261501210653755,95.71294632068476,2.183046732321451,False
United_States_of_America.regions.New York:Montgomery,93.57627118644068,0.5,89.84296917396568,1.0583263906016782,False
United_States_of_America.regions.New York:Ontario,79.68280871670702,0.5217917675544794,95.62563518662354,0.46490442766827283,False
United_States_of_America.regions.New York:Schoharie,100.22881355932203,0.6210653753026635,89.7876631719651,0.7027534345327504,False
United_States_of_America.regions.New York:Sullivan,257.5581113801453,5.501210653753026,364.0306299298272,7.413531469825732,False
United_States_of_America.regions.New York:Tioga,98.07748184019371,0.33898305084745767,95.14698618801636,0.43313885457458967,False
United_States_of_America.regions.New York:Tompkins,76.3680387409201,0.5024213075060533,87.77250332858902,0.4844846583668849,False
United_States_of_America.regions.New York:Warren,58.8087167070218,2.812348668280872,54.053795087868686,4.666654240281987,False
United_States_of_America.regions.New York:Washington,73.50121065375303,0.715496368038741,66.338186346312,0.8570423580280735,False
United_States_of_America.regions.New York:Wayne,87.27118644067798,0.6210653753026635,99.09595832165833,0.7027534345327504,False
United_States_of_America.regions.New York:Wyoming,91.99152542372882,1.1634382566585957,84.97447752805506,3.7742872136552594,False
United_States_of_America.regions.North Carolina:Anson,97.38014527845036,0.6210653753026635,77.76893708277163,0.7027534345327504,False
United_States_of_America.regions.North Carolina:Beaufort,102.9140435835351,0.6210653753026635,107.19005291262177,0.7027534345327504,False
United_States_of_America.regions.North Carolina:Bertie,92.06900726392251,0.7917675544794188,57.70196129606118,5.744439455127217,False
United_States_of_America.regions.North Carolina:Bladen,91.84382566585957,0.3075060532687652,58.099536407341546,0.5832745337160924,False
United_States_of_America.regions.North Carolina:Burke,73.7493946731235,5.124697336561744,84.20434316798259,5.647208119166102,False
United_States_of_America.regions.North Carolina:Caldwell,96.51694915254237,0.6210653753026635,107.8207311660377,0.7027534345327504,False
United_States_of_America.regions.North Carolina:Carteret,100.63922518159806,0.8171912832929783,110.72801178354685,1.3674848718533876,False
United_States_of_America.regions.North Carolina:Chatham,93.77845036319613,0.6210653753026635,101.56151715401143,0.7027534345327504,False
United_States_of_America.regions.North Carolina:Cleveland,92.09685230024213,0.784503631961259,105.98336550642873,0.7957265237759665,False
United_States_of_America.regions.North Carolina:Columbus,48.743341404358354,5.388619854721551,58.32920821445705,10.123947635626891,False
United_States_of_America.regions.North Carolina:Craven,95.71307506053269,0.414043583535109,111.25831433710555,0.37159277394327356,False
United_States_of_America.regions.North Carolina:Duplin,72.88135593220339,0.572639225181598,60.33996125266907,0.6203133158404138,False
United_States_of_America.regions.North Carolina:Edgecombe,68.14891041162228,1.6828087167070218,59.71179219215438,3.7732220317589915,False
United_States_of_America.regions.North Carolina:Franklin,71.61016949152543,5.716707021791769,72.9617785125721,8.392134126770875,False
United_States_of_America.regions.North Carolina:Granville,72.55326876513317,2.5484261501210654,83.0764638574606,4.541015943929153,False
United_States_of_America.regions.North Carolina:Halifax,82.56416464891042,0.5242130750605327,75.08932806025915,1.089202917432396,False
United_States_of_America.regions.North Carolina:Harnett,84.68886198547216,1.4539951573849879,106.27928268957234,0.8232956716975046,False
United_States_of_America.regions.North Carolina:Haywood,106.47094430992736,0.6210653753026635,116.1925384280404,0.7027534345327504,False
United_States_of_America.regions.North Carolina:Henderson,61.186440677966104,8.33050847457627,75.71015315563528,6.920992573182432,False
United_States_of_America.regions.North Carolina:Hoke,96.48789346246974,0.6210653753026635,97.74552094912065,0.7027534345327504,False
United_States_of_America.regions.North Carolina:Hyde,8.160371106693175,0.0,12.05455378472493,0.0,False
United_States_of_America.regions.North Carolina:Jackson,100.11864406779661,0.44794188861985473,101.35476787525829,1.0735199623404055,False
United_States_of_America.regions.North Carolina:Lenoir,84.44552058111381,0.771186440677966,77.45518366189675,1.7856767715131658,False
United_States_of_America.regions.North Carolina:Macon,113.90314769975787,0.7360774818401937,124.84216214509601,2.131004492189562,False
United_States_of_America.regions.North Carolina:McDowell,101.39709443099274,0.2288135593220339,105.3933986558891,0.47072532169899883,False
United_States_of_America.regions.North Carolina:Moore,79.02058111380147,0.42978208232445525,92.85134411497702,0.46355808495719925,False
United_States_of_America.regions.North Carolina:Nash,74.98305084745762,0.5593220338983051,87.01328266149902,0.6243720564243749,False
United_States_of_America.regions.North Carolina:Northampton,84.26876513317193,1.4382566585956418,224.40297849376208,9.867087113115481,False
United_States_of_America.regions.North Carolina:Pender,97.57142857142857,0.19128329297820826,103.43646996993643,0.32478360785695276,False
United_States_of_America.regions.North Carolina:Richmond,70.18765133171914,1.476997578692494,59.34263394989691,3.550697815811779,False
United_States_of_America.regions.North Carolina:Rockingham,97.39467312348668,1.4987893462469737,110.69770388435344,1.645294048254962,False
United_States_of_America.regions.North Carolina:Rowan,82.99394673123486,8.663438256658596,50.7169735573126,5.831579958829997,False
United_States_of_America.regions.North Carolina:Rutherford,64.33535108958839,3.87046004842615,73.92709164502972,5.998115478518039,False
United_States_of_America.regions.North Carolina:Sampson,102.92493946731236,0.6210653753026635,110.5160392587879,0.7027534345327504,False
United_States_of_America.regions.North Carolina:Stanly,99.65375302663439,1.3631961259079906,106.28966417029228,2.4565967887112934,False
United_States_of_America.regions.North Carolina:Stokes,108.06295399515739,0.6210653753026635,117.48503315946732,0.7027534345327504,False
United_States_of_America.regions.North Carolina:Surry,105.61622276029058,0.4346246973365618,117.4565759345844,0.4905237877032226,False
United_States_of_America.regions.North Carolina:Swain,3.7799867461895293,0.0,30.71685112728999,0.0,False
United_States_of_America.regions.North Carolina:Wayne,57.96610169491526,0.791767554479419,46.92144171846749,0.507177290488776,False
United_States_of_America.regions.North Carolina:Wilkes,57.07384987893463,0.75181598062954,45.664674665081954,1.114544067295082,False
United_States_of_America.regions.North Carolina:Wilson,60.79176755447942,1.7711864406779663,64.55641353976783,2.221724036379133,False
United_States_of_America.regions.North Dakota:Burke,113.13196125907992,0.6210653753026635,75.72964849591084,0.7027534345327504,False
United_States_of_America.regions.North Dakota:Eddy,115.2675544794189,0.6210653753026635,109.4265297486467,0.7027534345327504,False
United_States_of_America.regions.North Dakota:Foster,115.363196125908,0.6210653753026635,116.10478521579574,0.7027534345327504,False
United_States_of_America.regions.North Dakota:Griggs,1.0,0.0,42.559891506308745,0.0,False
United_States_of_America.regions.North Dakota:McIntosh,115.363196125908,0.6210653753026635,114.33862639032779,0.7027534345327504,False
United_States_of_America.regions.North Dakota:Mercer,0.7962747380675204,0.0,44.56952799035129,0.0,False
United_States_of_America.regions.North Dakota:Nelson,55.32910547396529,0.21695594125500672,48.70346078474667,0.24549192230357417,False
United_States_of_America.regions.North Dakota:Oliver,115.363196125908,0.6210653753026635,112.1549257670981,0.7027534345327504,False
United_States_of_America.regions.North Dakota:Pembina,14.604992657856096,0.0,56.514732500147225,0.0,False
United_States_of_America.regions.North Dakota:Pierce,114.3728813559322,0.6210653753026635,112.05660613496467,0.7027534345327504,False
United_States_of_America.regions.North Dakota:Ransom,11.601997896950579,0.0,56.38684961700935,0.0,False
United_States_of_America.regions.North Dakota:Renville,5.422169811320755,0.0,35.70691510781657,0.0,False
United_States_of_America.regions.North Dakota:Rolette,114.02179176755449,0.6210653753026635,115.97207887994261,0.7027534345327504,False
United_States_of_America.regions.North Dakota:Sargent,114.26029055690073,0.6210653753026635,89.34911319035663,0.7027534345327504,False
United_States_of_America.regions.North Dakota:Sioux,115.33292978208233,0.6210653753026635,118.71739465850926,0.7027534345327504,False
United_States_of_America.regions.North Dakota:Steele,1.0,0.0,50.64699506629443,0.0,False
United_States_of_America.regions.North Dakota:Traill,6.88579795021962,0.0,88.4915466067883,0.0,False
United_States_of_America.regions.Ohio:Adams,111.82566585956418,0.6210653753026635,118.02292725483947,0.7027534345327504,False
United_States_of_America.regions.Ohio:Allen,68.48184019370461,13.847457627118644,80.06927698612336,13.43342794368662,False
United_States_of_America.regions.Ohio:Ashland,112.09685230024212,0.6210653753026635,123.691461815271,0.7027534345327504,False
United_States_of_America.regions.Ohio:Ashtabula,65.71912832929782,3.5581113801452786,78.92479819736859,3.5949982910232823,False
United_States_of_America.regions.Ohio:Athens,113.20217917675545,0.7421307506053268,126.86629473082343,1.1548744625185363,False
United_States_of_America.regions.Ohio:Belmont,76.74939467312349,1.3099273607748185,74.67115062342178,2.179067202540768,False
United_States_of_America.regions.Ohio:Brown,106.59322033898304,0.7566585956416465,112.73892205704418,1.797454047972481,False
United_States_of_America.regions.Ohio:Clark,97.909200968523,0.3861985472154964,117.41041189699901,0.5275881801103649,False
United_States_of_America.regions.Ohio:Columbiana,48.96973365617434,10.123486682808718,55.979251186149085,9.843217981808916,False
United_States_of_America.regions.Ohio:Coshocton,104.1489104116223,0.6210653753026635,104.4841847251041,0.7027534345327504,False
United_States_of_America.regions.Ohio:Darke,82.86440677966102,6.768765133171914,77.92677542921743,13.755076292688457,False
United_States_of_America.regions.Ohio:Geauga,63.74818401937047,2.6513317191283297,74.665572205159,2.7915680151687874,False
United_States_of_America.regions.Ohio:Guernsey,103.02179176755449,0.6210653753026635,104.59128522728014,0.7027534345327504,False
United_States_of_America.regions.Ohio:Hancock,94.90799031476999,0.5242130750605327,104.10197450285605,0.7006069612233877,False
United_States_of_America.regions.Ohio:Highland,109.09685230024216,0.576271186440678,117.03309399432034,0.705165539909162,False
United_States_of_America.regions.Ohio:Huron,101.85472154963682,0.7033898305084746,107.82946399699398,1.234813285086572,False
United_States_of_America.regions.Ohio:Jefferson,92.8401937046005,0.29661016949152547,98.95293989054451,0.47290520861795143,False
United_States_of_America.regions.Ohio:Knox,105.42615012106538,0.6876513317191283,115.51594842151017,1.1257194305691571,False
United_States_of_America.regions.Ohio:Lawrence,100.52058111380146,0.6210653753026635,107.8349137923617,0.7027534345327504,False
United_States_of_America.regions.Ohio:Logan,104.59079903147702,0.6210653753026635,108.05031662955362,0.7027534345327504,False
United_States_of_America.regions.Ohio:Madison,88.24334140435836,2.0181598062953996,78.91784130135547,5.197461587707,False
United_States_of_America.regions.Ohio:Marion,879.2663438256659,0.7711864406779662,1397.83144175717,1.4361122130493698,False
United_States_of_America.regions.Ohio:Mercer,102.73849878934627,0.6876513317191283,104.16086409296695,1.7314446687218004,False
United_States_of_America.regions.Ohio:Miami,77.59685230024213,15.812348668280872,89.02302443507642,14.657443639488893,False
United_States_of_America.regions.Ohio:Muskingum,106.83292978208233,0.6210653753026635,120.65346440288724,0.7027534345327504,False
United_States_of_America.regions.Ohio:Pickaway,883.8159806295399,6.5556900726392255,1579.2860874309397,11.57422870266534,False
United_States_of_America.regions.Ohio:Richland,77.01210653753027,0.47457627118644075,97.09349853728425,0.5818419465783925,False
United_States_of_America.regions.Ohio:Ross,92.8861985472155,0.4648910411622276,102.4603309067352,0.6145451576934394,False
United_States_of_America.regions.Ohio:Sandusky,101.40920096852302,1.4866828087167072,107.89107955635603,2.899126643425092,False
United_States_of_America.regions.Ohio:Scioto,106.59685230024213,0.6210653753026635,118.99067476931826,0.7027534345327504,False
United_States_of_America.regions.Ohio:Seneca,106.02663438256658,0.728813559322034,115.17765307200028,1.3529845646976664,False
United_States_of_America.regions.Ohio:Shelby,99.07869249394673,0.22760290556900728,104.67050686297655,0.512160638921948,False
United_States_of_America.regions.Ohio:Tuscarawas,95.64648910411623,0.6210653753026635,109.03792242555286,0.7027534345327504,False
United_States_of_America.regions.Ohio:Union,104.98789346246974,0.6210653753026635,113.66229330808248,0.7027534345327504,False
United_States_of_America.regions.Ohio:Washington,70.79418886198548,4.978208232445521,67.07850980932587,8.643232457454003,False
United_States_of_America.regions.Ohio:Wayne,62.403147699757874,14.802663438256657,80.39344934280167,12.626888613310413,False
United_States_of_America.regions.Ohio:Wood,57.30266343825666,8.707021791767556,81.01301185876427,6.427884912983412,False
United_States_of_America.regions.Oklahoma:Adair,83.62832929782083,1.8401937046004844,90.26460190128286,10.386996407330582,False
United_States_of_America.regions.Oklahoma:Alfalfa,115.363196125908,0.6210653753026635,120.62738056790786,0.7027534345327504,False
United_States_of_America.regions.Oklahoma:Atoka,115.363196125908,0.6210653753026635,125.31211154725388,0.7027534345327504,False
United_States_of_America.regions.Oklahoma:Beckham,112.66707021791767,0.6210653753026635,115.20643191731996,0.7027534345327504,False
United_States_of_America.regions.Oklahoma:Blaine,2.613410162388685,0.0,22.993508450570925,0.0,False
United_States_of_America.regions.Oklahoma:Bryan,110.82445520581113,0.29661016949152547,120.30899340362711,0.6629523935574863,False
United_States_of_America.regions.Oklahoma:Carter,114.66222760290559,0.3075060532687652,128.13281329939346,0.4637471256808984,False
United_States_of_America.regions.Oklahoma:Cherokee,99.66464891041161,0.6743341404358354,104.4457124921717,1.4295050950535437,False
United_States_of_America.regions.Oklahoma:Choctaw,113.62832929782084,0.6210653753026635,117.7354489758318,0.7027534345327504,False
United_States_of_America.regions.Oklahoma:Cotton,111.6089588377724,0.3426150121065376,106.17468160984848,11.262761950128658,False
United_States_of_America.regions.Oklahoma:Craig,108.37772397094432,0.6210653753026635,97.80147616879073,0.7027534345327504,False
United_States_of_America.regions.Oklahoma:Creek,85.67070217917677,3.6343825665859573,94.00389811006407,5.247091287215271,False
United_States_of_America.regions.Oklahoma:Custer,109.25665859564164,0.6210653753026635,111.58861432857151,0.7027534345327504,False
United_States_of_America.regions.Oklahoma:Delaware,76.88498789346247,5.846246973365617,87.82591585069845,14.334360538515405,False
United_States_of_America.regions.Oklahoma:Dewey,114.41404358353512,0.6210653753026635,113.13156380857632,0.7027534345327504,False
United_States_of_America.regions.Oklahoma:Garvin,107.18765133171914,0.6210653753026635,109.29270940871861,0.7027534345327504,False
United_States_of_America.regions.Oklahoma:Grant,114.41404358353512,0.6210653753026635,111.95214099568699,0.7027534345327504,False
United_States_of_America.regions.Oklahoma:Greer,91.8728813559322,4.853510895883777,904.5724456346666,95.14066868007582,False
United_States_of_America.regions.Oklahoma:Harper,63.99133175728922,0.2600472813238771,62.74450104077033,0.29425101987403496,False
United_States_of_America.regions.Oklahoma:Haskell,68.12850327966608,0.2996422182468694,67.28739374879297,0.33905383616238505,False
United_States_of_America.regions.Oklahoma:Jackson,111.50242130750607,0.6210653753026635,112.48818505341261,0.7027534345327504,False
United_States_of_America.regions.Oklahoma:Jefferson,114.16222760290557,0.6210653753026635,107.24261087923732,0.7027534345327504,False
United_States_of_America.regions.Oklahoma:Johnston,98.13923889525262,0.5001909125620465,100.55742299832802,0.5659804840251274,False
United_States_of_America.regions.Oklahoma:Kay,89.65980629539952,2.1876513317191284,86.24461824358166,5.748431064116228,False
United_States_of_America.regions.Oklahoma:Kingfisher,109.55084745762714,0.6210653753026635,106.64716617843979,0.7027534345327504,False
United_States_of_America.regions.Oklahoma:Kiowa,112.12832929782083,0.6210653753026635,97.93239279339052,0.7027534345327504,False
United_States_of_America.regions.Oklahoma:Latimer,112.06053268765133,0.7106537530266345,108.87707560499639,8.71998599138685,False
United_States_of_America.regions.Oklahoma:Lincoln,107.44309927360774,0.4794188861985473,113.07590883886068,0.4563222232549759,False
United_States_of_America.regions.Oklahoma:Logan,108.40072639225181,0.6210653753026635,116.50394687025045,0.7027534345327504,False
United_States_of_America.regions.Oklahoma:Major,113.21912832929783,0.6743341404358354,100.18367506287301,11.262549092431234,False
United_States_of_America.regions.Oklahoma:Mayes,101.55084745762711,2.0484261501210654,103.44686437108386,5.792359766011603,False
United_States_of_America.regions.Oklahoma:McClain,99.38740920096852,0.6210653753026635,96.6886087011523,0.7027534345327504,False
United_States_of_America.regions.Oklahoma:McIntosh,66.93887895050685,0.09391771019677997,56.72933263778822,0.9233164623907762,False
United_States_of_America.regions.Oklahoma:Muskogee,99.76876513317191,2.278450363196126,109.9626398571134,3.5614284242239442,False
United_States_of_America.regions.Oklahoma:Noble,110.84261501210655,0.6210653753026635,109.01339111127679,0.7027534345327504,False
United_States_of_America.regions.Oklahoma:Nowata,102.4769975786925,0.6210653753026635,87.23955436309753,0.7027534345327504,False
United_States_of_America.regions.Oklahoma:Okfuskee,115.04963680387411,0.6210653753026635,122.08633551574573,0.7027534345327504,False
United_States_of_America.regions.Oklahoma:Okmulgee,105.03995157384988,0.6210653753026635,109.94903666778598,0.7027534345327504,False
United_States_of_America.regions.Oklahoma:Pawnee,98.3498789346247,1.1743341404358354,93.65192957707423,9.092777969719148,False
United_States_of_America.regions.Oklahoma:Payne,94.07506053268766,0.6210653753026635,104.76074586046965,0.7027534345327504,False
United_States_of_America.regions.Oklahoma:Pontotoc,108.0641646489104,0.39951573849878935,115.15838041793374,1.2906558345953716,False
United_States_of_America.regions.Oklahoma:Pottawatomie,91.37288135593221,2.5205811138014527,99.27699915675716,3.6250602213854175,False
United_States_of_America.regions.Oklahoma:Rogers,84.50242130750605,1.9576271186440677,96.79675766208368,2.086258445269899,False
United_States_of_America.regions.Oklahoma:Seminole,107.08837772397094,0.8426150121065376,102.49179042987294,4.542514495350145,False
United_States_of_America.regions.Oklahoma:Sequoyah,107.40556900726394,1.7009685230024214,114.57344856564451,4.8832214465206425,False
United_States_of_America.regions.Oklahoma:Stephens,102.31234866828088,0.7106537530266345,104.93687588909971,1.7032190616612952,False
United_States_of_America.regions.Oklahoma:Tillman,107.58837772397094,0.5254237288135594,36.6781835910579,1.3726208236889632,False
United_States_of_America.regions.Oklahoma:Wagoner,78.5544794188862,8.569007263922519,88.23290132378786,10.602678590987532,False
United_States_of_America.regions.Oklahoma:Washington,38.671912832929785,5.378934624697337,103.9901113731887,10.941627181454985,False
United_States_of_America.regions.Oklahoma:Washita,2.6,0.0,5.087360666870488,0.0,False
United_States_of_America.regions.Oregon:Benton,98.82808716707022,1.986682808716707,112.62181517588829,2.099679785266042,False
United_States_of_America.regions.Oregon:Clatsop,110.76755447941889,0.6210653753026635,120.29854710116234,0.7027534345327504,False
United_States_of_America.regions.Oregon:Columbia,105.92857142857144,0.6210653753026635,114.52321648718859,0.7027534345327504,False
United_States_of_America.regions.Oregon:Hood River,112.18159806295401,0.6210653753026635,116.99782830016014,0.7027534345327504,False
United_States_of_America.regions.Oregon:Polk,96.18886198547217,0.4200968523002422,108.31272498585344,0.4894242145326124,False
United_States_of_America.regions.Oregon:Sherman,115.363196125908,0.6210653753026635,111.59441327221188,0.7027534345327504,False
United_States_of_America.regions.Oregon:Tillamook,111.1089588377724,0.6210653753026635,116.2317537230784,0.7027534345327504,False
United_States_of_America.regions.Oregon:Yamhill,95.1682808716707,3.7312348668280872,110.9760170109544,3.3610189670832633,False
United_States_of_America.regions.Pennsylvania:Adams,66.94915254237289,0.5290556900726393,81.8272039546958,0.5566081200192601,False
United_States_of_America.regions.Pennsylvania:Armstrong,89.40314769975787,0.9854721549636806,93.96713203530605,1.5418282608018377,False
United_States_of_America.regions.Pennsylvania:Blair,101.52784503631963,0.6210653753026635,118.78780392979468,0.7027534345327504,False
United_States_of_America.regions.Pennsylvania:Cambria,100.9273607748184,0.8837772397094431,119.03880366042051,0.6616664227620277,False
United_States_of_America.regions.Pennsylvania:Carbon,71.05205811138015,7.749394673123486,93.77925987254801,12.339002896566546,False
United_States_of_America.regions.Pennsylvania:Clarion,101.23607748184021,0.47457627118644075,101.27889280952303,1.3040636794403608,False
United_States_of_America.regions.Pennsylvania:Clinton,92.42493946731236,0.6210653753026635,83.10743308246458,0.7027534345327504,False
United_States_of_America.regions.Pennsylvania:Columbia,68.33535108958839,4.713075060532688,129.42716858647321,7.508164051821772,False
United_States_of_America.regions.Pennsylvania:Elk,112.38498789346248,0.19128329297820826,119.03068334492983,0.743962429172792,False
United_States_of_America.regions.Pennsylvania:Greene,100.37167070217919,0.572639225181598,102.30434507924525,0.5691013766819918,False
United_States_of_America.regions.Pennsylvania:Huntingdon,91.4309927360775,0.6210653753026635,80.63822405524519,0.7027534345327504,False
United_States_of_America.regions.Pennsylvania:Indiana,84.23365617433416,2.175544794188862,94.27647345854805,2.6236535801943623,False
United_States_of_America.regions.Pennsylvania:Jefferson,111.0133171912833,0.6210653753026635,119.8220066584302,0.7027534345327504,False
United_States_of_America.regions.Pennsylvania:Lawrence,88.00000000000001,4.210653753026634,99.0383813812846,4.947587018654286,False
United_States_of_America.regions.Pennsylvania:McKean,111.87893462469735,0.6210653753026635,120.89675143589314,0.7027534345327504,False
United_States_of_America.regions.Pennsylvania:Mercer,82.34019370460048,0.3292978208232446,98.02134585487674,0.43611398205484897,False
United_States_of_America.regions.Pennsylvania:Northumberland,73.90677966101697,0.6210653753026635,84.00645459692804,0.7027534345327504,False
United_States_of_America.regions.Pennsylvania:Perry,97.11501210653753,0.728813559322034,96.68344470592213,1.6236772041932008,False
United_States_of_America.regions.Pennsylvania:Pike,54.24092009685231,3.5520581113801453,149.0781240760897,6.774756441442109,False
United_States_of_America.regions.Pennsylvania:Potter,112.88014527845037,0.6210653753026635,115.01344184430616,0.7027534345327504,False
United_States_of_America.regions.Pennsylvania:Susquehanna,75.02784503631962,3.3740920096852296,74.61679088454895,9.203905425286468,False
United_States_of_America.regions.Pennsylvania:Venango,110.24213075060534,0.6210653753026635,121.21555055994664,0.7027534345327504,False
United_States_of_America.regions.Pennsylvania:Warren,115.29418886198548,0.29661016949152547,128.95950019616737,0.8238820134459947,False
United_States_of_America.regions.Pennsylvania:Wayne,89.21912832929783,0.4346246973365618,78.9029256533664,0.48784139017446915,False
United_States_of_America.regions.South Carolina:Barnwell,101.0399515738499,0.6210653753026635,69.90062339736318,0.7027534345327504,False
United_States_of_America.regions.South Carolina:Cherokee,103.226392251816,0.6210653753026635,111.12992279716862,0.7027534345327504,False
United_States_of_America.regions.South Carolina:Chester,98.75786924939467,0.6210653753026635,93.13140733883417,0.7027534345327504,False
United_States_of_America.regions.South Carolina:Chesterfield,88.97941888619854,0.4794188861985473,83.67044338170844,0.4899083997627786,False
United_States_of_America.regions.South Carolina:Clarendon,55.39588377723971,5.375302663438257,178.4951065318392,17.066895517136892,False
United_States_of_America.regions.South Carolina:Darlington,69.34503631961259,0.4309927360774819,65.8705258284445,0.4514399262307255,False
United_States_of_America.regions.South Carolina:Fairfield,99.00363196125909,0.42978208232445525,79.38880246904763,0.9093942546671245,False
United_States_of_America.regions.South Carolina:Georgetown,94.95762711864407,1.0774818401937047,101.42928683307318,2.0071176814474154,False
United_States_of_America.regions.South Carolina:Greenwood,90.4903147699758,0.6210653753026635,96.13145399824501,0.7027534345327504,False
United_States_of_America.regions.South Carolina:Hampton,99.58232445520582,0.572639225181598,89.59288169222877,0.625910759011444,False
United_States_of_America.regions.South Carolina:Jasper,104.17070217917676,0.22760290556900728,101.23153319357525,0.8604119684297146,False
United_States_of_America.regions.South Carolina:Kershaw,55.05326876513317,1.4951573849878936,67.8332297759587,2.4770977477042666,False
United_States_of_America.regions.South Carolina:Lancaster,76.33535108958837,0.38740920096852305,90.01235260289089,0.4344589951028809,False
United_States_of_America.regions.South Carolina:Laurens,93.40920096852301,0.7130750605326875,99.43054325323111,1.0730475003353153,False
United_States_of_America.regions.South Carolina:Newberry,100.78813559322035,0.5472154963680387,97.04549175747057,1.4929608578847295,False
United_States_of_America.regions.South Carolina:Oconee,101.6053268765133,0.6210653753026635,113.5925735791779,0.7027534345327504,False
United_States_of_America.regions.South Carolina:Pickens,90.1864406779661,0.6210653753026635,109.13163128726096,0.7027534345327504,False
United_States_of_America.regions.South Carolina:Sumter,71.24213075060534,4.013317191283293,76.8109474048838,3.6397682496586983,False
United_States_of_America.regions.South Carolina:Williamsburg,81.69854721549638,0.42978208232445525,36.01950432168934,0.8821808415205176,False
United_States_of_America.regions.South Dakota:Aurora,115.363196125908,0.6210653753026635,115.07278244463879,0.7027534345327504,False
United_States_of_America.regions.South Dakota:Bon Homme,113.9406779661017,0.6210653753026635,101.15035185874457,0.7027534345327504,False
United_States_of_America.regions.South Dakota:Brookings,107.68401937046005,0.6210653753026635,111.0172210846959,0.7027534345327504,False
United_States_of_America.regions.South Dakota:Charles Mix,114.05811138014529,0.6210653753026635,109.32800318309924,0.7027534345327504,False
United_States_of_America.regions.South Dakota:Clark,115.363196125908,0.6210653753026635,117.29040506461213,0.7027534345327504,False
United_States_of_America.regions.South Dakota:Codington,106.05205811138018,0.6210653753026635,107.52914928045816,0.7027534345327504,False
United_States_of_America.regions.South Dakota:Day,5.138502319416833,0.0,175.45446859973032,0.0,False
United_States_of_America.regions.South Dakota:Deuel,115.363196125908,0.6210653753026635,118.59684911106578,0.7027534345327504,False
United_States_of_America.regions.South Dakota:Faulk,115.363196125908,0.6210653753026635,113.6538142082577,0.7027534345327504,False
United_States_of_America.regions.South Dakota:Grant,3.0058555627846455,0.0,98.28207134525641,0.0,False
United_States_of_America.regions.South Dakota:Hughes,110.98668280871671,0.6210653753026635,107.85490249116383,0.7027534345327504,False
United_States_of_America.regions.South Dakota:Hutchinson,113.89709443099274,0.6210653753026635,110.68680018875456,0.7027534345327504,False
United_States_of_America.regions.South Dakota:Hyde,115.363196125908,0.6210653753026635,110.14201353792855,0.7027534345327504,False
United_States_of_America.regions.South Dakota:Jerauld,110.88014527845039,0.6089588377723971,172.97282205847003,41.39648288532041,False
United_States_of_America.regions.South Dakota:Lake,112.65738498789347,0.6210653753026635,110.87129389230338,0.7027534345327504,False
United_States_of_America.regions.South Dakota:Lawrence,109.11743341404359,0.6210653753026635,114.77148656094698,0.7027534345327504,False
United_States_of_America.regions.South Dakota:Lincoln,59.081113801452794,0.6210653753026635,62.61849868743176,0.7027534345327504,False
United_States_of_America.regions.South Dakota:Marshall,115.363196125908,0.6210653753026635,119.61101097612242,0.7027534345327504,False
United_States_of_America.regions.South Dakota:McCook,114.12348668280873,0.29661016949152547,108.24595303948865,8.876712352036753,False
United_States_of_America.regions.South Dakota:Miner,115.363196125908,0.6210653753026635,113.33034483595569,0.7027534345327504,False
United_States_of_America.regions.South Dakota:Roberts,110.59806295399515,0.6210653753026635,96.1294993925681,0.7027534345327504,False
United_States_of_America.regions.South Dakota:Sanborn,112.72639225181598,0.6210653753026635,83.55455896188437,0.7027534345327504,False
United_States_of_America.regions.South Dakota:Sully,115.363196125908,0.6210653753026635,110.49122302124914,0.7027534345327504,False
United_States_of_America.regions.South Dakota:Turner,104.66585956416468,0.6210653753026635,68.72754843791652,0.7027534345327504,False
United_States_of_America.regions.South Dakota:Walworth,111.52058111380147,0.6210653753026635,108.69599436964037,0.7027534345327504,False
United_States_of_America.regions.South Dakota:Yankton,100.1489104116223,0.6210653753026635,97.23911694478439,0.7027534345327504,False
United_States_of_America.regions.Tennessee:Bedford,39.0181598062954,1.0883777239709445,75.17195400812992,2.545918153457374,False
United_States_of_America.regions.Tennessee:Blount,91.81113801452784,1.7276029055690072,110.10467836943434,1.2801418660724881,False
United_States_of_America.regions.Tennessee:Bradley,93.04116222760291,0.36077481840193715,108.49035220876955,0.4619888827792341,False
United_States_of_America.regions.Tennessee:Campbell,107.8220338983051,0.2675544794188862,111.10116553726795,0.5263577648533626,False
United_States_of_America.regions.Tennessee:Carroll,104.81234866828088,0.19128329297820826,101.13075733004244,0.8450626144622985,False
United_States_of_America.regions.Tennessee:Carter,107.64769975786926,0.5472154963680387,116.21284781497252,1.000698172434442,False
United_States_of_America.regions.Tennessee:Coffee,91.85230024213075,0.6210653753026635,92.47552444631015,0.7027534345327504,False
United_States_of_America.regions.Tennessee:Cumberland,82.14164648910412,0.6210653753026635,82.25971959504373,0.7027534345327504,False
United_States_of_America.regions.Tennessee:Dickson,85.0726392251816,0.6210653753026635,81.23573808974147,0.7027534345327504,False
United_States_of_America.regions.Tennessee:Dyer,96.90920096852302,0.6210653753026635,87.92553264376717,0.7027534345327504,False
United_States_of_America.regions.Tennessee:Fayette,87.78692493946731,0.36077481840193715,82.41244102449282,0.938455064575479,False
United_States_of_America.regions.Tennessee:Fentress,112.51089588377724,0.6210653753026635,115.83352937168638,0.7027534345327504,False
United_States_of_America.regions.Tennessee:Franklin,97.29176755447942,0.6598062953995157,95.83685992041674,1.621663837276396,False
United_States_of_America.regions.Tennessee:Gibson,93.00605326876513,0.2288135593220339,90.55506820342673,0.4405370835352799,False
United_States_of_America.regions.Tennessee:Giles,110.14285714285714,0.6210653753026635,113.96899609418008,0.7027534345327504,False
United_States_of_America.regions.Tennessee:Greene,93.66464891041163,1.0677966101694916,101.4140122929933,1.5609195297612897,False
United_States_of_America.regions.Tennessee:Hardeman,105.71186440677965,0.6210653753026635,98.13373545954903,0.7027534345327504,False
United_States_of_America.regions.Tennessee:Hardin,112.68765133171914,0.6210653753026635,118.14593114985958,0.7027534345327504,False
United_States_of_America.regions.Tennessee:Hawkins,98.19491525423729,1.3159806295399519,104.83691269045859,2.371530212606345,False
United_States_of_America.regions.Tennessee:Haywood,101.39225181598064,0.6598062953995157,78.46678121124523,4.488561202231945,False
United_States_of_America.regions.Tennessee:Henry,106.6670702179177,0.6210653753026635,108.79960216219393,0.7027534345327504,False
United_States_of_America.regions.Tennessee:Hickman,86.66222760290556,0.6210653753026635,60.7330667517458,0.7027534345327504,False
United_States_of_America.regions.Tennessee:Humphreys,108.0677966101695,0.36077481840193715,99.095958347645,2.5222686715278675,False
United_States_of_America.regions.Tennessee:Lawrence,104.45641646489103,0.6210653753026635,110.52689704480623,0.7027534345327504,False
United_States_of_America.regions.Tennessee:Lincoln,107.01210653753029,0.6210653753026635,109.62602380534527,0.7027534345327504,False
United_States_of_America.regions.Tennessee:Madison,68.1682808716707,0.3292978208232446,79.04652676029669,0.40498282455620427,False
United_States_of_America.regions.Tennessee:Maury,95.46125907990316,0.5,109.21072240420563,0.5771500074080723,False
United_States_of_America.regions.Tennessee:McMinn,97.1404358353511,0.5254237288135594,96.00122811197375,0.5249610292661703,False
United_States_of_America.regions.Tennessee:McNairy,107.7360774818402,0.6210653753026635,109.06870376094135,0.7027534345327504,False
United_States_of_America.regions.Tennessee:Monroe,106.99031476997581,0.3292978208232446,114.00082341398763,0.755497529842741,False
United_States_of_America.regions.Tennessee:Morgan,111.03874092009686,0.6210653753026635,115.28828229912145,0.7027534345327504,False
United_States_of_America.regions.Tennessee:Obion,105.84745762711866,0.7421307506053268,103.97866203848486,2.571690689182133,False
United_States_of_America.regions.Tennessee:Putnam,81.57748184019373,1.5278450363196125,91.89627233790289,1.975183398444103,False
United_States_of_America.regions.Tennessee:Roane,110.08232445520581,0.6210653753026635,120.49511480520376,0.7027534345327504,False
United_States_of_America.regions.Tennessee:Robertson,67.590799031477,0.6210653753026635,72.24834310711769,0.7027534345327504,False
United_States_of_America.regions.Tennessee:Scott,107.71549636803874,0.6210653753026635,101.38285420354586,0.7027534345327504,False
United_States_of_America.regions.Tennessee:Sevier,97.9903147699758,0.2675544794188862,112.60857271291313,0.3429459069156743,False
United_States_of_America.regions.Tennessee:Tipton,74.87772397094432,0.6210653753026635,71.51221344660475,0.7027534345327504,False
United_States_of_America.regions.Tennessee:Wayne,113.4455205811138,0.6210653753026635,117.11262350098536,0.7027534345327504,False
United_States_of_America.regions.Tennessee:Weakley,102.46368038740921,0.6210653753026635,94.3416390046948,0.7027534345327504,False
United_States_of_America.regions.Texas:Angelina,89.03510895883778,0.6210653753026635,100.26542828327685,0.7027534345327504,False
United_States_of_America.regions.Texas:Archer,2.25,0.0,8.014335049256658,0.0,False
United_States_of_America.regions.Texas:Armstrong,99.19269441262567,0.5001909125620465,93.45265328214779,0.5659804840251274,False
United_States_of_America.regions.Texas:Austin,106.41525423728814,0.6210653753026635,108.33803009091346,0.7027534345327504,False
United_States_of_America.regions.Texas:Bailey,2.880093131548312,0.0,86.64072054978915,0.0,False
United_States_of_America.regions.Texas:Bandera,110.89346246973365,0.6210653753026635,115.44032069726535,0.7027534345327504,False
United_States_of_America.regions.Texas:Bastrop,83.17070217917676,0.9334140435835351,94.22213281794747,1.0518452446440851,False
United_States_of_America.regions.Texas:Bee,110.80992736077485,0.6210653753026635,119.30402774353709,0.7027534345327504,False
United_States_of_America.regions.Texas:Blanco,111.67554479418887,0.6210653753026635,105.18200017136931,0.7027534345327504,False
United_States_of_America.regions.Texas:Bosque,84.20203644158627,0.36977491961414793,82.83797299504769,0.4184110161289807,False
United_States_of_America.regions.Texas:Bowie,72.38861985472155,3.2239709443099276,84.12952373842013,3.4208310146201164,False
United_States_of_America.regions.Texas:Briscoe,4.992248062015504,0.0,57.90265105085812,0.0,False
United_States_of_America.regions.Texas:Brooks,32.558181454035655,0.06208692169036652,30.92523791308883,0.07025314756310143,False
United_States_of_America.regions.Texas:Brown,104.2445520581114,0.2469733656174334,102.78502079442467,1.340368655537024,False
United_States_of_America.regions.Texas:Burleson,106.6489104116223,0.6210653753026635,95.73217636721876,0.7027534345327504,False
United_States_of_America.regions.Texas:Caldwell,105.1404358353511,0.6210653753026635,108.45303894206228,0.7027534345327504,False
United_States_of_America.regions.Texas:Calhoun,97.97578692493947,0.8898305084745763,81.28295170540902,6.393986273204402,False
United_States_of_America.regions.Texas:Callahan,112.6404358353511,0.19128329297820826,105.9404933694797,2.3796684425701344,False
United_States_of_America.regions.Texas:Carson,61.62253743104807,0.2600472813238771,46.70075483927909,0.29425101987403496,False
United_States_of_America.regions.Texas:Cass,107.21065375302662,1.185230024213075,104.13179535072935,4.675958703406137,False
United_States_of_America.regions.Texas:Castro,107.04116222760291,0.6271186440677966,98.41613652909001,10.792830010540868,False
United_States_of_America.regions.Texas:Chambers,92.85714285714286,0.6210653753026635,91.07043008027792,0.7027534345327504,False
United_States_of_America.regions.Texas:Childress,54.88684913217624,0.21695594125500672,48.67700485724844,0.24549192230357417,False
United_States_of_America.regions.Texas:Clay,113.42857142857142,0.6210653753026635,116.32284529550586,0.7027534345327504,False
United_States_of_America.regions.Texas:Cochran,26.52136752136752,0.0,28.698245120130313,0.0,False
United_States_of_America.regions.Texas:Coke,3.619324796274738,0.0,24.29775347878744,0.0,False
United_States_of_America.regions.Texas:Collingsworth,1.0349243306169966,0.0,122.310695877219,0.0,False
United_States_of_America.regions.Texas:Colorado,107.09564164648911,0.6210653753026635,103.87649361932287,0.7027534345327504,False
United_States_of_America.regions.Texas:Comanche,113.42857142857142,0.22760290556900728,118.48318710208592,2.715667503606261,False
United_States_of_America.regions.Texas:Concho,115.363196125908,0.6210653753026635,115.0065932087442,0.7027534345327504,False
United_States_of_America.regions.Texas:Cooke,106.98305084745762,0.6210653753026635,111.153445263868,0.7027534345327504,False
United_States_of_America.regions.Texas:Cottle,9.479614949037373,0.7729331823329558,246.23471484338717,55.28849659034019,False
United_States_of_America.regions.Texas:Crane,114.4806295399516,0.6210653753026635,111.56402285049013,0.7027534345327504,False
United_States_of_America.regions.Texas:Crosby,114.55569007263922,0.7106537530266345,112.01311097577599,15.841652045210694,False
United_States_of_America.regions.Texas:Dawson,99.34382566585957,0.6743341404358354,63.782661933808804,6.469095479531379,False
United_States_of_America.regions.Texas:DeWitt,106.55326876513317,0.3075060532687652,95.34441205433664,1.1156191746961082,False
United_States_of_America.regions.Texas:Dickens,115.35230024213074,0.6210653753026635,113.80288659003567,0.7027534345327504,False
United_States_of_America.regions.Texas:Donley,101.97820823244552,0.6210653753026635,584.382775263876,0.7027534345327504,False
United_States_of_America.regions.Texas:Eastland,113.41404358353512,0.6210653753026635,120.99490387695384,0.7027534345327504,False
United_States_of_America.regions.Texas:Falls,114.59079903147702,0.6210653753026635,121.69641350079615,0.7027534345327504,False
United_States_of_America.regions.Texas:Fannin,108.8995157384988,0.6210653753026635,110.83012005056776,0.7027534345327504,False
United_States_of_America.regions.Texas:Fayette,106.41041162227603,0.19128329297820826,109.09573062778989,0.992906954974293,False
United_States_of_America.regions.Texas:Fisher,1.5277777777777777,0.0,41.28916865982516,0.0,False
United_States_of_America.regions.Texas:Floyd,113.02179176755449,0.6210653753026635,99.13358644499726,0.7027534345327504,False
United_States_of_America.regions.Texas:Freestone,83.13960342979635,0.36977491961414793,81.96849038303073,0.4184110161289807,False
United_States_of_America.regions.Texas:Garza,4.159221902017292,0.0,50.35665769023313,0.0,False
United_States_of_America.regions.Texas:Gillespie,113.58958837772398,0.6210653753026635,122.29259062667559,0.7027534345327504,False
United_States_of_America.regions.Texas:Glasscock,6.709654178674352,0.0,62.24862411403281,0.0,False
United_States_of_America.regions.Texas:Goliad,110.20460048426153,0.6210653753026635,98.76682536561368,0.7027534345327504,False
United_States_of_America.regions.Texas:Gonzales,98.76029055690073,0.7348668280871672,49.92990111401788,4.88657761317864,False
United_States_of_America.regions.Texas:Gray,79.55205811138015,0.6210653753026635,83.25002894352306,0.7027534345327504,False
United_States_of_America.regions.Texas:Grimes,105.1174334140436,0.44794188861985473,99.33039396575887,1.6741187190894855,False
United_States_of_America.regions.Texas:Hale,101.76997578692496,2.036319612590799,95.38038924139254,7.25206003578235,False
United_States_of_America.regions.Texas:Hall,1.0,0.0,31.475133789169988,0.0,False
United_States_of_America.regions.Texas:Hamilton,110.91646489104117,0.6210653753026635,100.95873928846102,0.7027534345327504,False
United_States_of_America.regions.Texas:Hansford,108.06537530266343,0.6065375302663439,53.068999088631685,18.49190506872339,False
United_States_of_America.regions.Texas:Hardin,75.60653753026635,1.6779661016949157,81.69083539028378,3.2884820729107043,False
United_States_of_America.regions.Texas:Harrison,60.29297820823245,2.2348668280871675,54.5196451127982,3.5884613918309456,False
United_States_of_America.regions.Texas:Haskell,1.5277777777777777,0.0,26.76124118809575,0.0,False
United_States_of_America.regions.Texas:Hemphill,115.363196125908,0.6210653753026635,117.47492479460884,0.7027534345327504,False
United_States_of_America.regions.Texas:Henderson,98.01089588377725,0.6210653753026635,109.7415327875409,0.7027534345327504,False
United_States_of_America.regions.Texas:Hill,103.9503631961259,0.5690072639225182,104.71280053991046,1.6279919659663837,False
United_States_of_America.regions.Texas:Hockley,103.43704600484261,0.6271186440677966,94.6771427261493,3.057367469919896,False
United_States_of_America.regions.Texas:Hood,104.19128329297823,1.8631961259079906,114.0241751721825,3.327325408499961,False
United_States_of_America.regions.Texas:Hopkins,112.31719128329298,0.6210653753026635,122.45417870766806,0.7027534345327504,False
United_States_of_America.regions.Texas:Howard,111.58232445520582,0.7566585956416465,119.57041968536608,2.1391176452956393,False
United_States_of_America.regions.Texas:Hunt,89.92493946731234,1.1113801452784504,104.28884782099871,1.1216920981834286,False
United_States_of_America.regions.Texas:Hutchinson,102.65133171912834,0.6210653753026635,85.14858137304229,0.7027534345327504,False
United_States_of_America.regions.Texas:Jack,112.45399515738498,0.6210653753026635,112.38532372756566,0.7027534345327504,False
United_States_of_America.regions.Texas:Jackson,110.38256658595643,0.6210653753026635,101.14094313083915,0.7027534345327504,False
United_States_of_America.regions.Texas:Jasper,103.73728813559323,0.7203389830508475,102.37903664762581,2.106934792907214,False
United_States_of_America.regions.Texas:Jim Wells,112.65496368038741,0.6210653753026635,122.63530805847692,0.7027534345327504,False
United_States_of_America.regions.Texas:Jones,62.18280871670703,0.6210653753026635,184.73651574073526,0.7027534345327504,False
United_States_of_America.regions.Texas:Karnes,113.61501210653755,0.6210653753026635,118.41732883169229,0.7027534345327504,False
United_States_of_America.regions.Texas:Kendall,104.9951573849879,0.6210653753026635,111.7586376441549,0.7027534345327504,False
United_States_of_America.regions.Texas:Kleberg,109.56053268765135,0.6089588377723971,111.04047399214193,2.0853433164017954,False
United_States_of_America.regions.Texas:Knox,115.363196125908,0.6210653753026635,117.12356843495678,0.7027534345327504,False
United_States_of_America.regions.Texas:Lamar,95.7360774818402,0.6210653753026635,92.50514747284508,0.7027534345327504,False
United_States_of_America.regions.Texas:Lamb,113.8958837772397,0.6210653753026635,114.77205340549499,0.7027534345327504,False
United_States_of_America.regions.Texas:Lampasas,111.95883777239709,0.6210653753026635,114.8275520873313,0.7027534345327504,False
United_States_of_America.regions.Texas:Lavaca,112.96973365617433,0.5254237288135594,115.43879022758367,0.5279798650734752,False
United_States_of_America.regions.Texas:Lee,113.85351089588377,0.6210653753026635,119.96404259982792,0.7027534345327504,False
United_States_of_America.regions.Texas:Leon,111.20944309927363,0.6210653753026635,110.23347108737644,0.7027534345327504,False
United_States_of_America.regions.Texas:Limestone,106.99394673123489,0.6876513317191283,105.45547644278773,3.248904717386759,False
United_States_of_America.regions.Texas:Lipscomb,8.451070336391437,0.0,49.80853439903713,0.0,False
United_States_of_America.regions.Texas:Live Oak,111.99757869249396,0.6210653753026635,109.33753930664022,0.7027534345327504,False
United_States_of_America.regions.Texas:Llano,113.40799031476999,0.6210653753026635,121.89542389458914,0.7027534345327504,False
United_States_of_America.regions.Texas:Lynn,111.64769975786926,0.391041162227603,105.10292057670064,9.875972016212502,False
United_States_of_America.regions.Texas:Martin,114.46489104116225,0.6210653753026635,113.64702525462322,0.7027534345327504,False
United_States_of_America.regions.Texas:Mason,100.57021791767554,0.6210653753026635,237.92783658658846,0.7027534345327504,False
United_States_of_America.regions.Texas:McCulloch,113.42372881355932,0.6210653753026635,114.6476532756163,0.7027534345327504,False
United_States_of_America.regions.Texas:Milam,105.96004842615012,0.19128329297820826,98.4554481335829,1.0286331115110605,False
United_States_of_America.regions.Texas:Mills,1.0,0.0,18.258181639106276,0.0,False
United_States_of_America.regions.Texas:Mitchell,115.363196125908,0.6210653753026635,122.92904896799728,0.7027534345327504,False
United_States_of_America.regions.Texas:Montague,111.41525423728817,0.36077481840193715,110.16020637989078,2.3211319613103427,False
United_States_of_America.regions.Texas:Moore,125.47578692493947,2.4007263922518165,1023.1068804371922,13.727961787790457,False
United_States_of_America.regions.Texas:Motley,115.363196125908,0.6210653753026635,109.68774696828791,0.7027534345327504,False
United_States_of_America.regions.Texas:Nacogdoches,55.66949152542372,4.450363196125909,56.604312143733154,7.075034080694186,False
United_States_of_America.regions.Texas:Newton,113.9769975786925,0.6210653753026635,117.75413143954185,0.7027534345327504,False
United_States_of_America.regions.Texas:Nolan,21.682960255824575,0.0,19.926798807621125,0.0,False
United_States_of_America.regions.Texas:Ochiltree,20.86477843764276,1.6991777067153953,312.3575798031523,17.27508851886331,False
United_States_of_America.regions.Texas:Palo Pinto,109.37893462469735,0.7808716707021792,113.9068688169233,3.444883528112885,False
United_States_of_America.regions.Texas:Panola,58.303874092009686,3.7118644067796613,259.68800495280885,17.978499398451316,False
United_States_of_America.regions.Texas:Parmer,38.933244325767696,0.21695594125500672,162.24159274776233,0.24549192230357417,False
United_States_of_America.regions.Texas:Red River,62.45318457844938,0.6411523796074001,66.62654717779549,5.109457472082923,False
United_States_of_America.regions.Texas:Refugio,2.7862755369303303,0.0,30.87875149957047,0.0,False
United_States_of_America.regions.Texas:Roberts,79.44781810478747,0.33611071882502475,147.05016257134824,0.38031899930413776,False
United_States_of_America.regions.Texas:Robertson,113.96246973365618,0.6210653753026635,120.4066982348609,0.7027534345327504,False
United_States_of_America.regions.Texas:Runnels,8.480122324159021,0.0,11.048989211976435,0.0,False
United_States_of_America.regions.Texas:Rusk,98.68523002421308,0.19128329297820826,101.22212288665898,0.38494284300765863,False
United_States_of_America.regions.Texas:San Augustine,103.046004842615,0.75181598062954,98.32367796893878,11.320006914815155,False
United_States_of_America.regions.Texas:San Jacinto,108.08716707021793,0.6210653753026635,111.01769344103938,0.7027534345327504,False
United_States_of_America.regions.Texas:San Patricio,107.64891041162227,0.6210653753026635,119.2676543651353,0.7027534345327504,False
United_States_of_America.regions.Texas:Scurry,114.3728813559322,0.6210653753026635,122.74304070719865,0.7027534345327504,False
United_States_of_America.regions.Texas:Shackelford,3.525622254758419,0.0,25.50699889218078,0.0,False
United_States_of_America.regions.Texas:Shelby,65.08716707021792,0.7832929782082325,165.5104343245488,3.964521709913646,False
United_States_of_America.regions.Texas:Sherman,67.75695523231182,0.33611071882502475,562.3579991066973,0.38031899930413776,False
United_States_of_America.regions.Texas:Stephens,115.04963680387411,0.6210653753026635,120.06555471173095,0.7027534345327504,False
United_States_of_America.regions.Texas:Swisher,109.56295399515739,0.6210653753026635,77.29617706175983,0.7027534345327504,False
United_States_of_America.regions.Texas:Terry,107.75181598062954,0.6210653753026635,97.6694136974319,0.7027534345327504,False
United_States_of_America.regions.Texas:Trinity,108.47578692493946,0.6210653753026635,100.21084810829608,0.7027534345327504,False
United_States_of_America.regions.Texas:Tyler,110.35593220338983,0.6210653753026635,113.05504089834824,0.7027534345327504,False
United_States_of_America.regions.Texas:Upshur,108.15738498789347,0.6210653753026635,112.72168286850585,0.7027534345327504,False
United_States_of_America.regions.Texas:Van Zandt,107.13075060532688,0.6876513317191283,115.72220896208552,1.2451550178939566,False
United_States_of_America.regions.Texas:Victoria,71.3958837772397,0.8220338983050849,81.41375617017877,0.8773097939079103,False
United_States_of_America.regions.Texas:Walker,25.526634382566588,0.5012106537530266,42.01798502396326,0.6981415669129039,False
United_States_of_America.regions.Texas:Waller,96.38983050847459,0.6210653753026635,100.92841464479977,0.7027534345327504,False
United_States_of_America.regions.Texas:Washington,55.133171912832935,8.398305084745763,128.40753928879457,24.433444269186182,False
United_States_of_America.regions.Texas:Wheeler,25.53434808732225,0.06208692169036652,209.22925046275552,0.07025314756310143,False
United_States_of_America.regions.Texas:Wichita,88.33777239709444,0.463680387409201,106.49590262518534,0.36111145023027535,False
United_States_of_America.regions.Texas:Wilbarger,98.15540282550592,0.5001909125620465,92.53589913244318,0.5659804840251274,False
United_States_of_America.regions.Texas:Willacy,106.73486682808716,0.7106537530266345,98.45449613347337,3.7412607164780245,False
United_States_of_America.regions.Texas:Wilson,96.73244552058112,0.8050847457627119,97.26799340320605,2.0897864539837467,False
United_States_of_America.regions.Texas:Winkler,113.42978208232445,0.6210653753026635,114.02254607857643,0.7027534345327504,False
United_States_of_America.regions.Texas:Wise,100.82445520581113,1.1634382566585957,110.1166025255955,1.6764750676549818,False
United_States_of_America.regions.Texas:Wood,108.26997578692495,0.6210653753026635,116.09408181972285,0.7027534345327504,False
United_States_of_America.regions.Texas:Yoakum,63.07880220646179,0.2600472813238771,58.673140036186595,0.29425101987403496,False
United_States_of_America.regions.Texas:Young,112.66585956416466,0.5242130750605327,117.28534826784981,3.5321819591750767,False
United_States_of_America.regions.Texas:Zapata,110.17554479418887,0.6210653753026635,109.33736793794503,0.7027534345327504,False
United_States_of_America.regions.Utah:Morgan,109.48668280871672,0.6210653753026635,93.03170497659005,0.7027534345327504,False
United_States_of_America.regions.Utah:Piute,3.525622254758419,0.0,62.49237972667119,0.0,False
United_States_of_America.regions.Vermont:Addison,88.17312348668281,0.6949152542372883,93.75875377290191,2.3554006741812374,False
United_States_of_America.regions.Vermont:Bennington,97.15496368038741,0.2675544794188862,85.95448683210688,0.576546076339721,False
United_States_of_America.regions.Vermont:Caledonia,106.53995157384989,0.6210653753026635,106.32991622891218,0.7027534345327504,False
United_States_of_America.regions.Vermont:Essex,114.45036319612592,0.6210653753026635,114.58964667975103,0.7027534345327504,False
United_States_of_America.regions.Vermont:Franklin,77.29539951573851,2.4418886198547214,85.9906396413548,5.4973072819511675,False
United_States_of_America.regions.Vermont:Orange,111.7130750605327,0.6210653753026635,118.4971887918866,0.7027534345327504,False
United_States_of_America.regions.Vermont:Orleans,109.05084745762711,0.6210653753026635,113.47781207682304,0.7027534345327504,False
United_States_of_America.regions.Vermont:Rutland,91.63922518159806,0.29661016949152547,95.88395190949052,0.5374314188557834,False
United_States_of_America.regions.Vermont:Washington,96.55569007263924,0.3075060532687652,101.57073496755721,0.41893762968427173,False
United_States_of_America.regions.Vermont:Windham,83.41525423728815,0.923728813559322,83.45012843599801,2.502947138352895,False
United_States_of_America.regions.Vermont:Windsor,96.8087167070218,1.1440677966101696,101.18683722575125,2.155569690189607,False
United_States_of_America.regions.Virginia:Albemarle,81.55326876513318,0.7263922518159807,97.22452377926211,0.5459930414804215,False
United_States_of_America.regions.Virginia:Augusta,88.03389830508476,0.44794188861985473,95.76212890019498,0.6019084607951111,False
United_States_of_America.regions.Virginia:Bedford,100.60290556900726,0.6210653753026635,112.08344760459974,0.7027534345327504,False
United_States_of_America.regions.Virginia:Botetourt,99.1307506053269,0.6307506053268764,95.98678476401156,2.903396545701975,False
United_States_of_America.regions.Virginia:Brunswick,105.13438256658597,0.6210653753026635,92.27966934137518,0.7027534345327504,False
United_States_of_America.regions.Virginia:Buchanan,105.0278450363196,0.6210653753026635,103.14104822655932,0.7027534345327504,False
United_States_of_America.regions.Virginia:Buckingham,37.836561743341406,0.5254237288135594,373.07432314433765,0.6111679815365437,False
United_States_of_America.regions.Virginia:Campbell,106.91767554479419,0.6210653753026635,116.63436972294308,0.7027534345327504,False
United_States_of_America.regions.Virginia:Caroline,94.42978208232445,0.2917675544794189,79.74369066190413,1.6456587275628531,False
United_States_of_America.regions.Virginia:Culpeper,62.16222760290558,0.09079903147699758,34.90161783762923,0.6504723173533081,False
United_States_of_America.regions.Virginia:Fauquier,59.299031476997584,0.5556900726392252,55.35998577799065,0.872276164160493,False
United_States_of_America.regions.Virginia:Franklin,103.55084745762711,0.6210653753026635,111.2044000596889,0.7027534345327504,False
United_States_of_America.regions.Virginia:Frederick,75.88135593220339,0.34866828087167073,85.97235287366672,0.3977618941847688,False
United_States_of_America.regions.Virginia:Halifax,105.64769975786926,0.6210653753026635,102.59648108225295,0.7027534345327504,False
United_States_of_America.regions.Virginia:Hanover,83.72154963680387,0.6210653753026635,101.37894813319569,0.7027534345327504,False
United_States_of_America.regions.Virginia:Henry,103.69854721549638,0.44794188861985473,109.43056315736335,0.925978507407277,False
United_States_of_America.regions.Virginia:Louisa,92.52300242130751,0.6210653753026635,85.1030654494648,0.7027534345327504,False
United_States_of_America.regions.Virginia:Mecklenburg,73.42736077481841,1.9891041162227605,71.2414635751371,7.670370656082835,False
United_States_of_America.regions.Virginia:Montgomery,87.09079903147702,0.26271186440677974,100.56188607266212,0.339071990481516,False
United_States_of_America.regions.Virginia:Pittsylvania,107.9140435835351,0.3292978208232446,117.82399620250584,0.5704158305887737,False
United_States_of_America.regions.Virginia:Rockbridge,112.14769975786928,0.6210653753026635,115.71342177293593,0.7027534345327504,False
United_States_of_America.regions.Virginia:Rockingham,31.48547215496368,0.19128329297820826,33.54359081271321,0.23761104231342933,False
United_States_of_America.regions.Virginia:Scott,110.03753026634382,0.9842615012106538,113.41477348660126,5.854065556170713,False
United_States_of_America.regions.Virginia:Shenandoah,64.83050847457628,0.6561743341404359,35.75979413475064,1.7870585988148542,False
United_States_of_America.regions.Virginia:Southampton,56.58353510895884,0.3292978208232446,207.39163513146804,2.5176912944644227,False
United_States_of_America.regions.Virginia:Spotsylvania,76.32687651331719,0.38135593220338987,101.65950686448166,0.526774692764756,False
United_States_of_America.regions.Virginia:Suffolk city,50.502421307506054,1.5750605326876517,59.258847490026405,1.6849822818620275,False
United_States_of_America.regions.Virginia:Tazewell,111.6222760290557,0.6210653753026635,121.457842587239,0.7027534345327504,False
United_States_of_America.regions.Virginia:Washington,95.21670702179176,1.0823244552058113,98.19480360333972,2.4669336337747945,False
United_States_of_America.regions.Washington:Asotin,103.43462469733657,0.976997578692494,98.48543801608365,5.526896999516267,False
United_States_of_America.regions.Washington:Columbia,115.363196125908,0.6210653753026635,117.8209050762991,0.7027534345327504,False
United_States_of_America.regions.Washington:Mason,101.37409200968524,0.6210653753026635,110.22041866836486,0.7027534345327504,False
United_States_of_America.regions.Washington:Pacific,110.14527845036321,0.2675544794188862,108.47731300155479,1.0430398729590316,False
United_States_of_America.regions.West Virginia:Boone,110.51210653753027,0.6210653753026635,105.83534854003697,0.7027534345327504,False
United_States_of_America.regions.West Virginia:Braxton,114.55569007263922,0.6210653753026635,120.44438329092468,0.7027534345327504,False
United_States_of_America.regions.West Virginia:Fayette,95.7227602905569,0.572639225181598,87.3006738355911,0.5885569761988698,False
United_States_of_America.regions.West Virginia:Greenbrier,112.8087167070218,0.6210653753026635,122.70359332685968,0.7027534345327504,False
United_States_of_America.regions.West Virginia:Hampshire,108.70823244552058,0.6743341404358354,108.92193179025308,3.236115733890475,False
United_States_of_America.regions.West Virginia:Hardy,110.41767554479419,0.6210653753026635,95.3098675639582,0.7027534345327504,False
United_States_of_America.regions.West Virginia:Harrison,99.63317191283295,0.6440677966101696,109.73818236615018,0.9744131443842755,False
United_States_of_America.regions.West Virginia:McDowell,110.92130750605328,0.6210653753026635,115.15280497105563,0.7027534345327504,False
United_States_of_America.regions.West Virginia:Mercer,109.72760290556901,0.6210653753026635,120.41666389931129,0.7027534345327504,False
United_States_of_America.regions.West Virginia:Monongalia,79.27118644067798,2.311138014527845,93.28727298161365,2.0736388218685193,False
United_States_of_America.regions.West Virginia:Nicholas,109.76997578692495,0.34866828087167073,111.29235465546961,0.7654243241076893,False
United_States_of_America.regions.West Virginia:Pendleton,113.22518159806296,0.6210653753026635,97.72606753474125,0.7027534345327504,False
United_States_of_America.regions.West Virginia:Pocahontas,6.7599093997735,0.0,62.38072165660153,0.0,False
United_States_of_America.regions.West Virginia:Preston,107.19128329297821,0.6210653753026635,108.22776653057505,0.7027534345327504,False
United_States_of_America.regions.West Virginia:Putnam,103.49273607748185,0.6210653753026635,110.92583024149845,0.7027534345327504,False
United_States_of_America.regions.West Virginia:Raleigh,109.42736077481842,0.6210653753026635,122.42477656179594,0.7027534345327504,False
United_States_of_America.regions.West Virginia:Randolph,112.33292978208235,0.6210653753026635,120.82564588784646,0.7027534345327504,False
United_States_of_America.regions.West Virginia:Wayne,91.22881355932203,6.060532687651333,128.73555530252983,16.25475649631846,False
United_States_of_America.regions.West Virginia:Wood,92.88135593220339,0.7348668280871672,104.06828307417759,0.8829979747822712,False
United_States_of_America.regions.West Virginia:Wyoming,115.2675544794189,0.6210653753026635,126.46856272568239,0.7027534345327504,False
United_States_of_America.regions.Wisconsin:Adams,112.6222760290557,0.6598062953995157,118.509073252394,3.739902770935908,False
United_States_of_America.regions.Wisconsin:Ashland,114.46489104116225,0.6210653753026635,121.75460219840923,0.7027534345327504,False
United_States_of_America.regions.Wisconsin:Barron,109.5677966101695,0.6210653753026635,119.09775341898603,0.7027534345327504,False
United_States_of_America.regions.Wisconsin:Buffalo,112.23365617433414,0.7360774818401937,111.65235779929344,6.776152798192603,False
United_States_of_America.regions.Wisconsin:Burnett,2.488888888888889,1.0,3.134949956173813,6.48760866744518,False
United_States_of_America.regions.Wisconsin:Columbia,99.11743341404359,0.5472154963680387,106.30779423920978,0.9797923228532188,False
United_States_of_America.regions.Wisconsin:Crawford,110.33898305084746,0.6210653753026635,100.47859473164606,0.7027534345327504,False
United_States_of_America.regions.Wisconsin:Dodge,99.83050847457628,0.44794188861985473,112.87426133482253,0.510284480273285,False
United_States_of_America.regions.Wisconsin:Dunn,108.83414043583537,0.6210653753026635,116.75893258232126,0.7027534345327504,False
United_States_of_America.regions.Wisconsin:Eau Claire,101.46610169491527,0.6210653753026635,116.75787938683109,0.7027534345327504,False
United_States_of_America.regions.Wisconsin:Fond du Lac,83.59927360774819,1.3208232445520582,98.64979466230447,1.2695907900717975,False
United_States_of_America.regions.Wisconsin:Forest,3.257644762524398,0.0,79.27045750025701,0.0,False
United_States_of_America.regions.Wisconsin:Green,108.33050847457626,0.6210653753026635,114.9957155992808,0.7027534345327504,False
United_States_of_America.regions.Wisconsin:Iowa,110.56658595641646,0.6210653753026635,112.85049241323264,0.7027534345327504,False
United_States_of_America.regions.Wisconsin:Iron,114.51573849878936,0.7615012106537532,112.62526327003437,16.881209990823326,False
United_States_of_America.regions.Wisconsin:Jackson,107.00000000000001,0.6271186440677966,106.46065652178464,3.490519991878351,False
United_States_of_America.regions.Wisconsin:Jefferson,94.23002421307507,0.6210653753026635,105.80700386484152,0.7027534345327504,False
United_States_of_America.regions.Wisconsin:Juneau,106.00484261501211,0.5472154963680387,100.80005648062024,2.2414301968768715,False
United_States_of_America.regions.Wisconsin:La Crosse,100.5593220338983,0.6210653753026635,117.13437678666159,0.7027534345327504,False
United_States_of_America.regions.Wisconsin:Lafayette,108.1125907990315,0.6210653753026635,90.7699551255188,0.7027534345327504,False
United_States_of_America.regions.Wisconsin:Langlade,1.0,0.0,2.9482611410765753,0.0,False
United_States_of_America.regions.Wisconsin:Lincoln,4.262578616352202,0.0,2.355324902490532,0.0,False
United_States_of_America.regions.Wisconsin:Manitowoc,104.21307506053269,0.44794188861985473,116.51285476110475,0.5735065814649014,False
United_States_of_America.regions.Wisconsin:Monroe,105.50605326876513,0.34866828087167073,111.10451226349662,0.4781154486316788,False
United_States_of_America.regions.Wisconsin:Oconto,104.85835351089588,0.6210653753026635,102.67838530884376,0.7027534345327504,False
United_States_of_America.regions.Wisconsin:Pierce,110.73365617433416,0.6210653753026635,118.80775241648946,0.7027534345327504,False
United_States_of_America.regions.Wisconsin:Polk,111.5811138014528,0.6210653753026635,122.07713081292206,0.7027534345327504,False
United_States_of_America.regions.Wisconsin:Portage,112.09443099273608,0.6210653753026635,125.63660715073468,0.7027534345327504,False
United_States_of_America.regions.Wisconsin:Richland,107.49273607748187,0.662227602905569,95.56820111344676,5.62700360946229,False
United_States_of_America.regions.Wisconsin:Rusk,112.5811138014528,0.6210653753026635,115.61917333826358,0.7027534345327504,False
United_States_of_America.regions.Wisconsin:Sauk,94.18401937046006,1.8450363196125907,100.63585845073601,3.1241012486168325,False
United_States_of_America.regions.Wisconsin:Shawano,102.90072639225181,0.6210653753026635,102.38485675272798,0.7027534345327504,False
United_States_of_America.regions.Wisconsin:Sheboygan,91.54358353510897,0.9322033898305085,109.3062451349809,0.7957323427805137,False
United_States_of_America.regions.Wisconsin:St. Croix,107.07263922518162,0.6210653753026635,121.38912145407656,0.7027534345327504,False
United_States_of_America.regions.Wisconsin:Taylor,1.0,0.0,2.652637972984374,0.0,False
United_States_of_America.regions.Wisconsin:Trempealeau,113.54963680387408,0.6210653753026635,122.25131235081673,0.7027534345327504,False
United_States_of_America.regions.Wisconsin:Vernon,16.628140703517587,0.0,11.225960944228008,0.0,False
United_States_of_America.regions.Wisconsin:Vilas,112.48789346246974,0.6210653753026635,120.00494313345357,0.7027534345327504,False
United_States_of_America.regions.Wisconsin:Walworth,59.590799031477,2.6525423728813564,75.66363440996233,2.448946557942333,False
United_States_of_America.regions.Wisconsin:Washburn,100.00343642611683,0.5001909125620465,107.96167744230522,0.5659804840251274,False
United_States_of_America.regions.Wisconsin:Washington,79.9128329297821,2.146489104116223,99.30137734600575,1.4185749086069361,False
United_States_of_America.regions.Wisconsin:Waupaca,110.3002421307506,0.7566585956416465,120.01190231644247,1.523107134206672,False
United_States_of_America.regions.Wisconsin:Waushara,113.39709443099272,0.6210653753026635,120.7185992303047,0.7027534345327504,False
United_States_of_America.regions.Wisconsin:Wood,114.43704600484263,0.6210653753026635,129.02972390391554,0.7027534345327504,False
Brazil.regions.AC,35.59806295399516,3.5387409200968527,118.81605176167017,0.39767495259615654,False
Brazil.regions.AP,254.47215496368037,9.641646489104117,88.48517361478824,0.5490875872054036,False
Brazil.regions.PA:Altamira,91.85230024213075,0.22760290556900728,110.24095269556393,0.35939996948776004,False
Suriname,108.17554479418887,0.5,130.06397038507632,0.681734811793391,False
Cambodia,115.363196125908,0.6210653753026635,131.66216793611974,0.7027534345327504,False
Senegal,47.175544794188866,0.3135593220338983,130.77736537776644,0.6980648731252993,False
Syria,91.06658595641647,1.7881355932203389,131.47771833613857,0.7017508988161548,False
United_States_of_America.regions.Idaho,1018.0108958837773,23.449152542372882,84.70676143331056,0.7634479424994479,False
United_States_of_America.regions.Kansas,577.4467312348669,26.06053268765134,107.85492310041094,0.4145181640532525,False
United_States_of_America.regions.Nebraska,79.09927360774819,0.5242130750605327,129.51614086804577,0.6977466158966544,False
United_States_of_America.regions.Utah,321.38983050847463,1.5351089588377722,118.03495850380253,0.6441080848915398,False
Brazil.regions.AC:Assis Brasil,4.254716981132075,0.3223270440251572,21.955898838029587,4.345787299786399,False
Brazil.regions.AC:Marechal Thaumaturgo,13.813918305597578,0.0,90.0688655220011,0.0,False
Brazil.regions.AC:Mâncio Lima,4.895294897282969,0.0,12.424037720350375,0.0,False
Brazil.regions.AC:Santa Rosa do Purus,2.6431535269709543,0.0,22.80088425874534,0.0,False
Brazil.regions.AC:Xapuri,5.413518886679921,0.0,57.75235099090482,0.0,False
Brazil.regions.AM:Alvarães,7.915017462165309,2.20023282887078,67.55661591781711,13.716307143387445,False
Brazil.regions.AM:Amaturá,97.69114047968674,3.046989720998532,994.0390299924153,26.412878996173127,False
Brazil.regions.AM:Anori,94.82324455205813,0.3910411622276029,36.08927916107488,0.8441422253262905,False
Brazil.regions.AM:Autazes,145.06997742663657,15.492851768246801,422.76381750679775,39.323407513203854,False
Brazil.regions.AM:Barreirinha,71.0,1.298578199052133,232.92447835874216,4.052864139858721,False
Brazil.regions.AM:Benjamin Constant,91.72008547008545,7.732905982905983,246.26770323735147,17.990196312362702,False
Brazil.regions.AM:Careiro,75.58232445520582,3.8970944309927362,375.0965244826077,11.228271430912336,False
Brazil.regions.AM:Guajará,6.916666666666667,0.2222222222222222,57.28107919112514,1.3324272827810422,False
Brazil.regions.AM:Manacapuru,159.21065375302663,15.830508474576272,151.3366396008575,16.19196898439465,False
Brazil.regions.AM:Nova Olinda do Norte,19.33119658119658,1.4337606837606833,72.03775713963843,3.835841093051216,False
Brazil.regions.AM:Parintins,75.27239709443099,2.953995157384988,95.67173249244189,2.4257725800880716,False
Brazil.regions.AM:Rio Preto da Eva,213.11538461538458,5.147435897435898,690.4731711884124,15.435978940941903,False
Brazil.regions.AM:Tonantins,83.15980629539952,1.102905569007264,59.81984509393389,8.489307052323701,False
Brazil.regions.AP:Amapá,6.372239747634069,0.5441640378548895,88.4186747270467,5.9739163229211725,False
Brazil.regions.AP:Ferreira Gomes,13.708871662360036,1.1886304909560723,240.66827823279527,15.27802687604206,False
Brazil.regions.AP:Pracuúba,0.9185098952270082,0.6752037252619325,67.05464142954966,13.18757275902212,False
Brazil.regions.AP:Serra do Navio,10.797115962347286,0.060084117764870826,655.3313493511763,2.193431111381448,False
Brazil.regions.AP:Tartarugalzinho,9.773922187171397,0.8201892744479495,44.90621899353365,4.736871351128787,False
Brazil.regions.BA:Barreiras,115.363196125908,0.6210653753026635,131.02498267105167,0.7027534345327504,False
Brazil.regions.BA:Campo Formoso,115.363196125908,0.6210653753026635,130.26394582304428,0.7027534345327504,False
Brazil.regions.BA:Curaçá,72.29219036859202,0.33611071882502475,75.02861109355038,0.38031899930413776,False
Brazil.regions.BA:Juazeiro,110.30387409200969,0.36077481840193715,128.87223219212572,0.582641690610899,False
Brazil.regions.BA:Morro do Chapéu,2.8545454545454545,0.0,1.9659276202859421,0.0,False
Brazil.regions.BA:Remanso,1.8748035620743844,0.0,7.758514352259668,0.0,False
Brazil.regions.BA:Xique-Xique,1.0,0.0,0.11173370375031144,0.0,False
Brazil.regions.GO:Cristalina,1.5490483162518303,0.9882869692532943,0.9149911180805052,1.6751478367599952,False
Brazil.regions.GO:Formosa,108.58716707021792,0.6210653753026635,125.24000785659658,0.7027534345327504,False
Brazil.regions.GO:Jataí,112.62106537530268,0.6210653753026635,127.95890813719062,0.7027534345327504,False
Brazil.regions.GO:Porangatu,2.8797953964194374,0.0,10.489873098018812,0.0,False
Brazil.regions.GO:Rio Verde,107.22154963680389,0.19128329297820826,127.6646109278722,0.5203695797310958,False
Brazil.regions.MA:Amarante do Maranhão,21.657492354740057,0.0,65.43449937626806,0.0,False
Brazil.regions.MA:Açailândia,94.03268765133173,0.6210653753026635,111.80927212372222,0.7027534345327504,False
Brazil.regions.MA:Barra do Corda,128.00366684127815,2.828706128863279,145.12039131937127,3.2067135184139106,False
Brazil.regions.MA:Bom Jardim,7.597961494903738,0.0,19.19641870016296,0.0,False
Brazil.regions.MA:Carolina,4.214285714285714,0.0,25.52198395379563,0.0,False
Brazil.regions.MA:Caxias,80.78208232445522,0.42615012106537536,107.7942016531531,0.44342799014207,False
Brazil.regions.MA:Centro Novo do Maranhão,9.850420609884333,0.9542586750788644,11.63078864007327,4.413369138279827,False
Brazil.regions.MA:Fernando Falcão,7.039531478770132,0.0,104.30721279919985,0.0,False
Brazil.regions.MA:Mirador,3.300109529025192,0.0,1.2715526473725938,0.0,False
Brazil.regions.MA:Riachão,2.756954612005857,0.0,12.9784341927484,0.0,False
Brazil.regions.MA:Santa Luzia,10.422169811320753,0.8176100628930818,15.65407996023513,1.125146301475335,False
Brazil.regions.MA:Tasso Fragoso,1.0,0.0,9.472653927160419,0.0,False
Brazil.regions.MG:Paracatu,103.75907990314771,0.26271186440677974,118.03146877871791,0.3180806089075933,False
Brazil.regions.MG:Unaí,112.0774818401937,0.6210653753026635,126.5891373726327,0.7027534345327504,False
Brazil.regions.MS:Alcinópolis,115.363196125908,0.6210653753026635,120.18798797590429,0.7027534345327504,False
Brazil.regions.MS:Bela Vista,2.4771784232365146,0.0,3.017994308727721,0.0,False
Brazil.regions.MS:Bonito,7.580912863070539,0.0,49.64745923583049,0.0,False
Brazil.regions.MS:Brasilândia,9.853317811408614,1.2514551804423748,116.5022783694817,10.541232988901406,False
Brazil.regions.MS:Camapuã,2.0833333333333335,0.0,4.831514058860489,0.0,False
Brazil.regions.MS:Coxim,112.44552058111381,0.6210653753026635,120.03571156614399,0.7027534345327504,False
Brazil.regions.MS:Miranda,80.44781810478746,0.33611071882502475,88.68711944986538,0.38031899930413776,False
Brazil.regions.MS:Nova Andradina,107.70096852300243,0.6210653753026635,118.40784423829847,0.7027534345327504,False
Brazil.regions.MS:Paranaíba,113.82929782082324,0.589588377723971,125.77272699922067,1.4574499624700992,False
Brazil.regions.MS:Paraíso das Águas,63.66981875492515,0.2600472813238771,58.51199516081106,0.29425101987403496,False
Brazil.regions.MS:Ponta Porã,115.363196125908,0.6210653753026635,130.587544563741,0.7027534345327504,False
Brazil.regions.MS:Rio Verde de Mato Grosso,115.363196125908,0.6210653753026635,126.78713818876089,0.7027534345327504,False
Brazil.regions.MS:Sidrolândia,115.363196125908,0.6210653753026635,129.93416769246625,0.7027534345327504,False
Brazil.regions.MT:Alto Araguaia,1.5714285714285714,0.0,19.580106909006474,0.0,False
Brazil.regions.MT:Campo Verde,1.3111111111111111,0.0,5.765812275806448,0.0,False
Brazil.regions.MT:Campos de Júlio,1.0,0.0,12.24862406017418,0.0,False
Brazil.regions.MT:Chapada dos Guimarães,113.6852300242131,0.4794188861985473,118.29340536393198,0.6664388727237434,False
Brazil.regions.MT:Confresa,14.854700854700853,0.0,13.147506498679428,0.0,False
Brazil.regions.MT:Guarantã do Norte,1.1904761904761902,0.0,5.581268182385721,0.0,False
Brazil.regions.MT:Matupá,2.0,0.0,21.882783035150123,0.0,False
Brazil.regions.MT:Nossa Senhora do Livramento,2.7095310136157336,0.0,5.510918227445639,0.0,False
Brazil.regions.MT:Nova Lacerda,2.2225475841874087,0.0,29.563987025791857,0.0,False
Brazil.regions.MT:Nova Monte Verde,115.363196125908,0.6210653753026635,123.31013949142144,0.7027534345327504,False
Brazil.regions.MT:Nova Xavantina,2.25,0.0,1.8169984207398255,0.0,False
Brazil.regions.MT:Novo Mundo,1.0,0.0,8.63256211701728,0.0,False
Brazil.regions.MT:Pontes e Lacerda,97.65903016418478,0.5001909125620465,106.82281251292446,0.5659804840251274,False
Brazil.regions.MT:Poxoréu,4.840408805031445,0.0,2.69192703522485,0.0,False
Brazil.regions.MT:Primavera do Leste,103.76634382566587,0.6210653753026635,111.75257092768072,0.7027534345327504,False
Brazil.regions.MT:Rosário Oeste,16.727590221187427,0.0,118.77609264695644,0.0,False
Brazil.regions.MT:Santa Rita do Trivelato,2.25,0.0,25.485552292898003,0.0,False
Brazil.regions.MT:São José do Xingu,1.0,0.0,15.610043139262066,0.0,False
Brazil.regions.MT:Tapurah,3.7749360613810743,0.0,53.35556262862245,0.0,False
Brazil.regions.MT:União do Sul,115.363196125908,0.6210653753026635,116.78220149592396,0.7027534345327504,False
Brazil.regions.MT:Vila Rica,1.8888888888888888,0.0,16.059401184362134,0.0,False
Brazil.regions.MT:Água Boa,1.7495256166982922,0.0,5.7435193907293165,0.0,False
Brazil.regions.PA:Afuá,68.94126416219439,0.2996422182468694,72.25696580614164,0.33905383616238505,False
Brazil.regions.PA:Anajás,9.017094017094017,0.6388888888888888,35.511125233781144,2.1822211595753966,False
Brazil.regions.PA:Brasil Novo,5.194961664841182,0.0,57.59474209068908,0.0,False
Brazil.regions.PA:Conceição do Araguaia,99.11743341404359,0.6561743341404358,98.50103445681798,0.7761049280096274,False
Brazil.regions.PA:Dom Eliseu,45.61895294897283,1.3088137839628895,81.30711045330077,2.191620395456872,False
Brazil.regions.PA:Goianésia do Pará,111.89104116222762,0.6210653753026635,120.63271555600762,0.7027534345327504,False
Brazil.regions.PA:Gurupá,2.1347248576850095,1.6698292220113853,14.583402649972626,5.003083718873998,False
Brazil.regions.PA:Ipixuna do Pará,18.339297548045064,0.3081510934393638,32.56745380615239,0.4810876827617189,False
Brazil.regions.PA:Itupiranga,11.531309297912713,0.5692599620493358,22.618046748738074,1.068651489701958,False
Brazil.regions.PA:Juruti,72.49919614147909,1.5688638799571275,73.57786629109916,2.927357755890548,False
Brazil.regions.PA:Medicilândia,9.365541327124562,0.9080325960419093,37.96474599515861,2.873793702066365,False
Brazil.regions.PA:Melgaço,17.43827859569649,1.3901472253680636,95.43076036052175,5.026930011456076,False
Brazil.regions.PA:Mojuí dos Campos,1.0302571860816945,0.45385779122541603,25.816703807314983,2.8217967621575233,False
Brazil.regions.PA:Parauapebas,71.92493946731236,4.213075060532688,109.43893023179908,1.61830615352492,False
Brazil.regions.PA:Rondon do Pará,89.72101310932926,1.5256459208349242,92.74120724481439,3.3032955123019554,False
Brazil.regions.PA:Rurópolis,2.6,0.0,2.0936981397512184,0.0,False
Brazil.regions.PA:Tomé-Açu,14.435358611238009,4.904065783462768,23.18125590277438,7.729389543182133,False
Brazil.regions.PA:Ulianópolis,47.9452852153667,0.0,83.5496753160105,0.0,False
Brazil.regions.PA:Viseu,17.9211968935587,1.0,35.97725593472502,1.628584922560787,False
Brazil.regions.PA:Água Azul do Norte,6.205331412103747,0.0,3.8765321405607724,0.0,False
Brazil.regions.PI:Baixa Grande do Ribeiro,1.834553440702782,1.0,49.57228853362328,8.631106507854307,False
Brazil.regions.PI:Bom Jesus,10.488807674737322,0.0,44.09377019950547,0.0,False
Brazil.regions.PI:Pimenteiras,114.3958837772397,0.6210653753026635,116.77698535703762,0.7027534345327504,False
Brazil.regions.PI:Uruçuí,12.650622876557193,0.9937712344280861,98.64420187049672,4.609756166750561,False
Brazil.regions.RO:Alta Floresta D'Oeste,4.703703703703703,0.0,1.749663679012822,0.0,False
Brazil.regions.RO:Candeias do Jamari,4.943217665615142,0.26813880126182965,45.41523722171489,1.0045285328057154,False
Brazil.regions.RO:Espigão D'Oeste,2.057389937106918,0.08647798742138364,6.2154911183019905,0.26712172552475333,False
Brazil.regions.RO:Governador Jorge Teixeira,3.993515850144092,0.0,42.238235293961274,0.0,False
Brazil.regions.RO:Ji-Paraná,107.9588377723971,0.45883777239709445,125.15174938514548,0.39328573147125867,False
Brazil.regions.RO:Machadinho D'Oeste,3.4672603457307494,0.0,1.3967861317662609,0.0,False
Brazil.regions.RO:Pimenta Bueno,37.41459744168547,0.11851015801354402,37.95091471593951,0.1340976713288042,False
Brazil.regions.RO:São Miguel do Guaporé,3.0423600605143717,0.1664145234493192,16.15066090166815,0.7233841488777188,False
Brazil.regions.RR:Bonfim,112.82082324455206,0.6210653753026635,113.0202936176512,0.7027534345327504,False
Brazil.regions.RR:Cantá,109.21670702179179,0.6210653753026635,100.04848423733102,0.7027534345327504,False
Brazil.regions.RR:Normandia,0.27939464493597205,0.0,35.68828902299829,0.0,False
Brazil.regions.RR:Pacaraima,76.48426150121065,0.3111380145278451,131.18495491531846,3.1975639350859932,False
Brazil.regions.RR:Uiramutã,3.340248962655602,0.12448132780082988,5.597534446251917,1.1789120920620313,False
Brazil.regions.RS:Alegrete,114.94915254237289,0.6210653753026635,129.74677980284596,0.7027534345327504,False
Brazil.regions.RS:Dom Pedrito,115.090799031477,0.34866828087167073,128.38207317248708,0.5136444680017633,False
Brazil.regions.RS:Sant'Ana do Livramento,109.50363196125909,0.6210653753026635,122.97242617979529,0.7027534345327504,False
Brazil.regions.RS:São Gabriel,115.363196125908,0.6210653753026635,130.0581455444652,0.7027534345327504,False
Brazil.regions.RS:Uruguaiana,113.01331719128329,0.6210653753026635,129.02999868430152,0.7027534345327504,False
Brazil.regions.TO:Araguaçu,1.0,0.0,9.47816559172349,0.0,False
Brazil.regions.TO:Goiatins,4.8444687842278205,0.39430449069003287,64.31451324925382,3.028684927337222,False
Brazil.regions.TO:Lizarda,3.619324796274738,1.0,21.511068307899695,26.737967914438507,False
Brazil.regions.TO:Peixe,1.0,0.0,6.248304825404846,0.0,False
Brazil.regions.TO:Ponte Alta do Tocantins,1.1204819277108435,0.0,41.77167615408729,0.0,False
Sweden.regions.Kronoberg,59.52300242130752,1.1670702179176757,98.69394845575262,0.44401608805389503,False
United_States_of_America.regions.Alaska:Juneau City and Borough,98.65012106537532,0.6210653753026635,93.49121107221859,0.7027534345327504,False
United_States_of_America.regions.Alaska:Petersburg Borough,113.79418886198548,0.6210653753026635,96.38110313689559,0.7027534345327504,False
United_States_of_America.regions.Alaska:Sitka City and Borough,14.456887486855939,0.0,12.052502626569913,0.0,False
United_States_of_America.regions.Arizona:Greenlee,114.46489104116225,0.6210653753026635,118.24437916735373,0.7027534345327504,False
United_States_of_America.regions.California:Madera,95.09806295399517,0.8438256658595643,117.89786357099418,0.5129368205447934,False
United_States_of_America.regions.California:Mono,101.38256658595643,0.7203389830508475,105.10656807661472,5.93555847627516,False
United_States_of_America.regions.California:Plumas,112.49757869249395,0.6210653753026635,118.66325591432516,0.7027534345327504,False
United_States_of_America.regions.California:Tehama,115.363196125908,0.4176755447941889,130.1318459199848,0.6608681992019856,False
United_States_of_America.regions.California:Trinity,2.3362541073384446,0.0,11.120100818988705,0.0,False
United_States_of_America.regions.California:Tuolumne,113.77118644067798,0.6210653753026635,126.91042016408745,0.7027534345327504,False
United_States_of_America.regions.Colorado:Baca,108.14164648910412,0.6210653753026635,165.92647770458444,0.7027534345327504,False
United_States_of_America.regions.Colorado:Cheyenne,0.3953147877013177,0.0,258.03849527506577,0.0,False
United_States_of_America.regions.Colorado:Elbert,98.99757869249396,0.6271186440677966,83.17240364142582,2.535741957790358,False
United_States_of_America.regions.Colorado:Garfield,82.85835351089588,1.016949152542373,83.84733425117187,1.718380711964173,False
United_States_of_America.regions.Colorado:Grand,112.22881355932202,0.6210653753026635,114.5850278885619,0.7027534345327504,False
United_States_of_America.regions.Colorado:Gunnison,77.88983050847459,1.0447941888619856,341.39626140927527,8.837159314090826,False
United_States_of_America.regions.Colorado:Kit Carson,101.57384987893464,0.7990314769975787,106.53447482351018,16.611795802074745,False
United_States_of_America.regions.Colorado:Lincoln,113.76876513317191,0.6210653753026635,102.17466504751145,0.7027534345327504,False
United_States_of_America.regions.Colorado:Logan,39.219128329297824,0.36077481840193715,292.4794688909384,1.9715006943805615,False
United_States_of_America.regions.Colorado:Mesa,93.11138014527845,0.6210653753026635,115.36699189054588,0.7027534345327504,False
United_States_of_America.regions.Colorado:Montezuma,104.51937046004842,1.4491525423728817,101.35799632174741,6.4734090552405235,False
United_States_of_America.regions.Colorado:Montrose,74.64769975786925,5.503631961259081,74.05069279787432,13.621343428187076,False
United_States_of_America.regions.Colorado:Park,110.60532687651333,0.6210653753026635,110.20713988991443,0.7027534345327504,False
United_States_of_America.regions.Colorado:Pueblo,75.5,2.648910411622276,104.17166219855437,1.2387607124563602,False
United_States_of_America.regions.Colorado:Rio Blanco,115.363196125908,0.6210653753026635,121.27057456075497,0.7027534345327504,False
United_States_of_America.regions.Colorado:Routt,89.8135593220339,0.2578692493946731,67.81366559699173,1.979403253661057,False
United_States_of_America.regions.Colorado:Saguache,113.24818401937046,0.6210653753026635,110.63414354167249,0.7027534345327504,False
United_States_of_America.regions.Colorado:Washington,111.09564164648911,0.6210653753026635,80.05867169456633,0.7027534345327504,False
United_States_of_America.regions.Colorado:Yuma,113.50242130750605,0.6210653753026635,110.11693459751466,0.7027534345327504,False
United_States_of_America.regions.Idaho:Bingham,113.91525423728814,0.6210653753026635,126.43890593383976,0.7027534345327504,False
United_States_of_America.regions.Idaho:Blaine,252.52058111380148,3.033898305084746,1470.7111457564904,15.173896929862407,False
United_States_of_America.regions.Idaho:Caribou,115.363196125908,0.6210653753026635,121.95538471854607,0.7027534345327504,False
United_States_of_America.regions.Idaho:Cassia,106.8680387409201,0.7203389830508475,103.03576268928306,3.287416238364022,False
United_States_of_America.regions.Idaho:Elmore,97.81598062953996,0.851089588377724,95.72103349696039,3.953099390526968,False
United_States_of_America.regions.Idaho:Fremont,114.46489104116225,0.6210653753026635,120.69722812940815,0.7027534345327504,False
United_States_of_America.regions.Idaho:Twin Falls,57.900726392251826,5.134382566585957,64.96844725482705,5.921993845432972,False
United_States_of_America.regions.Maine:Oxford,105.98305084745762,0.6210653753026635,115.99895501866774,0.7027534345327504,False
United_States_of_America.regions.Maine:Penobscot,90.01694915254238,0.6210653753026635,111.78207046454433,0.7027534345327504,False
United_States_of_America.regions.Maine:Washington,114.46489104116225,0.6210653753026635,125.84035130903025,0.7027534345327504,False
United_States_of_America.regions.Michigan:Marquette,90.64648910411623,4.8075060532687655,96.10596784221069,7.436156337085158,False
United_States_of_America.regions.Minnesota:Aitkin,70.76744186046511,0.2996422182468694,69.0816621524775,0.33905383616238505,False
United_States_of_America.regions.Minnesota:Beltrami,111.00363196125909,0.6210653753026635,122.1779389679985,0.7027534345327504,False
United_States_of_America.regions.Minnesota:Cass,112.53753026634384,0.6210653753026635,119.65611182875507,0.7027534345327504,False
United_States_of_America.regions.Minnesota:Itasca,109.4322033898305,0.6210653753026635,116.38924500265497,0.7027534345327504,False
United_States_of_America.regions.Minnesota:Koochiching,115.31476997578693,0.6210653753026635,124.3968113724902,0.7027534345327504,False
United_States_of_America.regions.Minnesota:Lake,3.525622254758419,0.0,4.276740535536897,0.0,False
United_States_of_America.regions.Minnesota:Marshall,50.202269692923906,0.21695594125500672,50.75892606356297,0.24549192230357417,False
United_States_of_America.regions.Minnesota:Otter Tail,106.93341404358355,0.6210653753026635,115.83955390894768,0.7027534345327504,False
United_States_of_America.regions.Minnesota:Polk,87.52663438256658,0.3910411622276029,62.74780546913185,0.5221582552579441,False
United_States_of_America.regions.Montana:Carbon,110.92009685230025,0.6210653753026635,109.26303044187644,0.7027534345327504,False
United_States_of_America.regions.Montana:Cascade,106.26634382566584,0.5012106537530266,119.59314369496992,0.6205980327189357,False
United_States_of_America.regions.Montana:Gallatin,72.26029055690074,0.6210653753026635,84.31673086788686,0.7027534345327504,False
United_States_of_America.regions.Montana:Glacier,111.17796610169493,0.6210653753026635,107.70376087284406,0.7027534345327504,False
United_States_of_America.regions.Montana:Hill,115.363196125908,0.6210653753026635,125.99897418263353,0.7027534345327504,False
United_States_of_America.regions.Montana:Meagher,115.363196125908,0.6210653753026635,111.76813819193677,0.7027534345327504,False
United_States_of_America.regions.Montana:Missoula,94.17554479418887,0.47457627118644075,112.14919670299975,0.5802709060074804,False
United_States_of_America.regions.Montana:Musselshell,115.32203389830508,0.6210653753026635,120.00694343689429,0.7027534345327504,False
United_States_of_America.regions.Montana:Park,109.94915254237289,0.6210653753026635,111.04816772762737,0.7027534345327504,False
United_States_of_America.regions.Montana:Ravalli,112.39467312348668,0.6210653753026635,122.61029820741824,0.7027534345327504,False
United_States_of_America.regions.Montana:Richland,113.41404358353512,0.6210653753026635,116.83763384913232,0.7027534345327504,False
United_States_of_America.regions.Montana:Roosevelt,112.18523002421308,0.6210653753026635,96.10401238983897,0.7027534345327504,False
United_States_of_America.regions.Montana:Stillwater,115.363196125908,0.6210653753026635,123.55770341651383,0.7027534345327504,False
United_States_of_America.regions.Montana:Toole,98.98062953995156,4.119854721549636,410.0072065752314,99.40113374562563,False
United_States_of_America.regions.Montana:Yellowstone,80.70338983050848,0.4346246973365618,105.88896933005223,0.587167149370877,False
United_States_of_America.regions.Nebraska:Custer,96.8765133171913,2.387409200968523,139.43892395422984,27.21294273574828,False
United_States_of_America.regions.Nebraska:Holt,4.696682464454977,0.0,4.191365604275281,0.0,False
United_States_of_America.regions.Nebraska:Lincoln,103.46125907990314,0.6598062953995157,104.40106459774256,1.9716123703208905,False
United_States_of_America.regions.Nevada:Lyon,98.68401937046005,0.6210653753026635,102.26529269202102,0.7027534345327504,False
United_States_of_America.regions.New Hampshire:Coos,114.4043583535109,0.6210653753026635,125.75644293620472,0.7027534345327504,False
United_States_of_America.regions.New Mexico:Guadalupe,54.366430260047295,0.2600472813238771,298.3885168502583,0.29425101987403496,False
United_States_of_America.regions.New Mexico:Harding,26.52136752136752,0.0,128.85877667990457,0.0,False
United_States_of_America.regions.New Mexico:Hidalgo,1.0,0.0,21.55780923580321,0.0,False
United_States_of_America.regions.New Mexico:Luna,110.15738498789347,0.5,109.81194889221926,2.4120923596645882,False
United_States_of_America.regions.New Mexico:Quay,112.17554479418888,0.6997578692493946,105.43508081203855,10.665920485201186,False
United_States_of_America.regions.New Mexico:Roosevelt,111.53026634382567,0.6210653753026635,105.74980901367543,0.7027534345327504,False
United_States_of_America.regions.New Mexico:Santa Fe,77.23970944309927,0.6210653753026635,100.5287170312146,0.7027534345327504,False
United_States_of_America.regions.New Mexico:Taos,104.9322033898305,0.6210653753026635,106.7439054867305,0.7027534345327504,False
United_States_of_America.regions.New Mexico:Torrance,105.03874092009684,0.5254237288135594,93.91962416971775,0.6720250560760962,False
United_States_of_America.regions.New York:Essex,101.03995157384988,0.6210653753026635,94.35900488003941,0.7027534345327504,False
United_States_of_America.regions.New York:Hamilton,113.6864406779661,0.6210653753026635,103.44915167755553,0.7027534345327504,False
United_States_of_America.regions.New York:St. Lawrence,60.23002421307506,0.5423728813559322,73.24312160536459,0.5927828468061944,False
United_States_of_America.regions.North Dakota:Dunn,109.64285714285715,0.6210653753026635,66.43850029623486,0.7027534345327504,False
United_States_of_America.regions.North Dakota:McHenry,115.363196125908,0.7421307506053268,120.67632709455702,16.366516190385855,False
United_States_of_America.regions.North Dakota:McKenzie,106.16343825665861,0.6210653753026635,94.72508512876463,0.7027534345327504,False
United_States_of_America.regions.North Dakota:McLean,113.11743341404359,0.6210653753026635,108.85115951044908,0.7027534345327504,False
United_States_of_America.regions.North Dakota:Morton,101.85108958837773,1.036319612590799,100.4967784463148,3.9717195118875224,False
United_States_of_America.regions.North Dakota:Mountrail,96.9721549636804,0.6210653753026635,169.88134706690582,0.7027534345327504,False
United_States_of_America.regions.North Dakota:Stutsman,106.33414043583535,0.6210653753026635,89.58886199163771,0.7027534345327504,False
United_States_of_America.regions.North Dakota:Ward,102.3813559322034,0.2675544794188862,111.60685829885763,0.35901660534593005,False
United_States_of_America.regions.North Dakota:Williams,106.6864406779661,0.6210653753026635,111.47851272465688,0.7027534345327504,False
United_States_of_America.regions.Oklahoma:Beaver,104.08716707021793,0.6210653753026635,103.23146616234361,0.7027534345327504,False
United_States_of_America.regions.Oklahoma:Cimarron,39.18848758465011,0.11851015801354402,41.97897684929184,0.1340976713288042,False
United_States_of_America.regions.Oklahoma:McCurtain,109.50968523002422,0.6210653753026635,116.26316307874141,0.7027534345327504,False
United_States_of_America.regions.Oklahoma:Osage,84.85714285714288,6.312348668280872,89.96044298723432,14.060813721704152,False
United_States_of_America.regions.Oklahoma:Texas,18.888619854721547,0.6210653753026635,375.45660805872933,5.513183865198656,False
United_States_of_America.regions.Oregon:Baker,3.4463240078074167,0.0,1.8305703740826678,0.0,False
United_States_of_America.regions.Oregon:Crook,115.363196125908,0.6210653753026635,127.6905725161168,0.7027534345327504,False
United_States_of_America.regions.Oregon:Deschutes,83.90314769975787,0.6210653753026635,112.22109797361136,0.7027534345327504,False
United_States_of_America.regions.Oregon:Jackson,89.88135593220339,0.6210653753026635,119.68255162119802,0.7027534345327504,False
United_States_of_America.regions.Oregon:Jefferson,84.06223749522717,0.5001909125620465,73.46337677887598,0.5659804840251274,False
United_States_of_America.regions.Oregon:Linn,88.47094430992738,2.2699757869249395,107.24026744029207,1.5254264837923257,False
United_States_of_America.regions.Oregon:Morrow,110.69249394673125,0.6210653753026635,101.44298098283686,0.7027534345327504,False
United_States_of_America.regions.Oregon:Umatilla,105.40193704600483,0.6210653753026635,117.6232683537719,0.7027534345327504,False
United_States_of_America.regions.Oregon:Union,112.91162227602906,0.6210653753026635,120.07022297512367,0.7027534345327504,False
United_States_of_America.regions.Oregon:Wallowa,115.35230024213074,0.6210653753026635,122.144868179912,0.7027534345327504,False
United_States_of_America.regions.Oregon:Wasco,106.78329297820824,0.2288135593220339,107.24876600144061,0.8522787320956248,False
United_States_of_America.regions.South Dakota:Corson,114.81476997578692,0.6210653753026635,104.61895654936805,0.7027534345327504,False
United_States_of_America.regions.South Dakota:Fall River,115.13317191283294,0.6210653753026635,118.18569974426597,0.7027534345327504,False
United_States_of_America.regions.South Dakota:Meade,115.363196125908,0.6210653753026635,128.22154312583768,0.7027534345327504,False
United_States_of_America.regions.South Dakota:Pennington,107.19007263922518,0.6210653753026635,123.32874831437385,0.7027534345327504,False
United_States_of_America.regions.South Dakota:Ziebach,3.576447625243981,0.0,31.10608739930526,0.0,False
United_States_of_America.regions.Texas:Duval,97.21229476899578,0.5001909125620465,86.96669979735658,0.5659804840251274,False
United_States_of_America.regions.Texas:Reeves,1.4564315352697095,0.0,13.778140936457998,0.0,False
United_States_of_America.regions.Texas:Val Verde,107.08232445520582,0.6210653753026635,116.33302740278607,0.7027534345327504,False
United_States_of_America.regions.Utah:Duchesne,110.25786924939469,0.6210653753026635,107.40220390913308,0.7027534345327504,False
United_States_of_America.regions.Utah:Iron,102.35351089588379,0.6210653753026635,108.9047764112841,0.7027534345327504,False
United_States_of_America.regions.Utah:Juab,110.4043583535109,0.6210653753026635,99.68196285682298,0.7027534345327504,False
United_States_of_America.regions.Utah:Sevier,82.33199356913184,0.36977491961414793,82.3560201469654,0.4184110161289807,False
United_States_of_America.regions.Utah:Summit,142.62953995157386,0.6210653753026635,465.3941084629271,0.7027534345327504,False
United_States_of_America.regions.Utah:Washington,98.1222760290557,0.6210653753026635,121.39498832070343,0.7027534345327504,False
United_States_of_America.regions.Washington:Adams,92.43341404358355,0.6210653753026635,102.72580141341925,0.7027534345327504,False
United_States_of_America.regions.Washington:Chelan,95.0956416464891,1.7711864406779663,104.21566043000833,2.3960183478255774,False
United_States_of_America.regions.Washington:Douglas,75.75665859564165,0.44794188861985473,56.43564241164665,1.08672808000324,False
United_States_of_America.regions.Washington:Ferry,115.363196125908,0.6210653753026635,122.29938498059484,0.7027534345327504,False
United_States_of_America.regions.Washington:Grant,66.05084745762711,0.8801452784503632,76.81513411783038,0.9337429177922597,False
United_States_of_America.regions.Washington:Grays Harbor,109.47699757869249,0.6210653753026635,122.4941854267823,0.7027534345327504,False
United_States_of_America.regions.Washington:Jefferson,98.97457627118644,0.6210653753026635,85.92971523620858,0.7027534345327504,False
United_States_of_America.regions.Washington:Kittitas,106.30871670702179,0.6210653753026635,112.5411443851599,0.7027534345327504,False
United_States_of_America.regions.Washington:Klickitat,105.16343825665861,0.8910411622276031,96.30621497266321,6.040196565602217,False
United_States_of_America.regions.Washington:Lewis,101.79661016949154,0.8365617433414043,113.99214349837926,1.103319296016109,False
United_States_of_America.regions.Washington:Lincoln,114.82808716707022,0.6210653753026635,119.35001187327302,0.7027534345327504,False
United_States_of_America.regions.Washington:Stevens,109.38135593220342,0.391041162227603,118.1076670256742,0.9050780262038952,False
United_States_of_America.regions.Washington:Whitman,105.32324455205813,0.6210653753026635,113.05595110850338,0.7027534345327504,False
United_States_of_America.regions.Wyoming:Big Horn,113.53753026634384,0.6210653753026635,116.23084968116244,0.7027534345327504,False
United_States_of_America.regions.Wyoming:Crook,111.7227602905569,0.6210653753026635,106.74348301512028,0.7027534345327504,False
United_States_of_America.regions.Wyoming:Goshen,112.61138014527846,0.6210653753026635,114.39986763146884,0.7027534345327504,False
United_States_of_America.regions.Wyoming:Hot Springs,113.27602905569006,0.6210653753026635,88.88114487106607,0.7027534345327504,False
United_States_of_America.regions.Wyoming:Laramie,68.15133171912834,0.22760290556900728,80.05230735200992,0.307313766458724,False
United_States_of_America.regions.Wyoming:Niobrara,114.36319612590799,0.6210653753026635,109.58015928610087,0.7027534345327504,False
United_States_of_America.regions.Wyoming:Platte,1.0,0.0,9.651632970014896,0.0,False
United_States_of_America.regions.Wyoming:Sheridan,105.04237288135594,0.6210653753026635,101.87355371097203,0.7027534345327504,False
United_States_of_America.regions.Wyoming:Uinta,109.38983050847459,0.6210653753026635,108.37944997273503,0.7027534345327504,False
United_States_of_America.regions.Wyoming:Washakie,110.25907990314771,0.6210653753026635,103.05381687730556,0.7027534345327504,False
Bahamas,82.34987893462471,5.501210653753026,120.8994556389623,1.037493756726321,True
Brazil.regions.AC:Rio Branco,47.006053268765136,3.0726392251815984,110.20328346050779,0.4065969476678177,True
Brazil.regions.AM:Caapiranga,4.325991189427313,0.6191874694077338,114.9771226021019,4.733487267087636,True
Brazil.regions.AM:Fonte Boa,43.04454233969653,2.8732256485560455,333.259389944822,16.3168019112729,True
Brazil.regions.AM:Itacoatiara,45.94794188861986,6.043583535108959,60.15107725251943,5.873964753702172,True
Brazil.regions.AM:Santo Antônio do Içá,73.08111380145279,0.42978208232445525,80.46305779911033,2.3273155777887533,True
Brazil.regions.AM:São Sebastião do Uatumã,6.580967402733965,0.0,83.0199467481457,0.0,True
Brazil.regions.AM:Uarini,7.678571428571429,0.0,73.38122646293294,0.0,True
Brazil.regions.AP:Pedra Branca do Amapari,26.44871794871795,1.3333333333333333,294.1236759358352,8.079828707631398,True
Brazil.regions.BA:Barra,114.3958837772397,0.6210653753026635,127.99645589014965,0.7027534345327504,True
Brazil.regions.BA:Cocos,1.4,0.0,9.45340378482968,0.0,True
Brazil.regions.BA:Pilão Arcado,4.696682464454977,0.0,3.7158001563438003,0.0,True
Brazil.regions.BA:Sento Sé,1.0,0.0,0.1949108908792092,0.0,True
Brazil.regions.GO:Mineiros,15.24166285975331,0.0,16.351723487149762,0.0,True
Brazil.regions.GO:Niquelândia,13.605152471083068,0.0,13.498074637394451,0.0,True
Brazil.regions.MA:Alto Parnaíba,1.3333333333333333,0.0,40.01347830601876,0.0,True
Brazil.regions.MA:Grajaú,9.13744075829384,0.0,14.131427732823383,0.0,True
Brazil.regions.MS:Três Lagoas,81.45036319612592,1.6513317191283292,100.69169099499045,1.3458454107019882,True
Brazil.regions.MT:Alta Floresta,114.3498789346247,0.6210653753026635,127.78025806964932,0.7027534345327504,True
Brazil.regions.MT:Barra do Garças,35.124507486209616,1.8810086682427112,31.15656085474277,3.214986424508362,True
Brazil.regions.MT:Campo Novo do Parecis,115.31476997578693,0.6210653753026635,128.74025259235432,0.7027534345327504,True
Brazil.regions.MT:Canarana,114.76392251815982,0.6210653753026635,124.41208188590288,0.7027534345327504,True
Brazil.regions.MT:Cotriguaçu,3.116182572614108,0.0,2.3384111680771813,0.0,True
Brazil.regions.MT:Nova Mutum,111.40677966101697,0.19128329297820826,120.74581212962744,0.4721567176512449,True
Brazil.regions.MT:Nova Ubiratã,0.5833333333333334,0.0,26.923988746061266,0.0,True
Brazil.regions.MT:Ribeirão Cascalheira,0.5,0.0,12.434179075700655,0.0,True
Brazil.regions.MT:Rondolândia,1.25,0.0,46.3100341281114,0.0,True
Brazil.regions.MT:Santo Antônio do Leverger,3.390891840607211,0.0,1.0455312590065908,0.0,True
Brazil.regions.MT:Sorriso,18.222351571594878,0.0,20.064781954110956,0.0,True
Brazil.regions.MT:Tangará da Serra,108.39588377723972,0.6210653753026635,123.97355706926179,0.7027534345327504,True
Brazil.regions.PA:Anapu,9.941525810872545,0.0,63.65270682483046,0.0,True
Brazil.regions.PA:Breves,195.04602584528237,31.24553018233316,182.45359916532712,30.3969621456765,True
Brazil.regions.PA:Chaves,2.180094786729858,0.6255924170616115,8.820949183943204,2.6377384030931883,True
Brazil.regions.PA:Faro,3.4647302904564317,0.0,8.848501164027182,0.0,True
Brazil.regions.PA:Moju,113.94234592445329,7.710404241219351,139.58263355737316,9.392165372888826,True
Brazil.regions.PA:Pacajá,22.81151241534989,1.892400300978179,12.873328599488215,4.081117309997912,True
Brazil.regions.PA:Santa Maria das Barreiras,1.0,0.0,2.3991641712538683,0.0,True
Brazil.regions.PA:Santana do Araguaia,10.410788381742737,0.5394190871369294,15.32449529445706,0.7407872984837737,True
Brazil.regions.PA:Trairão,9.214826021180029,0.0,65.24103552523373,0.0,True
Brazil.regions.PA:Uruará,9.436692506459949,0.0,25.71295056535473,0.0,True
Brazil.regions.RO:Nova Mamoré,2.0877458396369137,0.1664145234493192,15.470114141623402,0.5441406122660275,True
Brazil.regions.RO:São Francisco do Guaporé,0.6,0.0,4.645064133938148,0.0,True
Brazil.regions.RO:Vilhena,110.87409200968524,0.6210653753026635,126.17119193285701,0.7027534345327504,True
Brazil.regions.RR:Caroebe,24.081264108352144,0.5003762227238525,150.28791019233373,5.9519125630835905,True
Brazil.regions.RR:Mucajaí,65.96681259709082,0.33611071882502475,28.029726158921438,0.38031899930413776,True
Montenegro,137.97578692493948,2.663438256658596,103.34594438530327,0.5337060233090488,True
Sweden.regions.Jönköping,27.550847457627125,6.257869249394673,99.42877573659752,1.2036927997074873,True
Sweden.regions.Kalmar,75.1501210653753,2.2372881355932206,110.68549812653762,0.6457420581057809,True
Sweden.regions.Uppsala,53.53389830508475,3.9987893462469737,89.2930569324082,0.5944197963382652,True
Sweden.regions.Örebro,37.09685230024213,0.9079903147699758,85.41307064877353,0.3998395466469591,True
Sweden.regions.Östergötland,606.5145278450364,26.26029055690073,66.12489453904378,5.120978360659748,True
United_States_of_America.regions.Alaska:Ketchikan Gateway Borough,105.74092009685232,0.6210653753026635,102.11153795020603,0.7027534345327504,True
United_States_of_America.regions.Alaska:Prince of Wales-Hyder Census Area,114.3777239709443,0.6210653753026635,115.65419865744116,0.7027534345327504,True
United_States_of_America.regions.Arizona:Gila,107.04479418886199,0.6210653753026635,114.4659480090932,0.7027534345327504,True
United_States_of_America.regions.Arizona:Graham,114.35351089588379,0.6210653753026635,126.6713893509718,0.7027534345327504,True
United_States_of_America.regions.Arizona:La Paz,109.06537530266344,0.6222760290556901,102.99737908486108,4.281414233555867,True
United_States_of_America.regions.Arizona:Pinal,47.404358353510894,0.7009685230024213,113.97268465267258,0.4851026428073291,True
United_States_of_America.regions.California:Humboldt,111.04963680387408,0.6210653753026635,127.74855369899211,0.7027534345327504,True
United_States_of_America.regions.California:Imperial,46.62348668280872,2.7191283292978214,68.61775192654027,1.144718968493338,True
United_States_of_America.regions.California:Mendocino,111.34261501210656,0.6210653753026635,125.88084175663617,0.7027534345327504,True
United_States_of_America.regions.California:Monterey,56.23244552058111,2.1973365617433416,110.3880708699947,0.6135011863536873,True
United_States_of_America.regions.California:San Luis Obispo,75.58353510895886,0.47457627118644075,106.06479085274896,0.6510107950322637,True
United_States_of_America.regions.California:Shasta,101.1779661016949,1.341404358353511,123.2358307302659,0.7176870583626235,True
United_States_of_America.regions.California:Tulare,77.07506053268766,7.8135593220339,90.58941287987183,1.1064947764812163,True
United_States_of_America.regions.Colorado:Las Animas,113.15980629539952,0.6210653753026635,115.98338128938511,0.7027534345327504,True
United_States_of_America.regions.Colorado:Moffat,111.3861985472155,0.6210653753026635,106.31267188087578,0.7027534345327504,True
United_States_of_America.regions.Colorado:Weld,500.1900726392252,35.681598062954,71.47822633347612,10.484783835494449,True
United_States_of_America.regions.Hawaii:Hawaii,82.10774818401937,0.6210653753026635,112.4106545996342,0.7027534345327504,True
United_States_of_America.regions.Idaho:Custer,114.38861985472155,0.6210653753026635,112.49821061288276,0.7027534345327504,True
United_States_of_America.regions.Idaho:Lemhi,18.530592266275086,0.0,16.269635098607758,0.0,True
United_States_of_America.regions.Idaho:Valley,114.38377723970943,0.6210653753026635,120.43982919996824,0.7027534345327504,True
United_States_of_America.regions.Maine:Piscataquis,55.49432576769026,0.21695594125500672,58.428255684969216,0.24549192230357417,True
United_States_of_America.regions.Maine:Somerset,103.75302663438258,0.6210653753026635,110.4544065177,0.7027534345327504,True
United_States_of_America.regions.Montana:Big Horn,112.14164648910412,0.6210653753026635,108.81481127441509,0.7027534345327504,True
United_States_of_America.regions.Montana:Lewis and Clark,104.41162227602906,0.6210653753026635,115.38115839956474,0.7027534345327504,True
United_States_of_America.regions.Montana:Lincoln,110.26997578692496,0.7566585956416465,114.55229475153591,4.27801425809935,True
United_States_of_America.regions.Montana:Madison,109.37046004842615,0.6743341404358354,102.08299800768845,9.911582958282162,True
United_States_of_America.regions.Nevada:Churchill,111.35956416464892,0.7203389830508475,114.30620823565313,3.1466093355386873,True
United_States_of_America.regions.Nevada:Mineral,61.32466509062255,0.2600472813238771,63.762331318405366,0.29425101987403496,True
United_States_of_America.regions.New Mexico:Cibola,89.76634382566587,0.9866828087167071,70.21147870591516,5.324418764227777,True
United_States_of_America.regions.New Mexico:Colfax,111.56174334140437,0.6210653753026635,112.31364526206706,0.7027534345327504,True
United_States_of_America.regions.New Mexico:Doña Ana,69.2227602905569,0.4200968523002422,105.12186839170123,0.6106484261675627,True
United_States_of_America.regions.New Mexico:Eddy,107.23728813559322,0.7615012106537532,116.99242326399018,1.3299419140889497,True
United_States_of_America.regions.New Mexico:Grant,105.61380145278451,0.6210653753026635,105.84636714828883,0.7027534345327504,True
United_States_of_America.regions.New Mexico:Lea,111.8498789346247,0.6210653753026635,125.31779816201727,0.7027534345327504,True
United_States_of_America.regions.New Mexico:Lincoln,114.55569007263922,0.6210653753026635,122.82148827352462,0.7027534345327504,True
United_States_of_America.regions.New Mexico:San Miguel,114.79539951573851,0.6210653753026635,126.01235856215098,0.7027534345327504,True
United_States_of_America.regions.New Mexico:Sandoval,69.55690072639226,2.4164648910411626,45.6184867896265,1.3671420777357823,True
United_States_of_America.regions.New Mexico:Sierra,8.160371106693175,0.0,5.7443003224728875,0.0,True
United_States_of_America.regions.New Mexico:Union,16.64610866372981,0.0,52.97414443001554,0.0,True
United_States_of_America.regions.Oregon:Grant,115.363196125908,0.6210653753026635,121.98723707256609,0.7027534345327504,True
United_States_of_America.regions.Oregon:Lane,88.818401937046,0.7130750605326878,122.41446528299043,0.7268355157462612,True
United_States_of_America.regions.Texas:Pecos,104.99878934624698,0.6210653753026635,81.71316261230423,0.7027534345327504,True
United_States_of_America.regions.Texas:Webb,92.63317191283294,7.4757869249394675,76.19048926457829,2.2239748378969195,True
United_States_of_America.regions.Utah:Emery,112.09806295399515,0.6210653753026635,106.99364244793347,0.7027534345327504,True
United_States_of_America.regions.Utah:Grand,113.75665859564164,0.6210653753026635,107.5725984572406,0.7027534345327504,True
United_States_of_America.regions.Utah:Kane,113.41888619854721,0.6210653753026635,114.03071461235407,0.7027534345327504,True
United_States_of_America.regions.Utah:Uintah,111.00726392251818,0.6210653753026635,119.53878373646327,0.7027534345327504,True
United_States_of_America.regions.Washington:Yakima,306.56416464891043,16.513317191283296,55.40512554825334,6.127149570806986,True
United_States_of_America.regions.Wyoming:Albany,110.31476997578693,0.6210653753026635,118.06395591108812,0.7027534345327504,True
United_States_of_America.regions.Wyoming:Campbell,102.46004842615014,0.6210653753026635,105.08575250978745,0.7027534345327504,True
United_States_of_America.regions.Wyoming:Converse,102.2590799031477,0.6210653753026635,78.95085059189678,0.7027534345327504,True
United_States_of_America.regions.Wyoming:Johnson,105.35230024213074,0.5472154963680387,107.3414001205684,8.601145745032504,True
United_States_of_America.regions.Wyoming:Lincoln,108.57506053268767,0.6210653753026635,109.65847520862279,0.7027534345327504,True
United_States_of_America.regions.Wyoming:Sublette,113.58232445520582,0.6210653753026635,114.00229377483213,0.7027534345327504,True
United_States_of_America.regions.Wyoming:Teton,73.45399515738501,0.4346246973365618,161.77045966870938,0.6425240581238574,True
Brazil.regions.AM:Barcelos,44.401709401709404,4.316239316239315,228.65340233883103,15.694274293648887,False
Brazil.regions.AM:São Gabriel da Cachoeira,59.768765133171925,2.7663438256658597,42.10800310365552,6.731644776705339,False
Brazil.regions.PA:Oriximiná,41.43193485572668,1.8445742609311382,45.49718574403558,2.5636926178904496,False
Iceland,693.9842615012108,1.4830508474576272,99.82647602048623,0.39527407512908447,False
Sweden.regions.Norrbotten,49.86682808716707,5.054479418886199,95.21666016827132,1.5629602443491772,False
United_States_of_America.regions.Alaska:Bethel Census Area,115.31476997578693,0.6210653753026635,126.17363794950778,0.7027534345327504,False
Cyprus,304.3014527845036,7.18401937046005,98.29893350333008,0.5580977873009856,False
Djibouti,372.82445520581115,0.8861985472154965,80.87342360652525,0.6607115853943584,False
Eswatini,103.2360774818402,0.34866828087167073,130.6490523603383,0.6828267999730582,False
Fiji,103.58111380145279,0.6210653753026635,129.98721421525943,0.7027534345327504,False
Sweden.regions.Skåne,162.2760290556901,7.349878934624698,114.78980401023215,0.37730737581054596,False
Timor_Leste,102.7905569007264,0.6210653753026635,130.59790080647852,0.7027534345327504,False
United_States_of_America.regions.Arizona:Pima,260.6694915254237,15.843825665859564,96.3195901368418,0.8694055642786674,False
United_States_of_America.regions.California:Fresno,28.599273607748188,1.3777239709443099,120.76760201477957,0.5237789771735506,False
United_States_of_America.regions.California:Kern,314.5617433414044,1.9128329297820825,90.07911830487936,0.6663074849491882,False
United_States_of_America.regions.Hawaii,158.77966101694918,2.7106537530266346,112.24617521857519,0.5163506254088985,False
United_States_of_America.regions.Vermont,291.47699757869253,15.717917675544797,72.90516326138179,1.9157194954143253,False
Congo,46.70338983050848,3.61138014527845,130.04058543435437,0.6895488957406942,False
Norway,2684.6053268765136,17.006053268765132,83.29517147101367,0.4706615902113648,False
Latvia,212.88377723970947,0.2627118644067797,114.58267163142615,0.6747264528292692,False
Lithuania,219.82566585956417,3.962469733656175,119.6459497003881,0.5844453833015727,False
United_States_of_America.regions.California:San Bernardino,676.5629539951575,31.416464891041166,96.5305057828037,0.8060494187272376,False
United_States_of_America.regions.West Virginia,490.6876513317192,12.549636803874094,100.51272685106386,0.3949558338664888,False
Guatemala,40.64406779661017,3.5254237288135593,130.80736389444178,0.6923720747417555,False
Malawi,90.04721549636804,2.030266343825666,131.48065143137796,0.7031537981111902,False
Finland,110.64285714285715,0.6210653753026635,131.56465590824467,0.7027534345327504,False
Oman,31.49152542372882,0.4346246973365618,129.73914038064186,0.6988929658663092,False
Guyana,83.0593220338983,3.894673123486683,127.18208791278161,0.5840198378744086,False
United_States_of_America.regions.North Dakota,128.33414043583537,4.308716707021792,100.95192861270374,0.39387713188482,False
United_States_of_America.regions.South Dakota,388.12227602905574,3.2796610169491527,74.73845382599401,0.5286805348222542,False
Georgia,56.99273607748185,0.5242130750605327,129.69006625150755,0.7001575540652583,False
Ireland,2382.6876513317193,64.58353510895884,80.65379817613828,0.642121134733065,False
Panama,1961.9951573849883,52.40920096852301,85.9224423750279,0.7007849575895778,False
United_States_of_America.regions.South Carolina,1523.1198547215497,37.57506053268766,99.83226958083965,0.3938935998940069,False
Azerbaijan,114.36319612590799,2.3462469733656177,129.34787052619953,0.684232588639286,False
Czechia,2530.67191283293,31.760290556900724,106.75667975951279,0.4489600370310502,False
Hungary,486.5205811138015,33.47215496368039,125.49678898912909,0.4658596295293224,False
Jordan,101.94188861985472,2.277239709443099,129.52686791872966,0.6821543466286981,False
Portugal,6398.030266343827,160.56658595641647,69.51293359014619,0.864951121668017,False
United_Arab_Emirates,102.91041162227603,0.6210653753026635,131.52192653502712,0.7027534345327504,False
Brazil.regions.MG:Contagem,87.64043583535108,0.30145278450363194,126.82008993700961,0.5750963969087747,False
Brazil.regions.MG:Uberlândia,76.0944309927361,2.2312348668280872,124.3389548107001,0.5500436938771461,False
Brazil.regions.MS:Campo Grande,79.83292978208233,0.42978208232445525,125.6508734906919,0.6068180067396798,False
Brazil.regions.PB:João Pessoa,26.836561743341402,12.76997578692494,115.30265170528226,0.9524743625077995,False
Brazil.regions.PE:Jaboatão dos Guararapes,17.871670702179177,10.520581113801454,115.58311277446334,0.8837022422745476,False
Brazil.regions.PI:Teresina,28.09200968523002,4.3607748184019375,120.08539842851117,0.5640282445565817,False
Brazil.regions.RJ:Duque de Caxias,88.26150121065375,38.17917675544794,109.46505279837243,3.5165169984346187,False
Brazil.regions.RJ:Nova Iguaçu,144.34624697336562,22.96489104116223,102.47286825016549,2.1696314331693487,False
Brazil.regions.RN:Natal,33.458837772397096,2.1234866828087164,117.62078808382387,0.5311765308314091,False
Brazil.regions.SE:Aracaju,86.88619854721551,2.371670702179177,126.31427932872397,0.6058293441278406,False
Brazil.regions.SP:Osasco,87.92372881355932,17.944309927360777,102.97166802036014,1.955450578345417,False
Brazil.regions.SP:Ribeirão Preto,67.11380145278451,4.703389830508475,119.84390002139239,0.5836793143220678,False
Brazil.regions.SP:Santo André,54.97336561743342,5.823244552058112,110.27394287918304,0.4514994917330922,False
Brazil.regions.SP:Sorocaba,56.78934624697337,11.503631961259082,120.97060039859849,1.1399818265976431,False
Brazil.regions.SP:São Bernardo do Campo,74.68401937046006,11.004842615012107,108.9871824627204,0.7221917031404975,False
Brazil.regions.SP:São José dos Campos,54.00726392251816,1.474576271186441,118.52181581089586,0.5325444488881528,False
Comoros,15.068396226415095,0.9709119496855345,4.689025428353689,0.11665100161782754,False
United_States_of_America.regions.California:San Francisco,110.06779661016948,0.6210653753026635,130.9541925799977,0.7027534345327504,False
United_States_of_America.regions.California:San Joaquin,98.37288135593221,10.214285714285715,105.42732118365582,0.9415956227923213,False
United_States_of_America.regions.California:San Mateo,204.18644067796612,7.911622276029056,91.2138542138662,0.5356556400783677,False
United_States_of_America.regions.California:Ventura,106.19128329297821,6.35956416464891,106.27452516615747,0.5005966905301681,False
United_States_of_America.regions.Colorado:Denver,538.9600484261503,18.444309927360777,57.288898402680346,1.9189581873573802,False
United_States_of_America.regions.Colorado:El Paso,212.53268765133174,18.46852300242131,87.9580948736513,1.9470951054822097,False
United_States_of_America.regions.Connecticut:Fairfield,3053.0653753026636,127.88014527845037,204.6497108055203,12.91930228431841,False
United_States_of_America.regions.Connecticut:Hartford,1710.6138014527849,143.91041162227603,74.23879782145525,15.505414712147678,False
United_States_of_America.regions.Connecticut:New Haven,2528.3184019370465,127.29418886198548,177.99445113804555,14.262348253700061,False
United_States_of_America.regions.Delaware,991.8801452784504,25.47941888619855,34.639194184796814,1.9776171954660184,False
United_States_of_America.regions.District of Columbia,823.7893462469734,22.426150121065376,27.24722667995467,2.562885694444838,False
United_States_of_America.regions.District of Columbia:District of Columbia,823.7893462469734,22.426150121065376,27.24722667995467,2.562885694444838,False
United_States_of_America.regions.Florida:Duval,377.2372881355933,9.016949152542374,85.62753511010504,0.6431942952796281,False
United_States_of_America.regions.Florida:Lee,182.8038740920097,8.938256658595641,92.85334637835263,0.7277253676220526,False
United_States_of_America.regions.Florida:Pinellas,204.68280871670703,7.707021791767554,99.58636955627901,0.4947862007153267,False
United_States_of_America.regions.Florida:Polk,130.03510895883778,8.391041162227603,102.28779837337866,0.7149495748896946,False
United_States_of_America.regions.Georgia:Cobb,308.0254237288136,19.514527845036323,79.01988611499092,1.9461752800529626,False
United_States_of_America.regions.Georgia:DeKalb,491.29661016949154,8.570217917675546,63.30554504480561,0.6025270486898329,False
United_States_of_America.regions.Georgia:Gwinnett,265.7663438256659,9.615012106537531,91.09109044115219,0.4233719369816753,False
United_States_of_America.regions.Hawaii:Honolulu,89.93099273607749,1.669491525423729,111.1091599090408,0.5241174616041351,False
United_States_of_America.regions.Illinois:DuPage,892.6150121065376,45.12227602905569,56.38744595511699,4.253612430406757,False
United_States_of_America.regions.Illinois:Lake,887.8220338983052,29.7953995157385,38.70146715996106,3.6640716196341128,False
United_States_of_America.regions.Indiana:Marion,1281.642857142857,44.6089588377724,35.13114085782495,3.9863268316421383,False
United_States_of_America.regions.Kentucky:Jefferson,178.23728813559325,20.82808716707022,93.47994137044748,2.0946325094329237,False
United_States_of_America.regions.Maryland:Baltimore,699.3704600484263,17.45520581113802,46.45176227990707,1.482033442733851,False
United_States_of_America.regions.Maryland:Prince George's,1016.1658595641646,29.64164648910412,18.525918222307123,2.6252805801183903,False
United_States_of_America.regions.Massachusetts:Essex,1913.1840193704602,63.15738498789347,126.07064045831063,7.380352029008255,False
United_States_of_America.regions.Massachusetts:Norfolk,639.3329297820823,16.4636803874092,27.609824270117024,1.7145286938266096,False
United_States_of_America.regions.Massachusetts:Suffolk,112.51573849878935,0.6210653753026635,131.1897269930572,0.7027534345327504,False
United_States_of_America.regions.Massachusetts:Worcester,927.4903147699758,24.800242130750608,26.584286923828767,2.3577611564669185,False
United_States_of_America.regions.Michigan:Macomb,2446.732445520581,192.53874092009687,161.7050650849286,21.398618954445332,False
United_States_of_America.regions.Missouri:Jackson,98.05084745762713,6.715496368038742,106.36353228830737,0.6636558577142686,False
United_States_of_America.regions.Missouri:St. Louis,733.901937046005,17.82808716707022,51.80103018086706,1.152915420720732,False
United_States_of_America.regions.New Jersey:Bergen,3926.0726392251822,143.37893462469734,302.58240812711523,14.744542323253654,False
United_States_of_America.regions.New Jersey:Essex,5300.2651331719135,327.2675544794189,546.3354256560006,40.33590482820658,False
United_States_of_America.regions.New Jersey:Hudson,4134.342615012107,125.16949152542374,500.8151777823891,18.00519430729104,False
United_States_of_America.regions.New Jersey:Middlesex,3718.5145278450373,133.21186440677965,333.2904463010694,15.518200843095153,False
United_States_of_America.regions.New York:Erie,1256.8474576271187,76.5629539951574,61.84008039499755,7.698667197016987,False
United_States_of_America.regions.New York:Monroe,456.3886198547215,26.243341404358354,71.63359364922746,2.918909180517874,False
United_States_of_America.regions.New York:Westchester,9479.013317191284,150.03753026634385,860.1135190630413,14.869097865784402,False
United_States_of_America.regions.Ohio:Hamilton,475.58232445520594,26.196125907990314,81.17316106538937,2.577745283258905,False
United_States_of_America.regions.Oklahoma:Oklahoma,225.78813559322035,13.507263922518161,94.00057838225499,1.154443698779294,False
United_States_of_America.regions.Oregon:Multnomah,127.51815980629542,10.56174334140436,102.05620355749255,0.6729911591164272,False
United_States_of_America.regions.Pennsylvania:Montgomery,955.5096852300244,31.36319612590799,27.234773762933347,3.1465285619663685,False
United_States_of_America.regions.Tennessee:Davidson,708.6053268765133,7.412832929782082,53.09091789853975,0.5939827243770939,False
United_States_of_America.regions.Tennessee:Shelby,594.3377723970945,12.294188861985473,65.38492375943315,0.6835557593183904,False
United_States_of_America.regions.Texas:Denton,300.9430992736078,9.828087167070217,94.51571642038891,0.7146892921536725,False
United_States_of_America.regions.Texas:El Paso,128.08353510895884,2.221549636803874,102.5434060691126,0.4061624655558022,False
United_States_of_America.regions.Texas:Fort Bend,90.19007263922518,2.8135593220338984,106.22333581671053,0.3711841001395661,False
United_States_of_America.regions.Texas:Hidalgo,129.69370460048427,2.451573849878935,108.46218257716875,0.5547502199029286,False
United_States_of_America.regions.Utah:Utah,177.94673123486683,1.3135593220338984,90.89258370990962,0.42265530656820804,False
United_States_of_America.regions.Washington:Pierce,398.08716707021796,8.920096852300242,78.74338983255716,0.5480198885585481,False
United_States_of_America.regions.Washington:Snohomish,115.2675544794189,0.6210653753026635,131.53504557809325,0.7027534345327504,False
United_States_of_America.regions.Wisconsin:Milwaukee,1242.719128329298,66.66101694915254,64.72841212816483,6.411578023464092,False
Costa_Rica,249.93099273607754,1.4152542372881358,124.34200640866554,0.6982008674443697,False
Denmark,1779.0024213075062,52.453995157385,101.13575114381294,0.3191933376594268,False
Slovakia,323.7675544794189,0.42978208232445525,123.58827455621793,0.6883509735874491,False
Brazil.regions.AM:Manaus,718.5060532687653,56.069007263922515,93.46871381327145,1.8944168784707769,False
Brazil.regions.PR:Curitiba,94.8995157384988,3.299031476997579,120.9801387826953,0.5673529563360883,False
Gambia,109.2445520581114,0.728813559322034,131.35611459489496,0.7074790206696587,False
Kosovo,207.9007263922518,7.138014527845035,114.1341576054954,0.48552726121290063,False
Sweden.regions.Stockholm,1608.4733656174335,131.44673123486683,66.37801067259659,4.931240185692523,False
United_States_of_America.regions.California:Santa Clara,104.2590799031477,0.5254237288135594,131.04046680440226,0.6977923873938049,False
United_States_of_America.regions.Florida:Broward,1421.1573849878937,32.81961259079903,61.81861748485667,1.0097135210608552,False
United_States_of_America.regions.Texas:Bexar,102.01694915254238,0.572639225181598,130.88194685006764,0.7003364220578648,False
United_States_of_America.regions.Texas:Tarrant,409.7615012106537,14.650121065375302,106.64611551796122,0.37508155114018926,False
United_States_of_America.regions.Washington:King,1569.89588377724,117.66343825665861,66.69352325720081,4.54784354431213,False
Bulgaria,329.1864406779661,15.510895883777241,125.32527038080062,0.5876035341884137,False
Nicaragua,108.4769975786925,0.7723970944309928,131.54634857456017,0.6969300247400351,False
United_States_of_America.regions.Tennessee,2431.002421307506,41.38498789346247,94.57600619155802,0.3369777715320287,False
Greece,706.1937046004842,25.807506053268764,124.0007913619631,0.545142383232785,False
United_States_of_America.regions.North Carolina,1533.162227602906,22.785714285714285,115.94098435805421,0.5072819770791962,False
Israel,1346.8196125907991,3.6259079903147704,115.19868566759695,0.6565556788115466,False
United_States_of_America.regions.California:Los Angeles,114.59564164648911,0.6210653753026635,131.65071516846123,0.7027534345327504,False
United_States_of_America.regions.New Jersey,24503.188861985476,701.3486682808716,146.5883162715537,7.200362054509641,False
United_States_of_America,92.61138014527846,0.6210653753026635,131.66050252169933,0.7027534345327504,False
Zimbabwe,97.37409200968524,2.0956416464891046,131.52793851838845,0.7005231312094559,False
Turkey,38686.29055690073,840.1440677966101,85.54244279488294,0.5138010165985895,False
Austria,5183.076271186442,55.74818401937046,72.00602883986377,0.31184568113492994,False
Sierra_Leone,28.589588377723974,5.226392251815981,130.16693569699112,0.6463523480214601,False
Brazil.regions.CE,1986.8184019370462,110.89225181598064,108.67644669927613,0.5767134010472934,False
Tajikistan,1240.514409221902,30.208933717579253,5.253229643348044,0.33193577379288575,False
United_States_of_America.regions.Georgia,4054.359564164649,145.3220338983051,92.38644752551242,0.671808917118943,False
United_States_of_America.regions.Michigan,16044.490314769979,935.0702179176757,53.378417357017746,8.666473373190422,False
Bahrain,209.25181598062957,1.3498789346246973,111.61672513967476,0.6189801897117077,False
Brazil.regions.AL:Maceió,92.09200968523002,1.0496368038740922,129.18178066694026,0.6107913319678878,False
Brazil.regions.GO:Goiânia,36.152542372881356,3.657384987893462,124.71796244206334,0.5302720887137032,False
Brazil.regions.MA:São Luís,774.1380145278451,44.34745762711865,54.67798478807561,3.3783043721348585,False
Brazil.regions.PA:Belém,289.00121065375305,18.26392251815981,104.5164160270976,0.5623647131389867,False
Brazil.regions.PE:Recife,378.2736077481841,35.24939467312349,101.61249826992048,1.4768583752282947,False
Brazil.regions.RJ:São Gonçalo,36.15375302663439,9.805084745762713,120.61603523020285,0.542401051026066,False
Brazil.regions.RS:Porto Alegre,129.4128329297821,4.272397094430993,115.72664976437268,0.5868913285003625,False
Brazil.regions.SP:Campinas,38.978208232445525,5.121065375302663,121.12682140366478,0.5484144940452648,False
Brazil.regions.SP:Guarulhos,89.4636803874092,18.854721549636807,116.75975846682692,0.7149700465602363,False
Mauritius,171.89104116222762,7.198547215496369,113.8964386323646,0.7017009442372802,False
Trinidad_and_Tobago,82.40193704600485,5.335351089588378,124.84528609004009,0.6365526534241592,False
United_States_of_America.regions.California:Alameda,190.05205811138018,5.7590799031477,113.34019827855141,0.4492253658165838,False
United_States_of_America.regions.California:Contra Costa,123.38619854721549,3.119854721549637,110.88679296535692,0.5079616946311415,False
United_States_of_America.regions.California:Sacramento,44.23728813559322,2.360774818401937,126.9015508458676,0.5958111491671573,False
United_States_of_America.regions.Florida:Hillsborough,153.36803874092013,2.0629539951573848,113.38014399702526,0.5621928201768325,False
United_States_of_America.regions.Florida:Orange,648.7493946731236,11.399515738498788,88.09448462396041,0.49355333280974234,False
United_States_of_America.regions.Florida:Palm Beach,1088.1513317191284,62.254237288135606,67.98174847858543,3.497978986843831,False
United_States_of_America.regions.Georgia:Fulton,453.59322033898314,17.16949152542373,78.24046665509739,0.969390395480342,False
United_States_of_America.regions.Maryland:Montgomery,513.7457627118645,12.560532687651333,72.09369960028677,0.5724525092890275,False
United_States_of_America.regions.Massachusetts:Middlesex,2045.6368038740923,45.653753026634384,19.434083519942725,2.1684289886081123,False
United_States_of_America.regions.Michigan:Oakland,3119.203389830509,204.71912832929786,125.97451377425779,15.625395914107221,False
United_States_of_America.regions.Michigan:Wayne,7326.520581113802,436.76029055690077,294.19272935684495,24.299853597490326,False
United_States_of_America.regions.Minnesota:Hennepin,316.3765133171913,27.40677966101695,99.72115748445806,1.5114109631310684,False
United_States_of_America.regions.New York:Nassau,10748.457627118645,345.98668280871675,669.2816436151215,24.840884100363784,False
United_States_of_America.regions.New York:Suffolk,11703.467312348668,253.03389830508473,669.0286713719966,16.475547520186055,False
United_States_of_America.regions.North Carolina:Mecklenburg,610.9007263922518,9.904358353510895,82.13554676760914,0.40672467889088065,False
United_States_of_America.regions.North Carolina:Wake,70.64285714285715,0.6210653753026635,114.8534958335646,0.7027534345327504,False
United_States_of_America.regions.Ohio:Cuyahoga,649.1755447941889,16.336561743341406,80.78640479554315,0.6702537357896331,False
United_States_of_America.regions.Ohio:Franklin,739.7530266343826,14.963680387409202,78.83013895131346,0.5558749164574447,False
United_States_of_America.regions.Pennsylvania:Allegheny,573.3874092009686,22.70944309927361,88.72325870083532,1.2158029079197308,False
United_States_of_America.regions.Pennsylvania:Philadelphia,3839.297820823245,94.2820823244552,118.66875275304021,5.28836483466331,False
United_States_of_America.regions.Rhode Island,375.5108958837772,9.575060532687651,85.24808652356533,0.31107343248940755,False
United_States_of_America.regions.Texas:Collin,164.20581113801455,3.9079903147699757,105.11504510201047,0.43657411353736103,False
United_States_of_America.regions.Texas:Travis,516.1331719128331,9.732445520581116,87.21807785139993,0.4192538808563006,False
United_States_of_America.regions.Utah:Salt Lake,79.2046004842615,0.4346246973365618,114.92095728731219,0.6866870149023782,False
United_States_of_America.regions.Virginia:Fairfax,363.3498789346247,7.504842615012108,89.98815249371243,0.3456889719273182,False
Brazil.regions.RO,33.39709443099274,3.2881355932203395,123.26402886683712,0.5893328772713262,False
Gabon,69.5544794188862,0.7106537530266345,129.38363081119414,0.7069807470676489,False
United_States_of_America.regions.Wyoming,121.20338983050846,0.3462469733656175,93.35329549078314,0.6088311741257487,False
Uzbekistan,765.5907990314771,2.7832929782082325,128.99211706332872,0.6995573915014622,False
Brazil.regions.TO,91.13438256658596,0.3849878934624697,129.79261081234387,0.6600344214108581,False
United_States_of_America.regions.Nevada,1258.271186440678,41.93583535108959,87.50408533371586,0.6788941419663702,False
Benin,87.90677966101694,0.47457627118644075,131.3909531250633,0.701477957894636,False
Cuba,351.08837772397095,13.016949152542374,127.5454969835595,0.6379076878843082,False
United_States_of_America.regions.Ohio,4029.2953995157386,157.68644067796612,96.80836426650455,0.6578624440349473,False
United_States_of_America.regions.Pennsylvania,9905.249394673125,199.51452784503635,53.9837808125505,0.8605629627890955,False
Niger,377.18159806295404,15.868038740920099,129.46934274738751,0.6808091718302197,False
United_Kingdom,51.888619854721554,0.3365617433414044,131.56991309703227,0.7021871553464842,False
South_Africa,1138.1573849878935,8.502421307506053,129.49713906589395,0.6907180578433961,False
Belize,102.85593220338983,1.2384987893462471,127.81106587862952,0.6894797965838797,False
Brazil.regions.AC:Feijó,4.449612403100775,0.0,2.514792188928432,0.0,False
Brazil.regions.AC:Sena Madureira,30.586694604504977,0.3666841278156103,72.331238218758,0.7997821667588777,False
Brazil.regions.AM:Boca do Acre,109.49636803874093,0.6573849878934624,111.69568919079683,0.8086168267176607,False
Brazil.regions.AM:Carauari,55.37090041741205,1.0447227191413238,318.1076601683213,4.412359669839571,False
Brazil.regions.AM:Itamarati,1.2,0.0,26.495850103626783,0.0,False
Brazil.regions.AM:Presidente Figueiredo,34.18886198547216,4.276029055690072,174.80771297671478,12.795673840179166,False
Brazil.regions.AM:Tefé,199.91041162227603,15.462469733656173,396.5950935441704,26.170770114664123,False
Brazil.regions.AM:Urucará,56.347266035751844,1.9058885383806519,424.21870633754924,11.724215910314049,False
Brazil.regions.AP:Laranjal do Jari,106.0085744908896,12.518756698821008,286.3204845043669,25.148999454879064,False
Brazil.regions.AP:Oiapoque,88.70338983050848,0.44794188861985473,44.770378882329695,1.8144474380968858,False
Brazil.regions.MT:Aripuanã,114.02905569007264,0.7360774818401937,122.68492496106187,3.6569865278294245,False
Brazil.regions.MT:Cáceres,106.84382566585957,0.6973365617433415,121.58167858076828,0.7769507826348434,False
Brazil.regions.MT:Juína,3.0,1.0,9.93295649875438,2.4392028685025733,False
Brazil.regions.PA:Alenquer,18.463675213675213,0.0,18.42461159629823,0.0,False
Brazil.regions.PA:Portel,53.991850989522696,7.019790454016298,89.22160915444172,11.314395586957911,False
Brazil.regions.PA:Óbidos,96.47919053073691,0.6338297059946545,105.71702063591555,1.3748612085629748,False
Brazil.regions.RO:Guajará-Mirim,24.6657060518732,10.819884726224787,61.3922998335179,23.43285122845061,False
Brazil.regions.RR:Alto Alegre,107.75544794188863,0.6973365617433415,79.78079582576332,6.564291337019776,False
Brazil.regions.RR:Amajari,9.051222351571594,0.36088474970896395,101.60763577831844,2.820293448804032,False
Sweden.regions.Dalarna,130.2179176755448,28.518159806295404,62.17743093702479,9.443534290917583,False
Sweden.regions.Västernorrland,62.0363196125908,4.969733656174335,103.01676861181114,1.5749938455889014,False
United_States_of_America.regions.Arizona:Apache,58.61622276029056,2.7578692493946733,108.37245238433951,3.9975882471306057,False
United_States_of_America.regions.Arizona:Navajo,218.93704600484264,7.096852300242132,170.6198451549997,6.2550894809272,False
United_States_of_America.regions.Arizona:Yavapai,83.43946731234867,0.5472154963680387,111.23584087562615,0.6713411873795831,False
United_States_of_America.regions.California:Inyo,102.7046004842615,0.20217917675544794,94.35012968275954,1.7401644993975949,False
United_States_of_America.regions.Idaho:Idaho,113.50605326876514,0.6210653753026635,119.59800829969662,0.7027534345327504,False
United_States_of_America.regions.Nevada:Humboldt,90.46489104116223,1.0859564164648912,85.30563348083467,9.439375920630667,False
United_States_of_America.regions.Nevada:Lincoln,2.5933609958506225,0.0,31.05393814868772,0.0,False
United_States_of_America.regions.Nevada:White Pine,113.42857142857142,0.6210653753026635,115.6681092674424,0.7027534345327504,False
United_States_of_America.regions.Oregon:Harney,9.4434250764526,0.0,8.077564646031146,0.0,False
United_States_of_America.regions.Oregon:Malheur,108.26150121065376,0.6210653753026635,108.46709309039147,0.7027534345327504,False
United_States_of_America.regions.Wyoming:Fremont,87.60653753026635,0.5242130750605327,80.73890228946253,0.8673565324429048,False
United_States_of_America.regions.Wyoming:Sweetwater,103.88014527845037,0.6210653753026635,106.96172860018756,0.7027534345327504,False
Sri_Lanka,115.363196125908,0.6210653753026635,131.6637071841062,0.7027534345327504,False
United_States_of_America.regions.Alaska:Yukon-Koyukuk Census Area,115.363196125908,0.6210653753026635,120.03720154917436,0.7027534345327504,False
United_States_of_America.regions.Montana,188.46246973365618,5.325665859564165,106.7290912530252,0.5545902884950477,False
Ukraine,665.1561743341404,21.725181598062957,129.91808709086598,0.6659095282722838,False
United_States_of_America.regions.Oklahoma,844.3486682808718,42.55690072639225,107.39314411950072,0.5370974071692399,False
Uruguay,297.955205811138,5.763922518159807,120.3067957784139,0.6461043833085743,False
Mexico,790.4624697336562,31.10532687651332,130.94970706902993,0.6805955103902185,False
Vietnam,104.89104116222761,0.6210653753026635,131.65322739793538,0.7027534345327504,False
Brazil.regions.GO,68.84140435835351,7.639225181598063,129.04878074869262,0.6271819530712898,False
Brazil.regions.MA,994.7300242130752,54.34745762711865,115.96436269350136,0.37293608606050005,False
Chile,2739.035108958838,20.37409200968523,116.42263748288545,0.6138345880568038,False
Zambia,82.47941888619856,1.2384987893462471,131.37196261296123,0.6994881523254037,False
Switzerland,8701.220338983052,165.05447941888622,40.38772069582726,1.2425845364513552,False
Togo,78.66101694915255,1.1610169491525426,131.12673378475682,0.6926558216827637,False
Tunisia,193.39346246973366,9.564164648910412,128.9916256647169,0.646634106503813,False
United_States_of_America.regions.Illinois,114.1138014527845,0.6210653753026635,131.6505707030922,0.7027534345327504,False
Brazil.regions.AC:Tarauacá,34.987510766580534,1.2661498708010337,89.44829858467075,2.974486975358925,False
Brazil.regions.AM:Beruri,21.120168235529743,3.573603044261967,239.6899092947625,18.404720001236804,False
Brazil.regions.AM:Codajás,8.898188937836515,0.7366617719040626,26.839649808435855,2.5724125149424264,False
Brazil.regions.AM:Eirunepé,20.724375538329028,0.0,68.78620163525086,0.0,False
Brazil.regions.AM:Juruá,47.340945300053114,0.1982651796778191,56.434638445326726,0.3848141875041083,False
Brazil.regions.AM:Maraã,17.7008547008547,0.29914529914529914,176.71842264315018,1.6414908864425983,False
Brazil.regions.AM:Nhamundá,11.205573321151208,0.8154408405664686,58.89837971478506,3.8513240474494332,False
Brazil.regions.AM:São Paulo de Olivença,28.472154963680392,1.3305084745762712,132.32252450338623,4.263209693991982,False
Brazil.regions.AP:Calçoene,1.9237421383647801,0.3223270440251572,57.24139256783069,2.89940671066976,False
Brazil.regions.AP:Mazagão,61.0968563064783,0.48873615883925164,90.89063928930184,3.546688428405879,False
Brazil.regions.BA:São Desidério,1.4666666666666666,0.0,10.942400885877799,0.0,False
Brazil.regions.MA:Balsas,32.21419720304478,0.1699415825809878,32.06571754738137,0.1922938157203175,False
Brazil.regions.MS:Ribas do Rio Pardo,4.54356846473029,0.0,31.443671406485787,0.0,False
Brazil.regions.MT:Peixoto de Azevedo,6.571685878962537,0.0,30.96902138880804,0.0,False
Brazil.regions.MT:Poconé,10.852208380520953,0.0,8.7917738408126,0.0,False
Brazil.regions.MT:Querência,15.840109639104613,0.7195066240292372,21.29630198972633,4.116406110356639,False
Brazil.regions.MT:Sapezal,1.8,0.0,7.782921832451862,0.0,False
Brazil.regions.MT:São Félix do Araguaia,2.8545454545454545,0.0,4.17963876932512,0.0,False
Brazil.regions.MT:Vila Bela da Santíssima Trindade,45.699946893255444,0.1699415825809878,44.316184729279954,0.1922938157203175,False
Brazil.regions.PA:Cumaru do Norte,1.8333333333333333,0.0,23.71482384554605,0.0,False
Brazil.regions.PA:Marabá,104.80266343825667,1.0786924939467313,127.52993844316916,0.32961543704110274,False
Brazil.regions.PA:Monte Alegre,80.60075026795285,0.08440514469453377,86.51584545025334,0.2643482540481039,False
Brazil.regions.PA:Novo Repartimento,3.4816983894582725,0.5124450951683749,5.426316828647352,0.6749892585102212,False
Brazil.regions.PA:Ourilândia do Norte,28.252881844380404,0.0,100.81131800924622,0.0,False
Brazil.regions.PA:Paragominas,77.62425765189585,4.7281863864778435,62.76807379959859,4.178873468980373,False
Brazil.regions.PA:Porto de Moz,20.650753768844222,2.3161260849703065,80.16447199673173,5.630548401532287,False
Brazil.regions.PA:Prainha,2.298270893371758,0.0,9.901764094853569,0.0,False
Brazil.regions.PA:Santarém,61.77602905569009,5.354721549636804,110.33666917274938,1.259164732222933,False
Brazil.regions.PA:Senador José Porfírio,7.630331753554503,0.6255924170616115,103.6425895795315,5.366207042902826,False
Brazil.regions.RR:Iracema,1.1333333333333333,0.8,20.659178354502973,6.694560669456067,False
Brazil.regions.TO:Formoso do Araguaia,1.9809663250366034,0.0,24.161704396004772,0.0,False
New_Caledonia,105.08353510895884,0.6210653753026635,125.69933806977188,0.7027534345327504,False
Sweden.regions.Gävleborg,43.78450363196126,10.018159806295401,81.34164000641157,3.010154109988066,False
Sweden.regions.Värmland,86.3547215496368,0.5,116.46035407926439,0.6597434462199405,False
United_States_of_America.regions.Alaska:Fairbanks North Star Borough,80.73123486682809,0.9007263922518162,93.18789597477631,0.9253576523414007,False
United_States_of_America.regions.Alaska:Kodiak Island Borough,80.44781810478746,0.33611071882502475,85.72991845661805,0.38031899930413776,False
United_States_of_America.regions.Arizona:Cochise,95.73365617433416,0.6210653753026635,114.77724904334057,0.7027534345327504,False
United_States_of_America.regions.Arizona:Yuma,93.59806295399517,0.391041162227603,119.59431801757515,0.59515839223595,False
United_States_of_America.regions.California:Siskiyou,111.85230024213075,0.6210653753026635,122.16857146017864,0.7027534345327504,False
United_States_of_America.regions.Idaho:Owyhee,110.13317191283294,0.6210653753026635,95.97053659670502,0.7027534345327504,False
United_States_of_America.regions.Maine:Aroostook,111.94309927360776,0.6210653753026635,125.09573877337316,0.7027534345327504,False
United_States_of_America.regions.Minnesota:St. Louis,83.26513317191284,5.6707021791767565,111.44048058169203,2.457827041922476,False
United_States_of_America.regions.Montana:Beaverhead,115.363196125908,0.6210653753026635,123.45979735536785,0.7027534345327504,False
United_States_of_America.regions.Montana:Flathead,94.84866828087168,0.44188861985472155,109.59217970718677,0.470687889733637,False
United_States_of_America.regions.Nebraska:Cherry,115.363196125908,0.6210653753026635,120.61243711790932,0.7027534345327504,False
United_States_of_America.regions.Nevada:Lander,29.940933032355154,0.11851015801354402,236.8150220637629,0.1340976713288042,False
United_States_of_America.regions.Nevada:Washoe,80.95036319612592,3.570217917675545,90.06097361219507,0.42033992134837633,False
United_States_of_America.regions.New Mexico:Catron,115.13317191283294,0.391041162227603,110.26549476528874,17.146408787578107,False
United_States_of_America.regions.New Mexico:Chaves,102.16707021791768,0.22760290556900728,111.60456069767375,0.37189102541985286,False
United_States_of_America.regions.New Mexico:McKinley,220.2917675544794,4.330508474576272,340.0219512601469,6.235430669995863,False
United_States_of_America.regions.New Mexico:Otero,109.87893462469735,0.6210653753026635,122.10740798235878,0.7027534345327504,False
United_States_of_America.regions.New Mexico:Rio Arriba,105.23002421307507,0.6210653753026635,107.75805987374582,0.7027534345327504,False
United_States_of_America.regions.New Mexico:San Juan,166.96246973365618,16.412832929782084,96.9038274226121,13.038915763973796,False
United_States_of_America.regions.New Mexico:Socorro,107.32929782082324,0.4794188861985473,81.39417663435546,0.8007084964569415,False
United_States_of_America.regions.Oregon:Douglas,106.53268765133171,0.6210653753026635,122.81041189789913,0.7027534345327504,False
United_States_of_America.regions.Oregon:Klamath,103.86561743341404,0.6210653753026635,113.3536310816475,0.7027534345327504,False
United_States_of_America.regions.Texas:Brewster,5.422169811320755,0.0,4.277702115057362,0.0,False
United_States_of_America.regions.Utah:Box Elder,104.69612590799032,0.3075060532687652,112.83047197141002,0.4277639697211177,False
United_States_of_America.regions.Utah:Garfield,114.50363196125909,0.6210653753026635,102.76683408194559,0.7027534345327504,False
United_States_of_America.regions.Utah:Millard,111.57142857142857,0.6210653753026635,113.09173203343552,0.7027534345327504,False
United_States_of_America.regions.Utah:San Juan,72.85351089588379,1.047215496368039,167.08034237287927,8.945780526092372,False
United_States_of_America.regions.Utah:Tooele,90.79539951573851,0.6210653753026635,97.81069209538431,0.7027534345327504,False
United_States_of_America.regions.Washington:Okanogan,102.3268765133172,0.26271186440677974,103.93092517369296,0.6802517398148563,False
United_States_of_America.regions.Wyoming:Carbon,112.45157384987894,0.6210653753026635,115.64540063860379,0.7027534345327504,False
United_States_of_America.regions.Wyoming:Natrona,89.08353510895884,0.6210653753026635,98.69831515228455,0.7027534345327504,False
United_States_of_America.regions.Wyoming:Park,115.363196125908,0.6210653753026635,128.31894642832907,0.7027534345327504,False
United_States_of_America.regions.Alabama,2662.905569007264,80.1319612590799,81.26039573044336,0.9489017485587895,False
United_States_of_America.regions.Wisconsin,111.10048426150121,0.6210653753026635,131.57793505723112,0.7027534345327504,False
Brazil.regions.PE,733.2542372881356,76.8583535108959,122.77838650709279,0.3589950788264519,False
Honduras,172.64285714285714,20.7772397094431,128.6539240480676,0.6103335702716626,False
United_States_of_America.regions.Virginia,2479.9951573849876,64.06416464891042,101.25015199375378,0.3954565408283801,False
Morocco,456.9273607748184,37.261501210653755,130.07770049261455,0.6309357222593169,False
Yemen,73.1452784503632,6.3208232445520585,131.51667305587924,0.685574103508694,False
Brazil.regions.AL:Arapiraca,21.545311268715523,4.033096926713949,47.74215454119237,1.5582623710383936,False
Brazil.regions.BA:Alagoinhas,110.1997578692494,0.6210653753026635,127.59303880269168,0.7027534345327504,False
Brazil.regions.BA:Ilhéus,32.94430992736078,2.062953995157385,70.00483529930892,0.9803987336861124,False
Brazil.regions.BA:Itabuna,70.14648910411623,0.21791767554479421,109.52290212014219,0.3698234120517159,False
Brazil.regions.BA:Lauro de Freitas,94.27360774818402,1.7312348668280872,118.70664188560681,0.7463964481609645,False
Brazil.regions.BA:Santo Antônio de Jesus,3.2566752799310943,0.0,4.085574991368871,0.0,False
Brazil.regions.BA:Simões Filho,102.33171912832931,0.5242130750605327,121.22644787916298,0.6306783768650462,False
Brazil.regions.BA:Teixeira de Freitas,109.21670702179176,0.6210653753026635,127.21531999312752,0.7027534345327504,False
Brazil.regions.CE:Maracanaú,40.11985472154964,11.307506053268765,83.65406467667988,4.531693362800754,False
Brazil.regions.CE:Maranguape,74.78208232445522,3.6271186440677963,99.38997883974518,2.590974192946711,False
Brazil.regions.ES:Cachoeiro de Itapemirim,110.58232445520581,0.6210653753026635,128.90198394235114,0.7027534345327504,False
Brazil.regions.ES:Guarapari,93.75665859564165,0.3958837772397095,113.55306210560765,0.37830644063364327,False
Brazil.regions.GO:Novo Gama,15.017094017094015,0.826923076923077,20.086575613908174,0.7146451736853685,False
Brazil.regions.GO:Senador Canedo,106.98910411622278,0.6210653753026635,123.54315001343333,0.7027534345327504,False
Brazil.regions.GO:Trindade,105.63922518159806,0.6210653753026635,123.26389004950201,0.7027534345327504,False
Brazil.regions.GO:Valparaíso de Goiás,108.5726392251816,0.5242130750605327,126.92898768182962,0.645263406609269,False
Brazil.regions.GO:Águas Lindas de Goiás,109.58111380145279,0.3075060532687652,128.47585230291807,0.5551544315041784,False
Brazil.regions.MA:Paço do Lumiar,47.22881355932203,7.5423728813559325,65.98777785792906,5.9778019446161625,False
Brazil.regions.MA:São José de Ribamar,91.19249394673125,7.501210653753026,57.95317535636108,3.868360957097302,False
Brazil.regions.MA:Timon,89.75302663438258,0.6210653753026635,115.6090310027494,0.7027534345327504,False
Brazil.regions.MG:Barbacena,108.27239709443099,0.3486682808716707,125.77609094729416,0.36181782542638796,False
Brazil.regions.MG:Conselheiro Lafaiete,61.18306499701849,0.2996422182468694,71.70107936794275,0.33905383616238505,False
Brazil.regions.MG:Coronel Fabriciano,113.07506053268766,0.6210653753026635,128.67516215441555,0.7027534345327504,False
Brazil.regions.MG:Divinópolis,102.48668280871671,0.3075060532687652,125.843483124275,0.5711330164351565,False
Brazil.regions.MG:Ibirité,103.61501210653755,0.6210653753026635,124.2755703669595,0.7027534345327504,False
Brazil.regions.MG:Itajubá,105.71186440677965,0.2288135593220339,120.5934483239893,0.2978232546190219,False
Brazil.regions.MG:Nova Serrana,108.93220338983053,0.728813559322034,124.4321979398312,0.8076760524515672,False
Brazil.regions.MG:Pouso Alegre,91.42736077481841,1.5169491525423728,113.33114981571208,0.9842522751226526,False
Brazil.regions.MG:Poços de Caldas,109.62832929782083,0.22760290556900728,127.64503181887414,0.4677059308536783,False
Brazil.regions.MG:Sabará,106.8135593220339,0.6210653753026635,124.3880732000255,0.7027534345327504,False
Brazil.regions.MG:Santa Luzia,109.53510895883777,0.6210653753026635,128.55238039506892,0.7027534345327504,False
Brazil.regions.MG:Sete Lagoas,112.61380145278453,0.6210653753026635,130.10372065732966,0.7027534345327504,False
Brazil.regions.MG:Ubá,109.84261501210655,0.6210653753026635,126.02533764923699,0.7027534345327504,False
Brazil.regions.MG:Varginha,99.72154963680389,0.7421307506053268,118.52108432473591,0.7920623468084284,False
Brazil.regions.MG:Vespasiano,51.61582109479306,0.21695594125500672,60.10171396676606,0.24549192230357417,False
Brazil.regions.PA:Abaetetuba,89.33171912832931,0.5254237288135594,114.4993910335946,0.6421048235870793,False
Brazil.regions.PA:Castanhal,73.43341404358354,2.110169491525424,110.2882029889283,0.7374972461601529,False
Brazil.regions.PA:Marituba,84.0593220338983,0.7905569007263923,106.38874566022285,0.5377836967444859,False
Brazil.regions.PB:Patos,98.45157384987894,1.9527845036319615,115.02260625445112,1.689189206547706,False
Brazil.regions.PB:Santa Rita,35.6319612590799,18.253026634382568,50.79070366563658,13.115714058244864,False
Brazil.regions.PE:Cabo de Santo Agostinho,35.12227602905569,18.36682808716707,84.13741065980238,8.468015402871975,False
Brazil.regions.PE:Camaragibe,42.43220338983051,11.346246973365618,56.524982304671866,6.879749257428296,False
Brazil.regions.PE:Garanhuns,87.96610169491527,2.5738498789346247,110.73605492132931,1.6331320391015154,False
Brazil.regions.PE:Igarassu,56.262711864406775,11.823244552058112,72.70883918528736,9.931681936954593,False
Brazil.regions.PE:Santa Cruz do Capibaribe,107.77360774818403,0.6210653753026635,123.71035714071945,0.7027534345327504,False
Brazil.regions.PE:São Lourenço da Mata,46.55932203389831,18.658595641646492,63.2027310611592,16.324236777380307,False
Brazil.regions.PE:Vitória de Santo Antão,40.67917675544794,16.989104116222762,66.98378226441142,11.988620327890352,False
Brazil.regions.PI:Parnaíba,98.21186440677967,1.623486682808717,119.81075139199758,1.037980105951194,False
Brazil.regions.PR:Almirante Tamandaré,110.3256658595642,0.6210653753026635,126.3888014381883,0.7027534345327504,False
Brazil.regions.PR:Apucarana,84.15133002418226,1.5298459971999492,100.2929894446174,1.0541745214594431,False
Brazil.regions.PR:Arapongas,105.42615012106539,0.6598062953995157,121.77390090940668,0.7342432051496494,False
Brazil.regions.PR:Araucária,109.65254237288136,0.6210653753026635,127.00305920919767,0.7027534345327504,False
Brazil.regions.PR:Cambé,109.87530266343828,0.4346246973365618,125.57829016674215,0.5277459927390323,False
Brazil.regions.PR:Colombo,108.63317191283294,0.6210653753026635,128.49671759288492,0.7027534345327504,False
Brazil.regions.PR:Foz do Iguaçu,93.06900726392253,0.572639225181598,120.60526326703473,0.6840222329325363,False
Brazil.regions.PR:Paranaguá,104.52179176755449,1.4963680387409204,123.19234283803739,0.942846009332706,False
Brazil.regions.PR:Pinhais,104.14648910411623,0.26271186440677974,122.39125703670335,0.43159601502725026,False
Brazil.regions.PR:Piraquara,107.21307506053269,0.6210653753026635,123.57344848623958,0.7027534345327504,False
Brazil.regions.PR:Toledo,114.55447941888622,0.6210653753026635,130.38221476806035,0.7027534345327504,False
Brazil.regions.RJ:Angra dos Reis,85.21549636803874,0.33414043583535114,116.14847562668002,0.5619555644896598,False
Brazil.regions.RJ:Araruama,90.69491525423729,0.7409200968523002,110.71307552637796,0.6602725330255683,False
Brazil.regions.RJ:Barra Mansa,112.1537530266344,0.6210653753026635,129.38569214960214,0.7027534345327504,False
Brazil.regions.RJ:Cabo Frio,58.92493946731235,2.914043583535109,102.29150423290463,1.000501770100478,False
Brazil.regions.RJ:Itaboraí,29.884987893462473,5.685230024213076,91.11363644368524,1.9184041266146439,False
Brazil.regions.RJ:Itaguaí,82.30750605326878,4.74455205811138,105.27040654723987,3.3309691415007814,False
Brazil.regions.RJ:Magé,45.33898305084746,4.969733656174334,95.14262828834437,1.578544243069658,False
Brazil.regions.RJ:Maricá,76.00242130750607,6.347457627118644,103.1887148646249,3.6199639427655734,False
Brazil.regions.RJ:Mesquita,53.707021791767566,11.501210653753027,75.26670304650494,6.180874913113622,False
Brazil.regions.RJ:Nilópolis,54.9951573849879,5.092009685230024,88.62618123276981,2.81330962392353,False
Brazil.regions.RJ:Nova Friburgo,78.47941888619856,3.905569007263923,107.46648043302962,1.6717996982560335,False
Brazil.regions.RJ:Queimados,77.69733656174334,2.203389830508475,103.99177723889906,1.1892906175440692,False
Brazil.regions.RJ:Rio das Ostras,89.68280871670703,4.438256658595642,113.34388002306976,2.6550402351768914,False
Brazil.regions.RJ:São Pedro da Aldeia,99.30024213075062,1.2276029055690072,114.99027637246422,1.116111670164162,False
Brazil.regions.RJ:Teresópolis,82.76271186440678,1.6949152542372883,111.56940819763446,0.6546880209237921,False
Brazil.regions.RN:São Gonçalo do Amarante,86.90920096852302,1.2554479418886202,101.64053394942252,1.218706564221198,False
Brazil.regions.RS:Alvorada,110.11016949152544,0.5,128.69500851178387,0.6451868644071407,False
Brazil.regions.RS:Bento Gonçalves,105.1864406779661,0.5254237288135594,121.93278028519839,0.6233524628015467,False
Brazil.regions.RS:Cachoeirinha,103.24939467312349,0.6210653753026635,121.23932719071594,0.7027534345327504,False
Brazil.regions.RS:Erechim,112.71912832929783,0.6210653753026635,128.20522331804986,0.7027534345327504,False
Brazil.regions.RS:Novo Hamburgo,98.51210653753027,1.5230024213075064,121.7560608851371,0.7974476871038514,False
Brazil.regions.RS:Passo Fundo,42.5230024213075,5.880145278450364,92.0615269658666,2.495480806644486,False
Brazil.regions.RS:Santa Cruz do Sul,110.66949152542372,0.4794188861985473,127.3025196562165,0.5941421528617006,False
Brazil.regions.RS:Sapucaia do Sul,103.56537530266344,0.6210653753026635,122.59667853199895,0.7027534345327504,False
Brazil.regions.RS:São Leopoldo,98.36803874092011,0.5242130750605327,123.32177068203723,0.661859014264576,False
Brazil.regions.SC:Balneário Camboriú,80.88861985472155,0.25907990314769974,102.62566828820543,0.37049994764812166,False
Brazil.regions.SC:Brusque,87.76997578692493,0.6210653753026635,108.39108182775892,0.7027534345327504,False
Brazil.regions.SC:Chapecó,107.21186440677968,0.6210653753026635,127.47160274049598,0.7027534345327504,False
Brazil.regions.SC:Criciúma,87.49636803874093,2.4394673123486683,114.48483641233648,1.0132791582998968,False
Brazil.regions.SC:Itajaí,88.14406779661019,1.2711864406779663,115.17467506949599,0.5983725989709735,False
Brazil.regions.SC:Jaraguá do Sul,106.84503631961259,0.6210653753026635,126.24243031918225,0.7027534345327504,False
Brazil.regions.SC:Palhoça,95.13075060532688,0.7421307506053268,117.4185076938009,0.7732234516475215,False
Brazil.regions.SC:São José,89.69854721549638,0.26271186440677974,119.07772521662838,0.5574274586477107,False
Brazil.regions.SC:Tubarão,94.84382566585957,0.9079903147699758,110.1275681533806,0.850389196441986,False
Brazil.regions.SE:Itabaiana,93.88014527845037,0.4794188861985473,108.1078506635568,0.5543190405938062,False
Brazil.regions.SE:Nossa Senhora do Socorro,58.7344587352626,3.705787781350483,32.98454882269602,1.801055895760617,False
Brazil.regions.SP:Americana,84.86803874092011,2.348668280871671,116.72774560705297,0.8667028846555379,False
Brazil.regions.SP:Araras,90.46125907990316,0.9418886198547216,111.84974990994732,0.6834139828151137,False
Brazil.regions.SP:Araçatuba,76.98062953995158,0.8946731234866829,107.31200843072463,0.4711483401554071,False
Brazil.regions.SP:Assis,104.17191283292978,1.1234866828087167,119.82119794334588,1.0680869353040978,False
Brazil.regions.SP:Atibaia,92.7409200968523,0.7336561743341404,113.37766220961608,0.5937499722373294,False
Brazil.regions.SP:Birigui,90.4903147699758,0.6210653753026635,110.11988376175482,0.7027534345327504,False
Brazil.regions.SP:Botucatu,69.29661016949153,2.7978208232445523,94.61861815239695,1.631005071475711,False
Brazil.regions.SP:Bragança Paulista,70.55811138014528,8.444309927360775,97.95395533428395,4.671932518145552,False
Brazil.regions.SP:Caraguatatuba,78.22154963680389,2.7118644067796613,99.09647854085215,2.05943067571379,False
Brazil.regions.SP:Catanduva,91.20702179176757,2.7832929782082325,110.35739731685808,2.0908642260266497,False
Brazil.regions.SP:Cotia,68.73970944309927,3.441888619854722,107.6670442954064,0.9275800172377986,False
Brazil.regions.SP:Cubatão,55.22639225181598,2.9987893462469732,81.52693249016382,2.066731069923573,False
Brazil.regions.SP:Ferraz de Vasconcelos,90.61016949152543,0.3462469733656175,118.38500564909273,0.42295380148031014,False
Brazil.regions.SP:Francisco Morato,61.148910411622275,5.176755447941889,94.63837224526682,2.5943854062832865,False
Brazil.regions.SP:Franco da Rocha,53.1634382566586,8.335351089588379,78.66796544981547,5.094692639227221,False
Brazil.regions.SP:Guaratinguetá,110.59322033898306,0.4346246973365618,126.93098972940582,0.5496797568318836,False
Brazil.regions.SP:Hortolândia,109.07748184019373,0.476997578692494,128.51229728633558,0.6403461689761059,False
Brazil.regions.SP:Indaiatuba,96.45641646489105,2.526634382566586,123.6069835954051,0.589364388025189,False
Brazil.regions.SP:Itapecerica da Serra,50.98547215496368,5.504842615012107,86.15709308712246,2.783958039637974,False
Brazil.regions.SP:Itapetininga,94.87893462469734,0.8983050847457628,118.36229156791201,0.6029957639991006,False
Brazil.regions.SP:Itapevi,48.80992736077482,11.101694915254239,95.87270798660613,4.228992585895058,False
Brazil.regions.SP:Itatiba,106.25544794188863,0.9237288135593222,123.30499615090007,0.7963403277975101,False
Brazil.regions.SP:Itu,102.12227602905568,1.1973365617433416,123.45735000975831,0.5521134635301415,False
Brazil.regions.SP:Jacareí,81.85108958837773,1.8922518159806299,113.75307339458628,0.6947421749939491,False
Brazil.regions.SP:Jandira,80.05447941888622,2.3692493946731235,102.04263628702402,1.690704684339791,False
Brazil.regions.SP:Jaú,92.36561743341404,0.4346246973365618,115.69676827379838,0.5786681125629252,False
Brazil.regions.SP:Leme,88.57286496118111,2.403589156166476,102.04285960774969,2.291502295074486,False
Brazil.regions.SP:Mairiporã,99.19249394673123,2.4104116222760292,114.35883117810468,2.3233069150202423,False
Brazil.regions.SP:Mogi Guaçu,99.76876513317194,0.7106537530266345,120.491008589328,0.7617366180126639,False
Brazil.regions.SP:Ourinhos,98.75181598062954,1.7966101694915255,115.1924940889772,1.5704893853417161,False
Brazil.regions.SP:Pindamonhangaba,102.95278450363196,0.728813559322034,123.65114266993322,0.7667642847890181,False
Brazil.regions.SP:Poá,87.18280871670702,2.7263922518159807,106.57111640766433,2.1473109552764007,False
Brazil.regions.SP:Presidente Prudente,79.07021791767556,2.429782082324455,114.30534719765363,0.8622005676537803,False
Brazil.regions.SP:Ribeirão Pires,83.30266343825667,1.3208232445520582,103.42025235788265,0.870989500524118,False
Brazil.regions.SP:Rio Claro,104.63801452784503,3.587167070217918,125.9881773028755,1.3358818237320742,False
Brazil.regions.SP:Salto,106.08716707021792,0.6210653753026635,122.91897027251777,0.7027534345327504,False
Brazil.regions.SP:Santa Bárbara d'Oeste,101.93946731234868,0.7106537530266345,124.21323525142735,0.7490583202926527,False
Brazil.regions.SP:Santana de Parnaíba,97.13680387409201,0.6210653753026635,117.88072352261811,0.7027534345327504,False
Brazil.regions.SP:Sertãozinho,101.73486682808716,1.3159806295399519,119.31999255666051,1.0300668297331594,False
Brazil.regions.SP:São Caetano do Sul,66.21549636803874,1.9031476997578693,95.29428296476678,0.8913664052995699,False
Brazil.regions.SP:Tatuí,107.40799031476998,0.3075060532687652,124.31388317216123,0.4452436846568423,False
Brazil.regions.SP:Valinhos,102.46368038740921,1.690072639225182,120.9095998393907,1.1432373103805047,False
Brazil.regions.SP:Votorantim,104.73002421307508,1.351089588377724,122.17030429440767,1.0882342323249394,False
Brazil.regions.SP:Várzea Paulista,69.75919562173857,3.3816978490518013,87.29868070923676,2.620126282019823,False
Curaçao,105.70702179176757,0.6440677966101696,124.5141730363895,0.7171435285011243,False
Grenada,104.86924939467313,0.6210653753026635,120.57100934136793,0.7027534345327504,False
Guam,85.19007263922519,3.5871670702179173,97.90688660734142,1.9082411965811594,False
Saint_Lucia,105.1404358353511,0.6210653753026635,124.86424742417674,0.7027534345327504,False
Saint_Vincent_and_the_Grenadines,108.61985472154964,0.6210653753026635,124.64233383195158,0.7027534345327504,False
Sao_Tome_and_Principe,38.719128329297824,2.599273607748184,74.40602997953846,0.8380938769441441,False
United_States_Virgin_Islands,91.69612590799032,1.6585956416464893,106.31617661780474,1.4282289420053398,False
United_States_of_America.regions.Alabama:Lee,94.41525423728812,8.046004842615012,61.57062695061061,4.5646373945064465,False
United_States_of_America.regions.Connecticut:Middlesex,211.76150121065376,27.749394673123494,82.66941674047506,16.76286997925862,False
United_States_of_America.regions.Connecticut:Tolland,108.9140435835351,20.286924939467312,53.75285597532051,13.169228780798871,False
United_States_of_America.regions.Delaware:Kent,192.9128329297821,7.5774818401937045,56.5409696884959,3.8321924216156065,False
United_States_of_America.regions.Florida:Bay,82.71912832929783,1.0653753026634383,109.15038173729543,0.5834140009549158,False
United_States_of_America.regions.Florida:Charlotte,64.22033898305085,1.175544794188862,103.9253749695,0.48003719490754976,False
United_States_of_America.regions.Florida:Citrus,72.67917675544794,4.54721549636804,97.4373433667202,2.750663961025562,False
United_States_of_America.regions.Florida:Hernando,78.20096852300242,1.3062953995157387,105.27732206323547,0.5946036916155355,False
United_States_of_America.regions.Florida:Indian River,80.56295399515739,1.5847457627118642,102.4370599778992,0.7278219464305601,False
United_States_of_America.regions.Florida:Martin,66.98547215496369,2.288135593220339,84.32295980762846,1.1594839298837487,False
United_States_of_America.regions.Georgia:Bibb,41.688861985472165,1.6222760290556901,58.084006586568286,0.8732119952121552,False
United_States_of_America.regions.Georgia:Clarke,71.09564164648911,8.668280871670703,90.6756393723677,6.5358297970896695,False
United_States_of_America.regions.Georgia:Columbia,59.79539951573851,0.3135593220338983,89.53552103839218,0.29148070685339467,False
United_States_of_America.regions.Georgia:Coweta,51.00605326876514,1.7263922518159804,78.0826185861494,1.012048079804172,False
United_States_of_America.regions.Georgia:Douglas,89.6041162227603,5.3656174334140445,70.42134245459731,3.388103530758864,False
United_States_of_America.regions.Georgia:Fayette,60.71791767554479,2.8825665859564165,79.46593020768044,2.3592998260217635,False
United_States_of_America.regions.Georgia:Forsyth,47.412832929782084,3.6065375302663436,85.7620398173346,1.0508995716345713,False
United_States_of_America.regions.Georgia:Hall,286.4927360774819,2.571428571428571,65.45280875705973,0.8588188267706257,False
United_States_of_America.regions.Georgia:Houston,56.34745762711864,7.698547215496368,75.28579643356059,4.567393839241999,False
United_States_of_America.regions.Georgia:Muscogee,73.35230024213075,2.470944309927361,71.56122930496763,1.0362115323593892,False
United_States_of_America.regions.Georgia:Paulding,55.84745762711865,2.739709443099274,86.86425474445474,1.2897968677800535,False
United_States_of_America.regions.Georgia:Richmond,63.02542372881356,5.950363196125909,58.266473591578674,2.542108045152301,False
United_States_of_America.regions.Illinois:Kendall,53.035108958837775,1.9987893462469735,71.91773608619332,1.3282991443878147,False
United_States_of_America.regions.Illinois:Peoria,91.04600484261502,0.6476997578692495,116.81381659206859,0.47437791702065213,False
United_States_of_America.regions.Illinois:Rock Island,73.06658595641646,3.788135593220339,45.3854881830807,2.4049657970117364,False
United_States_of_America.regions.Indiana:Elkhart,41.40799031476998,2.76271186440678,74.31532421034908,0.9375524330313822,False
United_States_of_America.regions.Indiana:Hendricks,58.473365617433416,4.246973365617434,41.82133085853785,2.1555697160095497,False
United_States_of_America.regions.Indiana:Johnson,93.81476997578693,12.411622276029057,46.99190591754002,7.537073869096781,False
United_States_of_America.regions.Indiana:Monroe,75.34866828087166,2.9334140435835354,92.80802356456294,1.691948089330997,False
United_States_of_America.regions.Indiana:Porter,71.58111380145279,3.1295399515738502,78.36432828485968,1.4984481259415254,False
United_States_of_America.regions.Indiana:Tippecanoe,82.48062953995158,1.0544794188861986,110.430063089388,0.5827593466538308,False
United_States_of_America.regions.Indiana:Vanderburgh,67.02421307506053,0.5,98.70462551499645,0.6360327356649219,False
United_States_of_America.regions.Iowa:Johnson,37.24334140435836,0.24818401937046006,67.87411356746072,0.2899293950069478,False
United_States_of_America.regions.Iowa:Scott,61.25786924939469,2.076271186440678,77.19685753888298,0.9044568284265363,False
United_States_of_America.regions.Kansas:Shawnee,76.3680387409201,3.7845036319612597,99.32206044802673,1.8966252076473054,False
United_States_of_America.regions.Kansas:Wyandotte,113.05932203389833,17.087167070217916,48.228376830613385,10.00167713418288,False
United_States_of_America.regions.Kentucky:Boone,60.79297820823245,1.3365617433414045,82.45295047457739,0.9099784816323366,False
United_States_of_America.regions.Kentucky:Kenton,42.463680387409205,8.434624697336563,76.34708909901866,4.719880412961966,False
United_States_of_America.regions.Louisiana:Ascension,254.55932203389835,19.290556900726394,164.88458219933824,15.02472932748824,False
United_States_of_America.regions.Louisiana:Lafayette,219.51210653753026,11.67312348668281,84.09917213320439,4.327807906760049,False
United_States_of_America.regions.Louisiana:Ouachita,309.2772397094431,8.886198547215496,149.3320354402752,5.499833953510073,False
United_States_of_America.regions.Maryland:Carroll,88.11622276029055,18.962469733656174,61.11142374746858,10.923179416131754,False
United_States_of_America.regions.Maryland:Charles,79.76997578692495,6.657384987893463,41.45323709414266,3.7555242278009477,False
United_States_of_America.regions.Maryland:Washington,55.18280871670702,1.062953995157385,79.66157723375525,0.6815473828913642,False
United_States_of_America.regions.Massachusetts:Barnstable,298.6973365617434,11.745762711864407,83.53550593936382,5.103541737619497,False
United_States_of_America.regions.Massachusetts:Hampshire,132.3813559322034,8.048426150121065,60.470175672239236,4.6877157101689395,False
United_States_of_America.regions.Michigan:Berrien,53.68886198547216,6.744552058111379,71.85587238443426,4.098791166489436,False
United_States_of_America.regions.Michigan:Jackson,68.59806295399517,6.301452784503632,59.61753213482289,3.6644903733066894,False
United_States_of_America.regions.Michigan:Livingston,117.57990314769975,6.552058111380147,76.8259684336369,3.0333456756955415,False
United_States_of_America.regions.Michigan:Monroe,57.28329297820824,4.115012106537531,67.87488768970378,2.4441419022381425,False
United_States_of_America.regions.Michigan:Muskegon,46.30024213075061,8.012106537530267,65.26194243981291,4.2712460312802145,False
United_States_of_America.regions.Michigan:St. Clair,41.9769975786925,3.4479418886198543,59.65762604094477,1.8543121126509747,False
United_States_of_America.regions.Minnesota:Olmsted,51.167070217917676,0.8668280871670702,79.75745812342466,0.5240120793129818,False
United_States_of_America.regions.Minnesota:Scott,98.26150121065376,0.6089588377723971,117.96675333720141,0.6946289504070255,False
United_States_of_America.regions.Mississippi:DeSoto,84.53753026634384,1.6222760290556901,80.41902146314484,0.7458433978387704,False
United_States_of_America.regions.Mississippi:Harrison,66.12832929782083,3.291767554479419,93.95815342077934,1.2754541407027709,False
United_States_of_America.regions.Missouri:Boone,82.18644067796612,0.7566585956416465,104.92687336703165,0.7778897341282259,False
United_States_of_America.regions.Nebraska:Sarpy,84.49636803874093,0.6210653753026635,111.27730416824217,0.7027534345327504,False
United_States_of_America.regions.New Jersey:Cumberland,153.6404358353511,3.2336561743341408,52.00798591977474,1.8751900470035636,False
United_States_of_America.regions.New York:Broome,42.80145278450363,4.397094430992737,80.56890273393132,1.93161713279716,False
United_States_of_America.regions.New York:Niagara,103.70096852300243,5.439467312348668,69.76188219686873,2.1931294634137104,False
United_States_of_America.regions.New York:Rensselaer,52.93946731234866,5.424939467312349,78.47433205731794,3.106617410266708,False
United_States_of_America.regions.New York:Schenectady,68.82445520581113,8.577481840193705,66.95477572038752,5.220367265211852,False
United_States_of_America.regions.North Carolina:Alamance,74.19128329297821,0.2675544794188862,102.85808529571436,0.49420350745880315,False
United_States_of_America.regions.North Carolina:Cabarrus,34.389830508474574,1.0956416464891041,86.02960198606719,0.5955203699630064,False
United_States_of_America.regions.North Carolina:Catawba,90.53510895883778,0.6440677966101696,112.57767353794773,0.7171704054746474,False
United_States_of_America.regions.North Carolina:Davidson,69.31476997578693,1.324455205811138,94.68582242241698,0.593040247210145,False
United_States_of_America.regions.North Carolina:Gaston,64.46125907990316,1.675544794188862,100.28499011655812,0.7138517079194774,False
United_States_of_America.regions.North Carolina:Iredell,76.85230024213075,0.662227602905569,103.5351197918275,0.357815069425,False
United_States_of_America.regions.North Carolina:New Hanover,85.39830508474577,0.3498789346246973,113.46636633129425,0.44684088085274326,False
United_States_of_America.regions.North Carolina:Orange,67.76513317191284,3.8123486682808716,77.8198018283112,2.283193145105397,False
United_States_of_America.regions.North Carolina:Pitt,69.52784503631962,0.5556900726392253,99.03085271361287,0.4709942426751768,False
United_States_of_America.regions.Ohio:Clermont,75.58837772397095,0.8728813559322034,107.64883221401061,0.4884013535963463,False
United_States_of_America.regions.Ohio:Delaware,69.47820823244552,1.4648910411622278,98.2179494176081,0.6694580482873527,False
United_States_of_America.regions.Ohio:Fairfield,74.74697336561745,0.967312348668281,95.29242323599885,0.5904164601958201,False
United_States_of_America.regions.Ohio:Greene,90.9358353510896,1.4854721549636807,114.2210993581772,0.7406006878594337,False
United_States_of_America.regions.Ohio:Lake,69.43462469733657,4.095641646489104,98.14756620832607,1.4141991741605302,False
United_States_of_America.regions.Ohio:Licking,77.05569007263924,2.62590799031477,99.69283416144022,1.241683990750214,False
United_States_of_America.regions.Ohio:Medina,67.11016949152543,5.587167070217918,92.67825451781685,2.751138415923216,False
United_States_of_America.regions.Ohio:Portage,73.13559322033899,21.60774818401937,80.89433589668637,12.979379171256793,False
United_States_of_America.regions.Ohio:Trumbull,39.038740920096856,7.748184019370461,75.97167207594508,3.5246953186737944,False
United_States_of_America.regions.Pennsylvania:Beaver,66.41525423728815,19.286924939467312,53.117454162404925,11.441522633014772,False
United_States_of_America.regions.Pennsylvania:Lackawanna,330.85956416464893,28.30145278450363,91.10164088668913,13.091287867586875,False
United_States_of_America.regions.Pennsylvania:Lebanon,224.61985472154964,2.8184019370460054,112.20053483064302,1.7229426945770563,False
United_States_of_America.regions.Pennsylvania:Monroe,365.0726392251816,12.767554479418886,151.1845419583461,7.160370558819936,False
United_States_of_America.regions.Rhode Island:Kent,267.0944309927361,1.715496368038741,106.34219104606785,0.849337072744833,False
United_States_of_America.regions.Rhode Island:Washington,103.28692493946733,3.6355932203389836,66.3164701350052,2.712087325990914,False
United_States_of_America.regions.South Carolina:Beaufort,71.64527845036321,3.864406779661017,82.35425588019142,1.6319464722783803,False
United_States_of_America.regions.South Carolina:Dorchester,77.46125907990316,0.4152542372881356,101.4275828860088,0.48239790008048544,False
United_States_of_America.regions.Tennessee:Montgomery,66.94794188861985,1.1404358353510897,97.04023464108786,0.6315020473464447,False
United_States_of_America.regions.Tennessee:Sullivan,92.08837772397095,0.4200968523002422,116.24653133896696,0.5758377027253254,False
United_States_of_America.regions.Tennessee:Sumner,298.30871670702174,21.268765133171915,107.13255301592952,10.74093497921786,False
United_States_of_America.regions.Tennessee:Washington,89.1864406779661,0.6210653753026635,107.82818335635972,0.7027534345327504,False
United_States_of_America.regions.Tennessee:Wilson,65.49636803874093,0.3486682808716707,77.04211854824102,0.4739417245952888,False
United_States_of_America.regions.Texas:Comal,89.94673123486683,4.4891041162227605,110.9127358094436,2.56861344671316,False
United_States_of_America.regions.Texas:Gregg,90.7457627118644,0.6210653753026635,110.999933933447,0.7027534345327504,False
United_States_of_America.regions.Texas:Guadalupe,82.97457627118645,0.6210653753026635,106.39853464645492,0.7027534345327504,False
United_States_of_America.regions.Texas:Johnson,84.76876513317191,0.31234866828087177,111.13491500978247,0.527163641155664,False
United_States_of_America.regions.Texas:Rockwall,78.42009685230023,0.1682808716707022,94.0278076455465,0.2547683757210336,False
United_States_of_America.regions.Vermont:Chittenden,138.7239709443099,11.197336561743343,67.90861235697793,6.513533605562751,False
United_States_of_America.regions.Virginia:Alexandria city,44.38740920096853,1.3087167070217918,39.336230373436685,0.6664219528958499,False
United_States_of_America.regions.Virginia:Arlington,138.77966101694915,4.102905569007264,46.883878669124115,1.3585443753301882,False
United_States_of_America.regions.Virginia:Hampton city,75.4806295399516,0.6598062953995157,92.94566741193907,0.7315549512206191,False
United_States_of_America.regions.Virginia:Newport News city,75.21065375302663,2.232445520581114,98.41910027140926,0.9768793275174661,False
United_States_of_America.regions.Virginia:Norfolk city,61.599273607748195,1.0278450363196128,98.26114185381113,0.4363796502245371,False
United_States_of_America.regions.Virginia:Richmond city,66.41404358353512,5.531476997578692,78.08958476949209,1.9672036784536566,False
United_States_of_America.regions.Virginia:Stafford,43.41404358353511,0.2917675544794189,78.0274913873488,0.40065967478194914,False
United_States_of_America.regions.West Virginia:Berkeley,72.87893462469735,0.37046004842615016,85.94159660365065,0.4655594022311028,False
United_States_of_America.regions.Wisconsin:Kenosha,68.89588377723972,2.523002421307506,64.09103779056305,1.1514865125129556,False
United_States_of_America.regions.Wisconsin:Outagamie,94.05326876513317,1.0145278450363198,118.22105741860044,0.5564839601537176,False
United_States_of_America.regions.Wisconsin:Racine,44.69733656174334,3.0556900726392255,87.47711402245214,1.1701703689942495,False
United_States_of_America.regions.Wisconsin:Rock,60.07990314769977,2.5811138014527844,91.84669812986618,1.2890326974356305,False
United_States_of_America.regions.Wisconsin:Winnebago,93.67191283292979,0.4200968523002422,117.33278375393036,0.585848059532069,False
Uganda,87.03995157384989,0.6210653753026635,131.53091198554574,0.7027534345327504,False
Brazil.regions.PI,24.23123486682809,9.378934624697338,127.40972743590592,0.586615666376016,False
United_States_of_America.regions.Oregon,349.6852300242131,11.800242130750606,120.62163741988174,0.5310468831141738,False
United_States_of_America.regions.New Mexico,750.7772397094432,19.498789346246973,91.33439650662116,0.4440685437448899,False
New_Zealand,262.1150121065375,0.19128329297820826,123.92724985714997,0.6939563394079022,False
United_States_of_America.regions.Colorado,3421.035108958838,113.26150121065376,73.26531673597918,1.2748084225476302,False
Ecuador,1716.446731234867,76.71549636803876,120.9403779149009,0.36268050344293423,False
United_States_of_America.regions.Arizona,115.22154963680387,0.6210653753026635,131.65263713728697,0.7027534345327504,False
Bosnia_and_Herzegovina,375.3087167070218,16.59443099273608,116.88138555770988,0.366283570992944,False
Brazil.regions.ES,48.09322033898305,3.3910411622276033,127.58364390941989,0.61544862878278,False
Brazil.regions.PB,78.15617433414045,21.47578692493947,126.82938509302637,0.40629315167215385,False
Brazil.regions.RN,158.79418886198545,11.110169491525426,123.82805221431069,0.5012110085978881,False
Croatia,317.360774818402,2.1537530266343823,121.06250472877,0.6383928618550984,False
Romania,1151.2966101694915,37.332929782082324,125.15908758675407,0.5257116820144484,False
Nepal,115.363196125908,0.6210653753026635,131.66476160317234,0.7027534345327504,False
Afghanistan,44.461259079903144,0.8196125907990314,131.4717082854151,0.6992620772030257,False
Bolivia,134.16949152542375,15.748184019370461,129.46159628754796,0.6305075384032433,False
Saudi_Arabia,1355.0072639225184,15.315980629539954,127.30231675983673,0.6632795937036932,False
Bangladesh,220.54721549636807,17.332929782082328,131.45977757903364,0.6949833316323292,False
Cameroon,294.03995157385,5.634382566585957,130.0416700018383,0.6898721151694748,False
Argentina,858.2917675544794,31.236077481840194,129.4778588815248,0.6578911297924858,False
United_States_of_America.regions.Alaska,97.20217917675546,3.5786924939467317,106.54535230761711,0.4861234578789745,False
Mozambique,80.4358353510896,0.6210653753026635,131.5310929134038,0.7027534345327504,False
Russia,112.23728813559322,0.6210653753026635,131.66546612532954,0.7027534345327504,False
Brazil.regions.RJ,1051.13196125908,58.36682808716708,124.90634428462104,0.4475932016542916,False
Netherlands,7827.509685230026,636.3341404358354,85.79159590328253,2.993808444613083,False
Italy,1841.9709443099273,79.90556900726392,128.43176396131685,0.5775536993303726,False
Brazil.regions.MG,348.5811138014528,9.75181598062954,129.47230958109986,0.6654652281834427,False
Thailand,93.98789346246974,0.6210653753026635,131.6321601544982,0.7027534345327504,False
Kenya,64.47578692493947,6.062953995157385,131.35093431500536,0.6967441003373589,False
United_Republic_of_Tanzania,29.164648910411625,3.101694915254238,131.4907684309172,0.6990108741436932,False
Ghana,298.17917675544794,5.305084745762712,130.27570295578192,0.6986090743405068,False
Guinea,135.3898305084746,0.7167070217917676,129.64418091942878,0.6938497889477627,False
Cote_dIvoire,277.5314769975787,2.692493946731235,130.09721004901706,0.6953212309898813,False
United_States_of_America.regions.Texas,55.8813559322034,0.7663438256658597,131.26280379533026,0.6987702354004757,False
China,9437.324455205811,200.4891041162228,130.98235346207363,0.6907087887885557,False
Libya,83.54358353510895,0.8886198547215496,130.98779933736284,0.6953755632396745,False
Ethiopia,67.27481840193704,1.1622276029055691,131.6132395230703,0.7020252104748821,False
Spain,386.8498789346247,3.468523002421307,130.6252739441268,0.6944982261222634,False
Brazil.regions.MT,56.57869249394673,4.059322033898305,127.34334984938033,0.6434101489283137,False
Germany,52.94309927360776,0.6210653753026635,131.54465047173247,0.7027534345327504,False
Algeria,262.8244552058112,28.05811138014528,130.77054985757655,0.6544888970757605,False
Sweden,58.62590799031477,0.6210653753026635,131.10133476353272,0.7027534345327504,False
Canada,103.96973365617434,0.6210653753026635,131.63356594164765,0.7027534345327504,False
Pakistan,1015.6004842615012,12.176755447941888,131.1349177542709,0.698072609596089,False
Nigeria,31.53995157384988,0.7106537530266345,131.624893402758,0.7022466126334684,False
Peru,2760.8668280871675,77.87046004842615,122.67401872851742,0.5330763080525468,False
Kazakhstan,874.998789346247,9.188861985472155,126.24407739339478,0.6753362804936905,False
Botswana,101.04600484261502,0.7566585956416465,130.7869679288153,0.7087687690943048,False
Brazil.regions.SP,1115.3075060532688,67.10532687651332,128.98645206631093,0.5808893302208402,False
Mauritania,110.42857142857146,0.5242130750605327,131.5335456888567,0.7005539050359746,False
Brazil.regions.BA,212.9176755447942,8.026634382566586,129.454673829451,0.6551593914092438,False
Madagascar,80.08353510895884,0.6210653753026635,131.28412377069938,0.7027534345327504,False
Chad,92.75302663438256,0.6210653753026635,131.5112425216749,0.7027534345327504,False
South_Korea,270.1864406779661,2.2312348668280872,130.96736302432745,0.6975249180531392,False
Iran,16753.964891041163,1141.3813559322036,111.11417821781987,0.7395173405612661,False
Papua_New_Guinea,111.58837772397096,0.6210653753026635,131.6128414603998,0.7027534345327504,False
Brazil.regions.AM,865.4733656174335,66.29418886198548,107.97958533171587,0.9117643156197528,False
Mongolia,102.09685230024215,0.6210653753026635,131.16942776003927,0.7027534345327504,False
Liberia,65.69128329297821,3.972154963680388,130.5911891050561,0.6650694897963477,False
United_States_of_America.regions.Kentucky,785.6210653753028,42.15496368038741,111.479626512421,0.4416911514873527,False
United_States_of_America.regions.Louisiana,12190.433414043586,522.9322033898305,133.3121064407957,10.559377534598882,False
Myanmar,56.543583535108965,3.4636803874092017,131.4900634888406,0.7018292437451819,False
Venezuela,78.89346246973366,5.881355932203389,131.05137486048224,0.6978177579039213,False
Malaysia,100.05569007263924,0.6210653753026635,131.6012394918802,0.7027534345327504,False
Palestine,58.203389830508485,0.46973365617433416,128.28963148444873,0.6954668632312556,False
Singapore,73.88377723970945,0.6210653753026635,130.39383106022845,0.7027534345327504,False
United_States_of_America.regions.Illinois:Cook,114.1138014527845,0.6210653753026635,131.62464626830564,0.7027534345327504,False
United_States_of_America.regions.Texas:Harris,1235.624697336562,15.272397094430994,102.98394525706325,0.4451765469777633,False
Democratic_Republic_of_the_Congo,60.36198547215496,13.976997578692496,131.47106592510133,0.6978859400570758,False
Somalia,29.34624697336562,3.6368038740920094,131.0140366888034,0.6784486482287903,False
France,76.67917675544795,0.5496368038740921,131.6068902648414,0.7018515968295,False
Namibia,104.36440677966102,0.6210653753026635,131.10879896530275,0.7027534345327504,False
Brazil,2896.5423728813557,100.77118644067797,130.23006154516557,0.6609054969916276,False
Japan,78.046004842615,0.22760290556900728,131.63532119098699,0.7024424685417383,False
Brazil.regions.PA,511.25786924939473,29.070217917675546,124.37305807263462,0.4643762901451753,False
Burkina_Faso,226.91162227602908,18.21670702179177,129.93035658973335,0.6675705865041143,False
Indonesia,1195.3777239709443,111.70338983050848,131.17825717326673,0.6800314658271459,False
Paraguay,54.9225181598063,3.3595641646489107,130.36790921032906,0.6823556237779836,False
Mali,165.96368038740923,15.806295399515738,130.18844208028003,0.6791022139838776,False
United_States_of_America.regions.California,99.57506053268767,0.572639225181598,131.62479163808712,0.7026308746096575,False
Brazil.regions.SP:São Paulo,839.5629539951574,54.80508474576271,123.86761374666546,0.32760880929324177,False
India,106.70096852300243,0.6210653753026635,131.66760644908052,0.7027534345327504,False
Colombia,1217.9927360774818,39.30750605326877,128.98078466314735,0.6433944720346956,False
Greenland,107.80992736077484,0.6210653753026635,118.91864397177108,0.7027534345327504,False
Brazil.regions.RS,359.11985472154964,9.617433414043585,127.48915883321301,0.6517297657343476,False
Philippines,112.84624697336562,0.7469733656174335,131.66502426311033,0.702871489592569,False
Brazil.regions.MS,54.62590799031478,2.0847457627118646,128.15871522536003,0.6469471995381474,False
Egypt,16.176755447941886,3.2312348668280872,131.54566184797662,0.6995184182031192,False
Angola,100.04721549636804,1.4685230024213076,131.60338772111493,0.7033349929214453,False
Australia,100.25544794188863,0.4346246973365618,131.5889126320058,0.7020074441147707,False
Central_African_Republic,106.49636803874093,0.6210653753026635,131.45085765136037,0.7027534345327504,False
Poland,2484.682808716707,62.94309927360776,124.81967417178646,0.576181407825264,False
Brazil.regions.SC,446.52542372881356,15.822033898305087,123.81200259496755,0.5790316052244581,False
Serbia,1563.0556900726392,37.035108958837775,107.61561574296935,0.3632763557563967,False
United_States_of_America.regions.Indiana,3506.8341404358357,133.4721549636804,77.96382348092136,1.2890596710567004,False
Iraq,214.2324455205811,24.805084745762716,130.80817356036482,0.6684815660818902,False
Brazil.regions.RR,93.79782082324456,1.9927360774818403,97.39799602389046,0.6326037439266617,False
