region,cases_distance,deaths_distance,cases_per_100k_distance,deaths_per_100k_distance,is_same_cluster
Brazil.regions.BA:Feira de Santana,22.826984763432236,1.9372493985565358,17.44179130918597,6.373592160979397,False
Brazil.regions.ES:Serra,336.9574979951884,16.612469927826787,44.3632734000865,2.812076041167523,False
Brazil.regions.ES:Vila Velha,295.19326383319975,5.486768243785084,38.95203497851365,4.914215230779343,False
Brazil.regions.GO:Aparecida de Goiânia,6.017241379310345,1.0651563753007218,20.05323662221236,6.222302495162528,False
Brazil.regions.MG:Betim,4.992782678428227,1.7317562149157977,19.647705437156485,6.323953065089332,False
Brazil.regions.MG:Contagem,29.453287890938253,0.7684442662389736,16.880817717536466,6.198058121881491,False
Brazil.regions.MG:Juiz de Fora,57.69025661587811,0.727345629510826,12.03776915177985,6.160327801707301,False
Brazil.regions.MG:Uberlândia,52.01924619085806,1.9392542101042503,14.596909560595705,5.860208314475512,False
Brazil.regions.MS:Campo Grande,56.475541299117886,0.9288291900561347,15.853118863695698,6.263293550970351,False
Brazil.regions.MT:Cuiabá,80.94787489975943,1.3237770649558942,11.525973431981944,6.273413870994273,False
Brazil.regions.PA:Ananindeua,208.53348035284682,6.634522854851643,18.681636231862264,4.886408089430356,False
Brazil.regions.PB:Campina Grande,34.010825982357666,0.70028067361668,12.376741899972044,6.00449405704611,False
Brazil.regions.PB:João Pessoa,184.25621491579795,14.634723336006417,3.4101133272901762,4.3666981256559945,False
Brazil.regions.PE:Jaboatão dos Guararapes,167.20870088211709,16.858059342421814,3.9775706717128942,3.7603438636932642,False
Brazil.regions.PI:Teresina,136.2512028869286,4.253809141940658,6.031743640233525,5.676869233056447,False
Brazil.regions.PR:Londrina,61.3279871692061,4.076383319967924,13.013172634994307,5.374019047938814,False
Brazil.regions.PR:Maringá,29.333400160384922,2.13672814755413,14.776876325990093,5.433644182469366,False
Brazil.regions.RJ:Belford Roxo,115.20188452285485,7.2830793905372895,7.088979042293107,4.581400414803806,False
Brazil.regions.RJ:Campos dos Goytacazes,20.692662389735364,0.7082999198075381,16.83936395489518,6.129940719393998,False
Brazil.regions.RJ:Duque de Caxias,247.56174819566965,44.827185244587014,7.951839456570211,1.4526911183309574,False
Brazil.regions.RJ:Niterói,122.39374498797116,5.641138732959102,7.322188596801935,4.910485364920726,False
Brazil.regions.RJ:Nova Iguaçu,305.77345629510825,28.07297514033681,15.987312916148065,2.729329860729966,False
Brazil.regions.RJ:São João de Meriti,175.897353648757,15.13793103448276,16.61989667981743,2.7643841730436454,False
Brazil.regions.RN:Natal,154.3083400160385,2.1367281475541295,6.6679393399914,5.964325478836394,False
Brazil.regions.RS:Caxias do Sul,21.477546110665596,1.981355252606255,16.76788182322763,6.380765337518533,False
Brazil.regions.SC:Florianópolis,143.8027265437049,0.7844827586206896,11.435866576506138,5.92415590428715,False
Brazil.regions.SC:Joinville,51.07758620689655,0.6471531676022454,12.626290483012683,6.154807859017821,False
Brazil.regions.SE:Aracaju,39.08600641539696,1.8319967923015235,15.56564212939141,5.860653668026545,False
Brazil.regions.SP:Diadema,211.9430633520449,12.298115477145148,29.511362134915238,3.0288814639463375,False
Brazil.regions.SP:Jundiaí,78.20769847634323,7.690056134723337,5.88987663778374,4.126224446684296,False
Brazil.regions.SP:Mauá,63.013231756214914,2.2359663191659984,8.423009886313727,5.701630932081866,False
Brazil.regions.SP:Mogi das Cruzes,109.93885324779471,6.775862068965518,5.308230611126392,4.47619391752113,False
Brazil.regions.SP:Osasco,277.584202085004,25.197072975140337,18.973715890777825,2.6375187186259916,False
Brazil.regions.SP:Ribeirão Preto,99.81796311146752,3.792101042502005,10.171192925935072,5.559847697913382,False
Brazil.regions.SP:Santo André,185.00541299117882,6.984362469927828,7.297378306665673,5.168991415982011,False
Brazil.regions.SP:Santos,533.9488773055333,35.561948676824386,102.56887116462478,2.97698574435934,False
Brazil.regions.SP:Sorocaba,87.10886126704091,12.13532477947073,9.48565633944767,4.3067775840665306,False
Brazil.regions.SP:São Bernardo do Campo,237.221932638332,13.546110665597434,7.895260832805098,4.5568211823111,False
Brazil.regions.SP:São José do Rio Preto,46.45449077786688,2.7421812349639136,12.524666222599484,5.4501034346013775,False
Brazil.regions.SP:São José dos Campos,105.80493183640738,1.77485966319166,10.031981053781587,5.932841256639199,False
Cape_Verde,54.7331595829992,0.9117882919005615,10.991582294173542,6.18406951730405,False
Comoros,29.950298210735582,0.025844930417495034,2.83016276225662,3.1033638339216574,False
Luxembourg,1816.5076182838814,23.366680032076985,278.20430607835345,2.3947128717987707,False
Maldives,13.254611066559743,1.981355252606255,18.412537442708,6.380765337518533,False
Malta,244.96812349639137,0.8305934242181235,29.96868294853557,6.142773521418573,False
United_States_of_America.regions.Alabama:Jefferson,512.26303127506,14.464314354450684,56.61790858569627,3.9437509374097304,False
United_States_of_America.regions.California:San Francisco,5.002606255012029,1.981355252606255,21.022445597284076,6.380765337518533,False
United_States_of_America.regions.California:San Joaquin,246.73777064955894,10.278267842822775,12.4213465934929,4.783672212305493,False
United_States_of_America.regions.California:San Mateo,375.7929029671211,8.859863672814758,27.989327834275883,4.9923072902332315,False
United_States_of_America.regions.California:Sonoma,50.25260625501203,1.2656375300721732,10.714241912391653,6.235981683782192,False
United_States_of_America.regions.California:Stanislaus,117.56876503608662,1.047113071371291,5.8780037337448805,6.035622899855845,False
United_States_of_America.regions.California:Ventura,251.37269446672013,6.2295509222133125,11.214789130299327,5.430500882380484,False
United_States_of_America.regions.Colorado:Adams,571.9609061748196,20.654170008019246,89.78058851625316,2.202168952499415,False
United_States_of_America.regions.Colorado:Arapahoe,798.4603047313551,27.237971130713717,100.56171786303318,2.3414456582557355,False
United_States_of_America.regions.Colorado:Denver,807.7435846030473,25.468724939855658,89.94740788841983,2.7059324618833904,False
United_States_of_America.regions.Colorado:El Paso,383.96952686447474,21.943263833199676,32.548365510401766,3.0677195179506938,False
United_States_of_America.regions.Colorado:Jefferson,440.05813953488376,13.900962309542905,54.7616636374699,3.730812676620943,False
United_States_of_America.regions.Connecticut:Fairfield,3908.395749799519,182.04550922213312,392.9837409516965,14.395738407935116,False
United_States_of_America.regions.Connecticut:Hartford,2300.3021251002406,207.93865276663993,236.59195695004794,18.431205187049667,False
United_States_of_America.regions.Connecticut:New Haven,3273.443063352045,172.89153969526865,361.6326871286254,15.216338372632093,False
United_States_of_America.regions.Delaware,1430.7373696872494,34.19065757818765,125.5488664030109,2.6923768904917864,False
United_States_of_America.regions.Delaware:New Castle,698.520048115477,15.628107457898958,104.11470534670674,3.280724394158335,False
United_States_of_America.regions.District of Columbia,1210.4294306335205,32.43344025661588,150.40896850032718,2.5679612882766394,False
United_States_of_America.regions.District of Columbia:District of Columbia,1210.4294306335205,32.43344025661588,150.40896850032718,2.5679612882766394,False
United_States_of_America.regions.Florida:Brevard,158.82959101844423,3.3356054530874104,10.410384603650497,5.576931634203432,False
United_States_of_America.regions.Florida:Duval,561.3855252606255,9.011226944667202,37.30758780754345,5.240472579331438,False
United_States_of_America.regions.Florida:Lee,361.0246591820369,10.071170809943865,26.10615967818487,4.81667426517273,False
United_States_of_America.regions.Florida:Pasco,115.69967923015236,0.3554530874097835,7.686420091053249,5.989898256095279,False
United_States_of_America.regions.Florida:Pinellas,364.1435445068164,8.085004009623097,16.56592713955768,5.371467096094292,False
United_States_of_America.regions.Florida:Polk,271.48837209302326,9.036287089013634,17.003327365130797,4.89176933442417,False
United_States_of_America.regions.Florida:Seminole,213.37810745789895,1.2245388933440258,24.618773713164728,5.848996920355274,False
United_States_of_America.regions.Florida:Volusia,138.6335204490778,2.454490777866881,6.755686343776703,5.665491085021,False
United_States_of_America.regions.Georgia:Cobb,530.0414995990377,23.476944667201288,48.57407949122305,3.037570959261185,False
United_States_of_America.regions.Georgia:DeKalb,750.5575380914194,10.427626303127505,77.73734033809319,4.793649595811146,False
United_States_of_America.regions.Georgia:Gwinnett,485.9260224538893,12.750200481154774,30.94953453725755,4.82841486326952,False
United_States_of_America.regions.Hawaii:Honolulu,223.07818765036086,1.604450681635926,9.015707464902981,6.081245900245382,False
United_States_of_America.regions.Illinois:DuPage,1213.4137931034481,57.383319967923015,110.02764375277881,1.742511650921047,False
United_States_of_America.regions.Illinois:Kane,324.8073376102646,15.977947072975143,40.45601580787532,3.0555608641979433,False
United_States_of_America.regions.Illinois:Lake,1226.452686447474,38.77064955894146,154.9953355724376,1.9119744886247807,False
United_States_of_America.regions.Illinois:Will,1281.1964715316758,71.25320769847634,164.32256082427656,5.345149735297907,False
United_States_of_America.regions.Indiana:Lake,912.5725741780273,36.76182838813152,167.24535988531912,2.8102660273656483,False
United_States_of_America.regions.Indiana:Marion,1733.3670809943867,65.09382518043304,158.73134319501895,3.4325155734501163,False
United_States_of_America.regions.Iowa:Polk,277.7744587008821,8.18925421010425,35.998329466713926,4.371499661924687,False
United_States_of_America.regions.Kansas:Johnson,194.19506816359262,8.425821972734564,12.577709870134113,4.690622816993474,False
United_States_of_America.regions.Kansas:Sedgwick,227.02866880513236,2.206896551724138,23.226831559288588,5.597748126822776,False
United_States_of_America.regions.Kentucky:Jefferson,363.95549318364084,26.757818765036085,26.502336216578154,2.6518629750059572,False
United_States_of_America.regions.Louisiana:Jefferson,3393.4182036888533,141.51824378508422,764.0772049100162,27.64620953631816,False
United_States_of_America.regions.Maryland:Anne Arundel,670.1521651964716,25.250200481154774,94.83855471819032,2.1107965992038276,False
United_States_of_America.regions.Maryland:Baltimore,1008.6599839615077,23.607257417802728,100.795773866158,3.3007455660741734,False
United_States_of_America.regions.Maryland:Baltimore city,981.7724538893347,32.91559743384122,144.45227735257055,2.083630502784981,False
United_States_of_America.regions.Maryland:Prince George's,1522.0318765036086,41.538291900561354,146.14687423827107,2.351232779172684,False
United_States_of_America.regions.Massachusetts:Bristol,1307.3847233360063,52.68704891740176,210.44245349945052,4.9773905831246354,False
United_States_of_America.regions.Massachusetts:Essex,2601.2939053728946,91.64053728949479,308.5511737077764,7.142409239445623,False
United_States_of_America.regions.Massachusetts:Hampden,1737.357056936648,148.51603849238174,351.9195918029471,26.688386379607827,False
United_States_of_America.regions.Massachusetts:Norfolk,1081.9927826784283,30.012630312750602,132.02279595022742,3.5441695185894586,False
United_States_of_America.regions.Massachusetts:Plymouth,2200.4206094627107,89.728949478749,401.34904375123085,12.572429070612012,False
United_States_of_America.regions.Massachusetts:Suffolk,3.597634322373697,1.981355252606255,21.31946220163817,6.380765337518533,False
United_States_of_America.regions.Massachusetts:Worcester,1367.7319566960707,37.51463512429832,143.67395941487507,2.7803305496810995,False
United_States_of_America.regions.Michigan:Kent,321.7973135525261,10.80653568564555,27.98890394479164,4.4502772750421045,False
United_States_of_America.regions.Michigan:Macomb,2953.314955894146,242.78027265437046,316.5784638752494,22.394082220514598,False
United_States_of_America.regions.Minnesota:Ramsey,85.21551724137932,1.966319165998396,7.636434506343131,5.709909516076816,False
United_States_of_America.regions.Missouri:Jackson,211.96030473135522,6.209101844426624,13.900266782259207,5.219475743955553,False
United_States_of_America.regions.Missouri:St. Louis,1058.9294306335205,26.256615878107457,85.5718515742112,3.560391600501614,False
United_States_of_America.regions.Nebraska:Douglas,35.41379310344828,1.770850040096231,15.018455525514216,6.343920376137395,False
United_States_of_America.regions.New Jersey:Bergen,5164.665196471532,215.94085805934242,532.784977426402,18.383262317927592,False
United_States_of_America.regions.New Jersey:Camden,733.3510425020049,18.904971932638336,124.45066511074317,3.1883955257421643,False
United_States_of_America.regions.New Jersey:Essex,6457.9494787489975,425.03167602245384,786.9589820464331,47.79247293605902,False
United_States_of_America.regions.New Jersey:Hudson,5357.049919807539,183.65637530072175,775.6626017414777,22.68685448513034,False
United_States_of_America.regions.New Jersey:Middlesex,4690.712510024058,171.6846431435445,547.2334964718488,15.77175363058518,False
United_States_of_America.regions.New Jersey:Monmouth,2677.5998396150762,98.6012429831596,411.72537504723897,11.105479357288816,False
United_States_of_America.regions.New Jersey:Morris,2641.6403368083397,149.00220529270248,516.317845873581,25.134395748723602,False
United_States_of_America.regions.New Jersey:Ocean,3230.9554931836415,140.0687650360866,511.11571702127765,17.89506418757318,False
United_States_of_America.regions.New Jersey:Passaic,3924.530874097835,92.64695268644746,761.449373719189,13.974364872167063,False
United_States_of_America.regions.New Jersey:Union,4695.661587810746,156.92522052927023,823.2279423836154,23.481994488281714,False
United_States_of_America.regions.New Mexico:Bernalillo,339.07778668805133,11.64354450681636,28.827849924481594,4.421920444655602,False
United_States_of_America.regions.New York:Erie,1614.3891339214115,96.02405773857257,154.29190904964733,5.364954307721278,False
United_States_of_America.regions.New York:Monroe,654.3979550922214,32.634923817161194,67.07993591557452,1.8697216867482283,False
United_States_of_America.regions.New York:Westchester,11466.81094627105,238.86988773055336,1163.6614991301765,20.864387759100595,False
United_States_of_America.regions.North Carolina:Guilford,177.24318364073778,10.208099438652766,12.229610615207605,4.148382483423888,False
United_States_of_America.regions.Ohio:Hamilton,686.1796311146753,32.06355252606255,62.58117965992346,2.2483563569026455,False
United_States_of_America.regions.Ohio:Lucas,567.1752205292703,25.156976744186046,112.01233988826667,2.051396564460471,False
United_States_of_America.regions.Ohio:Montgomery,189.06335204490776,4.700882117080995,17.047713540226592,5.151718315534649,False
United_States_of_America.regions.Ohio:Summit,262.6748195669607,14.999599037690457,27.725770857429833,3.2785700350596167,False
United_States_of_America.regions.Oklahoma:Oklahoma,387.48436246992793,14.370088211708097,27.369811554725054,4.351778412477716,False
United_States_of_America.regions.Oklahoma:Tulsa,196.54170008019247,8.43083400160385,11.01275307456999,4.8130447510411,False
United_States_of_America.regions.Oregon:Multnomah,286.1928628708901,12.171812349639133,14.333653382224831,4.643938607166182,False
United_States_of_America.regions.Oregon:Washington,148.7688452285485,1.3528468323977547,6.642837756714537,5.892385950296692,False
United_States_of_America.regions.Pennsylvania:Bucks,1051.1154771451484,43.305533279871696,146.3747950198237,3.1431199218438763,False
United_States_of_America.regions.Pennsylvania:Chester,555.752606255012,24.196672012830795,85.05459514093141,3.105688257375856,False
United_States_of_America.regions.Pennsylvania:Delaware,926.4334402566161,22.864474739374497,142.86074053620496,3.0457783038778974,False
United_States_of_America.regions.Pennsylvania:Lancaster,1030.2161186848439,84.05032076984764,167.91474078416172,10.420748918191082,False
United_States_of_America.regions.Pennsylvania:Montgomery,1346.4923817161186,49.270850040096235,140.76904857001833,3.60309409812434,False
United_States_of_America.regions.Rhode Island:Providence,4252.922614274257,96.67361668003208,644.4343339416056,10.235711711413721,False
United_States_of_America.regions.South Carolina:Greenville,349.44486768243786,6.663592622293504,45.920182077365226,4.762301870133797,False
United_States_of_America.regions.Tennessee:Davidson,965.1908580593424,8.276463512429832,117.94644337629461,4.931477531756121,False
United_States_of_America.regions.Tennessee:Knox,129.60906174819567,1.1353247794707297,12.512931661399573,5.8023145461841255,False
United_States_of_America.regions.Tennessee:Shelby,880.9873696872493,15.373496391339215,72.92802099373897,4.579963386886438,False
United_States_of_America.regions.Texas:Denton,458.015838011227,10.18504410585405,30.278242639177993,5.026082019133026,False
United_States_of_America.regions.Texas:El Paso,315.1852445870088,2.937650360866079,16.595261543181945,5.886751686960096,False
United_States_of_America.regions.Texas:Fort Bend,266.660585404972,3.8658781074578994,12.044673669779735,5.730433090998649,False
United_States_of_America.regions.Texas:Hidalgo,249.80653568564554,1.8981555733761029,13.809705508630142,5.960166787523,False
United_States_of_America.regions.Texas:Montgomery,207.1621892542101,2.3422213311948674,13.517469711952515,5.754953843033643,False
United_States_of_America.regions.Texas:Williamson,147.07036888532477,2.3823175621491584,7.380217749354336,5.6668356879465875,False
United_States_of_America.regions.Utah:Utah,364.77385725741783,2.0054129911788294,36.425377602927966,5.961359902418607,False
United_States_of_America.regions.Virginia:Prince William,430.5569366479552,3.2904971932638336,70.94807711914945,5.625020841765967,False
United_States_of_America.regions.Virginia:Virginia Beach city,162.25461106655973,1.7026864474739376,16.56869896284379,5.857702058969808,False
United_States_of_America.regions.Washington:Clark,141.54370489174016,7.650962309542905,10.789364229646807,4.438125650921674,False
United_States_of_America.regions.Washington:Pierce,603.8295910184443,11.20850040096231,45.383344507749165,4.942253570950853,False
United_States_of_America.regions.Washington:Snohomish,5.232558139534884,1.981355252606255,22.07436850812158,6.380765337518533,False
United_States_of_America.regions.Washington:Spokane,81.841218925421,2.530673616680032,5.817229329521903,5.782540781488357,False
United_States_of_America.regions.Wisconsin:Dane,2.919005613472334,1.981355252606255,21.373335212212726,6.380765337518533,False
United_States_of_America.regions.Wisconsin:Milwaukee,1529.5234562951082,79.51242983159584,140.27655045208573,3.4095940260857365,False
United_States_of_America.regions.Florida,8389.71170809944,165.1870489174018,17.881839942492945,5.602642877833746,False
United_States_of_America.regions.New York,85039.0270649559,4046.3358059342427,415.36172173744495,16.341236562514357,False
Belgium,248.72293504410584,1.3759021651964716,20.04271987000677,6.370953719734675,False
Burundi,7.699879711307138,1.0942261427425821,22.1486080074013,6.372827090509227,False
Dominican_Republic,1226.8955493183641,58.4107858861267,10.764379095274851,5.81621222879288,False
Haiti,42.240978348035284,1.9031676022453892,21.83746142416781,6.349061591102673,False
Rwanda,113.14514835605456,1.981355252606255,21.30344321343801,6.380765337518533,False
Laos,10.997193263833202,1.981355252606255,22.030649146260696,6.380765337518533,False
United_States_of_America.regions.Minnesota,992.8426222935045,38.44386527666399,7.055557427746729,5.66849534231704,False
Andorra,355.85304731355257,11.773857257417802,449.130177301042,12.666893511282154,True
Antigua_and_Barbuda,10.999398556535686,0.5228548516439454,11.372494298230555,4.751488977417784,True
Aruba,66.77686447473937,1.260625501202887,47.44103026403604,5.699835911089918,True
Bermuda,68.82137129109866,2.4123897353648758,96.12535624496553,1.8913255152770587,True
Brazil.regions.AL:Anadia,4.463882618510158,0.22949586155003762,30.589340888258732,2.080350768949386,True
Brazil.regions.AL:Atalaia,23.64778437642759,0.7464595705801735,48.866684547368514,1.9864042007114129,True
Brazil.regions.AL:Barra de Santo Antônio,1.593303235515425,0.9473288186606471,16.345458182082456,2.5103577631904623,True
Brazil.regions.AL:Barra de São Miguel,7.276330690826728,0.9263873159682899,96.23081746897209,3.6308344509664963,True
Brazil.regions.AL:Batalha,4.005096262740657,0.0855039637599094,24.23185672134712,2.3461945720677053,True
Brazil.regions.AL:Belém,0.5,0.5,31.30998225752845,11.51012891344383,True
Brazil.regions.AL:Boca da Mata,3.6428571428571437,1.5012106537530268,15.415550281022755,4.713247870968894,True
Brazil.regions.AL:Branquinha,2.5169875424688564,1.0,30.293865980974893,3.2204044828030396,True
Brazil.regions.AL:Cacimbinhas,3.411420204978038,0.0,37.40788990822697,5.989394743573826,True
Brazil.regions.AL:Cajueiro,2.6556016597510372,0.46058091286307057,13.971100689088592,2.2828806684111553,True
Brazil.regions.AL:Campestre,10.762514551804424,0.2956926658905704,166.36602215797583,13.400744177868695,True
Brazil.regions.AL:Campo Alegre,7.8707753479125255,0.015904572564612328,12.348524530364248,1.4958273883015458,True
Brazil.regions.AL:Campo Grande,4.735463593504453,0.2404400209533787,56.78653832431616,6.275074346228398,True
Brazil.regions.AL:Canapi,0.0,1.0,2.422299500945973,3.22040448280304,True
Brazil.regions.AL:Capela,5.2503337783711626,1.315420560747664,38.02488052741299,4.236186270603064,True
Brazil.regions.AL:Carneiros,5.109090909090909,1.0,64.05292344463787,3.22040448280304,True
Brazil.regions.AL:Coité do Nóia,2.0779976717112922,1.0,25.564760313898464,3.2204044828030405,True
Brazil.regions.AL:Colônia Leopoldina,6.169648774022532,1.0,29.822497047395746,3.22040448280304,True
Brazil.regions.AL:Coqueiro Seco,7.222622478386167,1.0,137.4574822303906,3.220404482803041,True
Brazil.regions.AL:Coruripe,43.84541336353341,1.6710079275198189,75.54834714372886,2.243685191804891,True
Brazil.regions.AL:Craíbas,7.898975109809664,1.0,33.523371518723295,3.2204044828030405,True
Brazil.regions.AL:Delmiro Gouveia,1.9287001802523536,0.1367915081113559,2.817641267241978,1.7948517404145363,True
Brazil.regions.AL:Dois Riachos,2.022222222222222,1.0,24.068283753966462,3.2204044828030396,True
Brazil.regions.AL:Estrela de Alagoas,0.0,1.0,2.2725919467492806,3.22040448280304,True
Brazil.regions.AL:Feira Grande,6.888888888888888,1.0,32.369638325501974,3.2204044828030396,True
Brazil.regions.AL:Feliz Deserto,0.6,0.4000000000000001,30.435464259308873,11.976869881731359,True
Brazil.regions.AL:Flexeiras,1.6135328562134028,0.024072869225764477,17.2137851670281,4.5650362220210345,True
Brazil.regions.AL:Girau do Ponciano,12.6,1.0,30.01761394474541,3.2204044828030405,True
Brazil.regions.AL:Ibateguara,1.8753726893261777,0.2817531305903399,4.8931423577816755,3.6160926927576997,True
Brazil.regions.AL:Igaci,0.0,1.0,0.6811210136660792,3.2204044828030396,True
Brazil.regions.AL:Igreja Nova,0.0,1.0,0.861394774309495,3.22040448280304,True
Brazil.regions.AL:Inhapi,0.5762514551804424,1.0,5.3531688388202525,3.2204044828030405,True
Brazil.regions.AL:Jacaré dos Homens,0.0,1.0,15.816336427153175,3.22040448280304,True
Brazil.regions.AL:Jacuípe,2.6666666666666665,1.0,49.003875059522365,3.2204044828030396,True
Brazil.regions.AL:Japaratinga,6.211618257261412,0.0,83.03265444868137,8.73988734831764,True
Brazil.regions.AL:Jaramataia,0.0,1.0,14.110618047526248,3.220404482803041,True
Brazil.regions.AL:Jequiá da Praia,22.993515850144096,1.1621037463976944,203.97748714193006,8.716757499631084,True
Brazil.regions.AL:Joaquim Gomes,4.144466534128562,0.8873426110006627,18.221126522609215,4.571726998476841,True
Brazil.regions.AL:Jundiá,0.1534526854219949,1.0,24.54018963084305,3.2204044828030396,True
Brazil.regions.AL:Junqueiro,20.570781426953566,0.9263873159682899,84.01533550568553,3.0439808855232267,True
Brazil.regions.AL:Lagoa da Canoa,0.5775764439411099,0.0,5.616568651529863,2.381208781817171,True
Brazil.regions.AL:Limoeiro de Anadia,2.3118886380737393,0.23551542513167795,8.637954887033606,0.9038784015232352,True
Brazil.regions.AL:Major Isidoro,5.329428989751098,0.7730600292825769,28.73995195908293,2.904657452018205,True
Brazil.regions.AL:Mar Vermelho,1.8666666666666665,1.0,78.35804362950964,3.2204044828030396,True
Brazil.regions.AL:Maragogi,19.39134788704186,1.0160224314039659,59.011064499385085,3.016571907832969,True
Brazil.regions.AL:Maravilha,2.286527514231499,1.0,32.64696989492804,3.2204044828030396,True
Brazil.regions.AL:Marechal Deodoro,29.672012830793907,1.1684041700080194,48.24343120279607,1.7849299625577608,True
Brazil.regions.AL:Maribondo,2.5884512683578107,0.3391188251001336,29.852092573566217,3.276987536896846,True
Brazil.regions.AL:Mata Grande,0.0,1.0,0.7453315578060966,3.22040448280304,True
Brazil.regions.AL:Matriz de Camaragibe,4.225673823663774,0.06624029237094563,18.362915360760095,0.9400482141689213,True
Brazil.regions.AL:Messias,5.267011197243756,0.0,31.877104462334483,2.3799539401360272,True
Brazil.regions.AL:Minador do Negrão,0.0,1.0,15.544842280191894,3.2204044828030396,True
Brazil.regions.AL:Monteirópolis,2.8593040847201205,1.0,50.68801966470527,3.2204044828030396,True
Brazil.regions.AL:Murici,42.21466905187835,0.5974955277280859,150.598098464084,2.3345019826583346,True
Brazil.regions.AL:Novo Lino,0.0764525993883792,0.20795107033639146,5.262279515529342,4.360488963745399,True
Brazil.regions.AL:Olho d'Água Grande,1.3333333333333333,1.0,42.32582494006116,3.22040448280304,True
Brazil.regions.AL:Olho d'Água das Flores,3.2008547008547006,1.1260683760683763,17.001768674769394,3.6263956462333375,True
Brazil.regions.AL:Olho d'Água do Casado,2.761904761904762,1.0,36.91514189407483,3.22040448280304,True
Brazil.regions.AL:Olivença,0.7320644216691069,1.0,11.680356199140412,3.2204044828030405,True
Brazil.regions.AL:Ouro Branco,5.0,1.0,48.971662323042466,3.2204044828030396,True
Brazil.regions.AL:Palestina,0.14195583596214512,1.0,16.2785368942119,3.2204044828030405,True
Brazil.regions.AL:Palmeira dos Índios,19.772453889334404,0.929831595829992,14.71730812305574,4.94461076244647,True
Brazil.regions.AL:Paripueira,7.31941309255079,1.36568848758465,64.62144818593751,15.736824961950301,True
Brazil.regions.AL:Passo de Camaragibe,7.626556016597511,0.23651452282157678,53.3657287844814,3.3110445230741035,True
Brazil.regions.AL:Paulo Jacinto,5.297281993204984,0.7310305775764439,80.03292699796089,18.973882263497647,True
Brazil.regions.AL:Penedo,8.661934805467927,0.889589905362776,11.923223101557275,0.9170001651533803,True
Brazil.regions.AL:Piaçabuçu,5.638493891448027,0.36711395954336073,35.83625416598128,3.9765946188496994,True
Brazil.regions.AL:Pilar,26.750985027580775,1.1182033096926716,75.0464689697076,3.0178353692664337,True
Brazil.regions.AL:Pindoba,3.506588579795022,1.0,151.75169248401338,3.2204044828030405,True
Brazil.regions.AL:Piranhas,1.288888888888889,1.0,5.920890652341688,3.2204044828030396,True
Brazil.regions.AL:Porto Calvo,32.53418803418803,0.47435897435897434,120.50848429663095,1.770829326135816,True
Brazil.regions.AL:Porto Real do Colégio,5.918203688853248,1.981355252606255,18.563433105337886,6.380765337518533,True
Brazil.regions.AL:Porto de Pedras,4.8545454545454545,1.0,71.97283279622926,3.22040448280304,True
Brazil.regions.AL:Poço das Trincheiras,0.4612005856515374,0.8828696925329429,6.9366967659911865,3.2801870412143384,True
Brazil.regions.AL:Pão de Açúcar,7.75,0.10714285714285714,32.64172101414355,1.1290827529962433,True
Brazil.regions.AL:Quebrangulo,8.645680819912153,1.0,82.18495074928614,3.2204044828030405,True
Brazil.regions.AL:Rio Largo,58.78087167070218,1.562953995157385,69.50170766397267,1.9891829472787939,True
Brazil.regions.AL:Roteiro,2.3555555555555556,1.0,47.13307024041957,3.2204044828030396,True
Brazil.regions.AL:Santa Luzia do Norte,17.983176447025837,1.1802523532946123,264.9460079297495,3.800889969388807,True
Brazil.regions.AL:Santana do Ipanema,26.10669317428761,1.453943008614977,53.749632826342086,2.4331905631066473,True
Brazil.regions.AL:Santana do Mundaú,0.5,0.5,10.746075964124334,4.655493482309124,True
Brazil.regions.AL:Satuba,44.852432557067104,1.004611482591653,344.71382141482195,4.68320784916526,True
Brazil.regions.AL:Senador Rui Palmeira,0.8571428571428571,1.0,10.169233996958008,3.22040448280304,True
Brazil.regions.AL:São Brás,7.0,1.0,111.70561189415429,3.22040448280304,True
Brazil.regions.AL:São José da Laje,24.504976427448927,1.0,103.37455697266118,3.22040448280304,True
Brazil.regions.AL:São José da Tapera,7.550680786686837,1.0,23.285115624719708,3.2204044828030396,True
Brazil.regions.AL:São Luís do Quitunde,16.927130774235522,1.0,48.659586182037145,3.22040448280304,True
Brazil.regions.AL:São Miguel dos Campos,34.50430602843982,0.29701582215101147,53.62104818401149,2.358894685812048,True
Brazil.regions.AL:São Miguel dos Milagres,7.039966106482137,0.5719531139669539,123.07064768967476,7.514709480328361,True
Brazil.regions.AL:São Sebastião,42.047008547008545,1.0619658119658122,122.66816977896454,3.438697812716811,True
Brazil.regions.AL:Tanque d'Arca,4.818181818181818,1.0,91.19994310210149,3.22040448280304,True
Brazil.regions.AL:Taquarana,6.672782874617737,1.0,35.181912206975426,3.22040448280304,True
Brazil.regions.AL:Teotônio Vilela,36.69668587896254,0.24351585014409224,82.20600098135678,1.5077006637084085,True
Brazil.regions.AL:Traipu,3.0,1.0,11.212213233235206,3.22040448280304,True
Brazil.regions.AL:União dos Palmares,26.43884434262441,2.4789359806541933,33.472280138940704,2.2933593561732293,True
Brazil.regions.AL:Viçosa,3.00522525067081,0.5771783646377632,14.134957537111491,1.9625303749890546,True
Brazil.regions.BA:Abaíra,3.108375467135635,1.884809848318312,20.726047972415746,6.06985008475561,True
Brazil.regions.BA:Acajutiba,1.4214905292972209,1.2743848468755534,5.443823670452886,4.104034673694298,True
Brazil.regions.BA:Adustina,5.918203688853248,0.9945870088211709,18.314684820914024,2.7156042523530677,True
Brazil.regions.BA:Aiquara,2.3647702685503376,1.7114674812269313,39.08280997882005,5.511617548714837,True
Brazil.regions.BA:Almadina,0.9273890142964635,1.2294958615500375,21.08359796037642,3.9594739841235276,True
Brazil.regions.BA:Amargosa,3.468879668049793,0.46058091286307057,8.810577206032631,1.7719495886355108,True
Brazil.regions.BA:Amélia Rodrigues,1.7640320733104238,1.7114674812269313,9.915559456683352,5.511617548714837,True
Brazil.regions.BA:Anguera,3.2116182572614105,1.0,34.31295490817291,3.22040448280304,True
Brazil.regions.BA:Aporá,0.6666666666666666,1.0,6.179328564778409,3.22040448280304,True
Brazil.regions.BA:Apuarema,0.0,1.0,10.42216031937977,3.2204044828030396,True
Brazil.regions.BA:Araci,5.830994386527667,0.981355252606255,20.280095865229526,4.5418201564743805,True
Brazil.regions.BA:Arataca,1.6342015855039638,1.0,20.685590485015855,3.2204044828030396,True
Brazil.regions.BA:Araças,0.0,1.0,4.991798851351512,3.2204044828030396,True
Brazil.regions.BA:Aurelino Leal,5.055132317562149,1.981355252606255,10.922589938967127,6.380765337518533,True
Brazil.regions.BA:Banzaê,0.0,1.0,4.338745868697451,3.22040448280304,True
Brazil.regions.BA:Barra do Choça,4.155372894947876,1.981355252606255,13.533686707835647,6.380765337518533,True
Brazil.regions.BA:Barra do Rocha,5.3107457898957495,1.981355252606255,32.06850131092037,6.380765337518533,True
Brazil.regions.BA:Barro Preto,2.110912343470483,1.4934406678592727,46.109637859255066,4.809483021574367,True
Brazil.regions.BA:Barrocas,2.6182572614107884,1.0,19.424840613021143,3.22040448280304,True
Brazil.regions.BA:Biritinga,0.0,1.0,3.0378094229482584,3.22040448280304,True
Brazil.regions.BA:Buerarema,17.843960799287256,0.9198167239404353,106.63060673392043,8.024418237351476,True
Brazil.regions.BA:Cabaceiras do Paraguaçu,0.0,1.0,2.0967646563472755,3.2204044828030396,True
Brazil.regions.BA:Cachoeira,5.196471531676022,1.981355252606255,17.13530853411335,6.380765337518533,True
Brazil.regions.BA:Caetanos,1.0712654179990864,1.0662402923709455,9.118309405241348,3.433725017296617,True
Brazil.regions.BA:Cairu,9.85761226725082,1.0,56.515578501631495,3.2204044828030405,True
Brazil.regions.BA:Caldeirão Grande,1.0149572649572647,1.1260683760683763,12.63367093609069,3.6263956462333375,True
Brazil.regions.BA:Camacan,7.496992782678428,1.981355252606255,22.854420107389274,6.380765337518533,True
Brazil.regions.BA:Camamu,1.5806304248515302,1.0662402923709455,4.186855538386842,3.433725017296617,True
Brazil.regions.BA:Canarana,5.304731355252607,1.981355252606255,16.644167661331718,6.380765337518533,True
Brazil.regions.BA:Canavieiras,10.154319630688066,1.5847438997581889,32.62458767124131,5.104976781562186,True
Brazil.regions.BA:Candeias,6.873496391339215,1.981355252606255,7.510773548225848,6.380765337518533,True
Brazil.regions.BA:Cansanção,5.78588612670409,1.981355252606255,19.02880395794075,6.380765337518533,True
Brazil.regions.BA:Capela do Alto Alegre,0.44813278008298757,1.0,9.223806053271442,3.22040448280304,True
Brazil.regions.BA:Capim Grosso,2.054931836407378,0.3464314354450682,6.624100621533209,1.204954675930587,True
Brazil.regions.BA:Cardeal da Silva,1.1071428571428572,1.0,19.449233571450396,3.22040448280304,True
Brazil.regions.BA:Castro Alves,5.530292331591584,1.5719531139669543,23.223082260812138,5.062324854975376,True
Brazil.regions.BA:Catu,4.408580593424218,1.2896952686447474,16.20356729323671,5.116397130510806,True
Brazil.regions.BA:Caém,1.7857142857142858,1.0,27.01637274192599,3.22040448280304,True
Brazil.regions.BA:Cipó,0.0,1.0,2.5599423380062087,3.22040448280304,True
Brazil.regions.BA:Coaraci,5.375902165196472,1.6565757818765035,49.042231501565084,4.469510875506226,True
Brazil.regions.BA:Conceição da Feira,0.18154311649016638,1.0,2.0120613800469944,3.2204044828030396,True
Brazil.regions.BA:Conceição do Almeida,0.9818181818181819,1.0,8.270394971120435,3.22040448280304,True
Brazil.regions.BA:Conceição do Coité,3.5130312750601447,1.981355252606255,15.64309643214751,6.380765337518533,True
Brazil.regions.BA:Conceição do Jacuípe,5.944266238973536,1.981355252606255,19.331070823343794,6.380765337518533,True
Brazil.regions.BA:Conde,5.918203688853248,1.981355252606255,18.876307303795443,6.380765337518533,True
Brazil.regions.BA:Coração de Maria,2.324530433554583,1.5719531139669543,7.052733018053994,5.062324854975376,True
Brazil.regions.BA:Cravolândia,2.0080106809078777,1.315420560747664,30.166103986633587,4.236186270603064,True
Brazil.regions.BA:Cristópolis,1.8181818181818181,1.0,17.039709235254602,3.22040448280304,True
Brazil.regions.BA:Cruz das Almas,4.658922491488084,1.1802523532946123,4.533645052969931,3.800889969388807,True
Brazil.regions.BA:Cândido Sales,0.0,1.0,0.7495824162401932,3.22040448280304,True
Brazil.regions.BA:Dias d'Ávila,2.265437048917402,1.981355252606255,15.088021244120581,6.380765337518533,True
Brazil.regions.BA:Dom Basílio,1.0,1.0,13.174381975103348,3.22040448280304,True
Brazil.regions.BA:Dário Meira,2.510515247108307,1.0,30.425811763944868,3.2204044828030405,True
Brazil.regions.BA:Entre Rios,0.2847754654983571,1.0,1.273036880644735,3.2204044828030405,True
Brazil.regions.BA:Esplanada,1.0,1.0,2.1505974776126755,3.22040448280304,True
Brazil.regions.BA:Floresta Azul,3.01821535623703,1.831219737145492,10.352536291039657,5.897268250500748,True
Brazil.regions.BA:Gandu,4.870689655172415,1.518243785084202,15.93413117040702,4.951541291837414,True
Brazil.regions.BA:Gongogi,3.729951884522855,0.7610264635124299,49.759359917837045,20.69684904295002,True
Brazil.regions.BA:Governador Mangabeira,0.30979827089337175,1.0,3.100405626710384,3.220404482803041,True
Brazil.regions.BA:Ibicaraí,4.920516905647018,1.2743848468755534,26.053116332063002,4.104034673694298,True
Brazil.regions.BA:Ibirapitanga,3.461815561959654,0.6217579250720461,15.8675765309281,2.402367449567912,True
Brazil.regions.BA:Ibirapuã,0.0,1.0,8.35768976288412,3.22040448280304,True
Brazil.regions.BA:Ibirataia,3.28728949478749,1.4250200481154773,19.838084045365502,2.7763117883660784,True
Brazil.regions.BA:Igrapiúna,1.3454545454545455,1.0,14.513260612120183,3.22040448280304,True
Brazil.regions.BA:Inhambupe,0.0,1.0,0.7157709106946393,3.22040448280304,True
Brazil.regions.BA:Ipecaetá,0.0,1.0,3.6823359051309694,3.22040448280304,True
Brazil.regions.BA:Ipiaú,23.58560545308741,0.8977546110665598,44.32652285883698,4.018590111264102,True
Brazil.regions.BA:Irará,0.7874762808349146,1.0,2.9360888726936687,3.2204044828030396,True
Brazil.regions.BA:Irecê,1.5375302663438257,1.7736077481840196,9.842464205354698,5.711734342986021,True
Brazil.regions.BA:Itabela,1.6737588652482271,1.4081954294720254,5.376006526520094,4.534958873734462,True
Brazil.regions.BA:Itacaré,6.297008547008548,1.0619658119658122,22.76007671946979,3.39985279882535,True
Brazil.regions.BA:Itagi,5.176423416198878,1.981355252606255,13.000342416374641,6.380765337518533,True
Brazil.regions.BA:Itagibá,2.970128307939054,1.0671611868484363,20.697727813014506,2.6614479297038938,True
Brazil.regions.BA:Itajuípe,3.4715316760224546,1.981355252606255,27.191715151876718,6.380765337518533,True
Brazil.regions.BA:Itamari,0.0,1.0,9.225146232816124,3.22040448280304,True
Brazil.regions.BA:Itanagra,0.0,0.0,12.305135029695018,12.305135029695018,True
Brazil.regions.BA:Itaparica,2.3686614892645044,1.0662402923709455,12.509894327880307,3.433725017296617,True
Brazil.regions.BA:Itapebi,5.024258219727346,1.981355252606255,28.324985180754524,6.380765337518533,True
Brazil.regions.BA:Itapitanga,0.5417276720351392,1.0,11.72895721636441,3.2204044828030405,True
Brazil.regions.BA:Itapé,3.7348867883051224,0.7542316992745658,8.552308718338796,6.864553378721886,True
Brazil.regions.BA:Itatim,3.473336006415397,1.9372493985565358,10.382368488386666,6.076314077425213,True
Brazil.regions.BA:Itororó,5.117281475541299,1.981355252606255,16.430031931148694,6.380765337518533,True
Brazil.regions.BA:Ituberá,5.01102646351243,1.981355252606255,15.80974745534148,6.380765337518533,True
Brazil.regions.BA:Jaguaquara,3.193664795509222,1.981355252606255,10.407814508174225,6.380765337518533,True
Brazil.regions.BA:Jaguaripe,1.8333333333333333,1.0,11.860143384630073,3.2204044828030396,True
Brazil.regions.BA:Jiquiriçá,0.0,1.0,3.658593935027324,3.22040448280304,True
Brazil.regions.BA:Jitaúna,1.744368779465689,0.03614457831325302,21.357499685795283,5.64445227763999,True
Brazil.regions.BA:Jussari,0.1557322730284957,1.0,16.59328097971189,3.22040448280304,True
Brazil.regions.BA:Jussiape,0.0,1.0,12.945130596408083,3.22040448280304,True
Brazil.regions.BA:Lafaiete Coutinho,0.043811610076670324,1.0,24.80890835491635,3.2204044828030405,True
Brazil.regions.BA:Laje,2.0128205128205128,1.1260683760683763,10.014707705315665,3.6263956462333375,True
Brazil.regions.BA:Lajedo do Tabocal,3.8944723618090453,1.0662402923709455,57.751060760316356,3.433725017296617,True
Brazil.regions.BA:Lajedão,1.0,1.0,47.34849564361921,3.22040448280304,True
Brazil.regions.BA:Lamarão,0.0,1.0,8.81763572425125,3.22040448280304,True
Brazil.regions.BA:Lapão,3.0,1.0,11.473053255139142,3.22040448280304,True
Brazil.regions.BA:Licínio de Almeida,1.5575620767494356,1.2294958615500375,20.702055118011007,3.9594739841235276,True
Brazil.regions.BA:Madre de Deus,5.990521327014219,1.0,29.921023133061077,3.2204044828030405,True
Brazil.regions.BA:Mairi,0.0,1.0,2.1340611415276514,3.22040448280304,True
Brazil.regions.BA:Maragogipe,5.245744041658322,0.5673943520929302,10.011915594424636,2.429137163243179,True
Brazil.regions.BA:Maraú,3.0124575311438275,0.23556058890147227,16.28595201279165,2.71001197370525,True
Brazil.regions.BA:Mascote,0.0,1.0,4.014438521103775,3.22040448280304,True
Brazil.regions.BA:Mata de São João,18.19926393270242,1.0,37.9123497851375,3.2204044828030405,True
Brazil.regions.BA:Mirante,2.2948736054229633,1.1129783928823613,7.740034612693289,3.7339082643749846,True
Brazil.regions.BA:Muritiba,0.3797276853252647,0.0,1.4727064574509303,0.18107175788541904,True
Brazil.regions.BA:Mutuípe,2.678571428571429,1.0,13.334077442274266,3.22040448280304,True
Brazil.regions.BA:Nazaré,0.0,1.0,0.28529227442745947,3.22040448280304,True
Brazil.regions.BA:Nilo Peçanha,1.0106837606837604,0.13247863247863245,11.749712367077045,3.5134823143789125,True
Brazil.regions.BA:Nordestina,0.9582132564841499,1.0,11.69363402811965,3.220404482803041,True
Brazil.regions.BA:Nova Fátima,0.0,1.0,9.580414769629115,3.22040448280304,True
Brazil.regions.BA:Nova Ibiá,0.0,1.0,11.951800038513907,3.22040448280304,True
Brazil.regions.BA:Nova Soure,5.4781475541299125,1.981355252606255,17.28807592857696,6.380765337518533,True
Brazil.regions.BA:Nova Viçosa,5.157159487776484,1.0,11.281217962221804,3.2204044828030405,True
Brazil.regions.BA:Olindina,0.0,1.0,0.32205185642257916,3.22040448280304,True
Brazil.regions.BA:Ouriçangas,5.918203688853248,1.981355252606255,16.9043820933086,6.380765337518533,True
Brazil.regions.BA:Palmeiras,5.918203688853248,1.981355252606255,17.005003295321718,6.380765337518533,True
Brazil.regions.BA:Paramirim,2.6828087167070223,1.1743341404358354,7.891930925130973,3.214309717631563,True
Brazil.regions.BA:Pau Brasil,6.13328530259366,1.0,69.33869736435045,3.220404482803041,True
Brazil.regions.BA:Piripá,5.918203688853248,1.981355252606255,17.339035686138775,6.380765337518533,True
Brazil.regions.BA:Piritiba,0.0,1.0,0.8191834792248334,3.22040448280304,True
Brazil.regions.BA:Pojuca,5.224538893344026,1.981355252606255,17.993716671302238,6.380765337518533,True
Brazil.regions.BA:Ponto Novo,1.4000000000000001,0.38181818181818183,12.871857821072512,3.38379013991147,True
Brazil.regions.BA:Potiraguá,1.9765739385065886,1.0,37.98355369142992,3.2204044828030405,True
Brazil.regions.BA:Presidente Dutra,0.0,1.0,3.3837429217670296,3.22040448280304,True
Brazil.regions.BA:Presidente Jânio Quadros,0.0,1.0,4.8846368529077715,3.2204044828030396,True
Brazil.regions.BA:Presidente Tancredo Neves,0.0,1.0,0.3872292702183535,3.22040448280304,True
Brazil.regions.BA:Quixabeira,2.639649507119387,1.0,37.34635328714109,3.2204044828030405,True
Brazil.regions.BA:Rafael Jambeiro,3.2168587896253613,1.0,15.420941123604106,3.220404482803041,True
Brazil.regions.BA:Retirolândia,4.327830188679245,1.0,33.7886965777641,3.22040448280304,True
Brazil.regions.BA:Riachão do Jacuípe,0.0,1.0,0.22961611098822976,3.22040448280304,True
Brazil.regions.BA:Ribeira do Amparo,0.0,1.0,3.632665692635556,3.22040448280304,True
Brazil.regions.BA:Ribeira do Pombal,3.0113297555158023,0.7286821705426356,4.566287114476142,3.3881837532326333,True
Brazil.regions.BA:Rio Real,1.2763320941759604,1.2743848468755534,2.930130398945823,4.104034673694298,True
Brazil.regions.BA:Rio do Pires,5.557337610264636,1.981355252606255,16.055144605324188,6.380765337518533,True
Brazil.regions.BA:Santa Brígida,0.0,1.0,3.815407801725208,3.22040448280304,True
Brazil.regions.BA:Santa Bárbara,6.8664563617245005,1.0,34.84108874923554,3.2204044828030405,True
Brazil.regions.BA:Santa Luzia,5.1283079390537285,1.981355252606255,12.688182816788395,6.380765337518533,True
Brazil.regions.BA:Santa Teresinha,3.5084159557297667,1.831219737145492,13.237833329075528,5.897268250500748,True
Brazil.regions.BA:Santanópolis,0.930383864671438,1.0,18.36501276724099,3.22040448280304,True
Brazil.regions.BA:Santo Amaro,3.5730464326160813,1.0,4.65861350661675,3.2204044828030396,True
Brazil.regions.BA:Santo Estêvão,1.1273792093704247,1.0,2.586292092221024,3.2204044828030405,True
Brazil.regions.BA:Sapeaçu,0.0,1.0,2.527382619162703,3.22040448280304,True
Brazil.regions.BA:Saubara,0.6051873198847263,1.0,10.10839498481073,3.220404482803041,True
Brazil.regions.BA:Saúde,0.027777777777777776,1.0,4.73884416412469,3.2204044828030396,True
Brazil.regions.BA:Senhor do Bonfim,1.774370208105148,0.49616648411829134,1.9811117452990885,2.582761610080508,True
Brazil.regions.BA:Serra Preta,1.3064259160913436,1.2743848468755534,4.702394650003425,4.104034673694298,True
Brazil.regions.BA:Serrinha,4.232558139534884,1.981355252606255,17.04927329646475,6.380765337518533,True
Brazil.regions.BA:Serrolândia,0.0,1.0,4.243953209217562,3.22040448280304,True
Brazil.regions.BA:Sobradinho,2.299546142208774,1.0,11.007296531421332,3.2204044828030396,True
Brazil.regions.BA:Sátiro Dias,0.7971159623472862,1.1802523532946123,8.512817289653317,3.800889969388807,True
Brazil.regions.BA:São Domingos,5.918203688853248,1.981355252606255,17.01315760223943,6.380765337518533,True
Brazil.regions.BA:São Felipe,0.9200841219768664,1.0,5.45784467811076,3.2204044828030405,True
Brazil.regions.BA:São Francisco do Conde,2.16018444266239,1.314755412991179,8.585699012268913,4.705975528928322,True
Brazil.regions.BA:São Gonçalo dos Campos,0.925792507204611,1.0,2.0270494737939124,3.220404482803041,True
Brazil.regions.BA:São José da Vitória,1.3920240782543265,1.2294958615500375,28.34965078639938,3.9594739841235276,True
Brazil.regions.BA:São Sebastião do Passé,12.071090047393366,0.07582938388625593,26.285442125308393,1.1342405638103903,True
Brazil.regions.BA:Taperoá,3.9455205811138017,1.7736077481840196,22.707584597079176,5.711734342986021,True
Brazil.regions.BA:Teofilândia,2.254160363086233,1.0,11.230969365168503,3.2204044828030396,True
Brazil.regions.BA:Ubaitaba,3.026496116948378,0.09547738693467336,18.82163564956894,2.0069142646121407,True
Brazil.regions.BA:Ubatã,4.108660785886127,1.981355252606255,13.105921517908461,6.380765337518533,True
Brazil.regions.BA:Una,2.276919529628776,1.831219737145492,11.891089698708633,5.897268250500748,True
Brazil.regions.BA:Urandi,17.357142857142854,1.0,106.97975674389195,3.22040448280304,True
Brazil.regions.BA:Uruçuca,24.743985565356862,1.8380112269446671,132.0272735520697,12.174708766328495,True
Brazil.regions.BA:Utinga,5.918203688853248,0.981355252606255,18.498574080846954,2.8197822963961925,True
Brazil.regions.BA:Valente,4.116222760290557,1.5871670702179177,15.808054273995841,5.056936190469245,True
Brazil.regions.BA:Valença,6.066988210075026,1.6444265809217578,5.60377687711793,5.295718732840904,True
Brazil.regions.BA:Varzedo,0.8333333333333333,1.0,17.523353531830736,3.2204044828030396,True
Brazil.regions.BA:Vera Cruz,3.2227345629510826,1.3678829190056134,12.524323227491035,4.961446147271116,True
Brazil.regions.BA:Vereda,1.8305597579425112,0.0,42.39699693448159,12.895630972474962,True
Brazil.regions.BA:Várzea Nova,0.0,1.0,4.655471708423233,3.22040448280304,True
Brazil.regions.BA:Várzea da Roça,0.0,0.046898638426626324,3.8697826981385375,3.8393277440153897,True
Brazil.regions.BA:Wenceslau Guimarães,1.0,1.0,6.257819298060426,3.2204044828030405,True
Brazil.regions.BA:Água Fria,0.8841234010534236,0.22949586155003762,3.666838816420602,2.1848315809694094,True
Brazil.regions.CE:Abaiara,0.2692119432207538,1.0,4.73989977884849,3.2204044828030405,True
Brazil.regions.CE:Acarape,7.8898460669396995,0.07767264510662336,65.68386390639988,5.987482627599326,True
Brazil.regions.CE:Acaraú,147.5281350482315,2.109860664523044,229.1982635036064,3.173815296965393,True
Brazil.regions.CE:Alcântaras,22.804114490161002,0.5989862850327967,212.74244970612932,3.7441142417391506,True
Brazil.regions.CE:Amontada,5.326784282277466,0.7363672814755413,10.081204736882905,3.5155624213565306,True
Brazil.regions.CE:Antonina do Norte,0.5259938837920489,1.0,17.532946309962487,3.22040448280304,True
Brazil.regions.CE:Apuiarés,9.148521862276509,1.7771286953443088,71.44848126064456,13.778753646205296,True
Brazil.regions.CE:Aquiraz,26.34021651964715,1.9372493985565358,19.242725664235625,6.3258191501660415,True
Brazil.regions.CE:Aracati,23.592822774659187,0.4264234161988773,18.71121471036367,3.45316550004416,True
Brazil.regions.CE:Aracoiaba,31.351089588377725,1.7736077481840196,121.028012773356,5.711734342986021,True
Brazil.regions.CE:Ararendá,1.3489113117365907,0.32218091697645607,9.11783858018434,5.478005290648665,True
Brazil.regions.CE:Araripe,1.9290399522957662,1.4934406678592727,5.6362460725809225,4.809483021574367,True
Brazil.regions.CE:Aratuba,7.218776916451335,1.0,66.15392586624174,3.2204044828030396,True
Brazil.regions.CE:Arneiroz,12.253004005340456,1.315420560747664,182.3878005980088,4.236186270603064,True
Brazil.regions.CE:Assaré,0.0,1.0,1.0499973620105565,3.2204044828030396,True
Brazil.regions.CE:Aurora,1.9772012578616354,0.0,8.855531502682624,0.8357324523798924,True
Brazil.regions.CE:Baixio,1.0,1.0,28.586211293278385,3.22040448280304,True
Brazil.regions.CE:Banabuiú,24.37328562909958,0.9120453190220632,141.67313315423783,2.4962620337557158,True
Brazil.regions.CE:Barbalha,13.852136181575435,0.9532710280373832,18.47854712799073,3.6403593959049183,True
Brazil.regions.CE:Barreira,7.987087848743372,0.8109292137422182,41.9033950990832,3.712736623545675,True
Brazil.regions.CE:Barro,1.832363213038417,1.0,9.267969472392803,3.2204044828030405,True
Brazil.regions.CE:Barroquinha,9.910785886126705,1.981355252606255,89.7868412378737,6.380765337518533,True
Brazil.regions.CE:Baturité,20.33777239709443,1.6101694915254239,54.932206480511454,3.9747123233107375,True
Brazil.regions.CE:Bela Cruz,71.31538049303323,0.8298499464094318,218.2171081469189,2.463821082849911,True
Brazil.regions.CE:Brejo Santo,10.183056278790307,0.4932906068495895,18.46941264317525,1.6838124322821761,True
Brazil.regions.CE:Camocim,31.048426150121067,1.6428571428571428,41.91154939845463,2.8374030303889484,True
Brazil.regions.CE:Campos Sales,11.35810134187863,1.1802523532946123,42.16343705408591,3.800889969388807,True
Brazil.regions.CE:Capistrano,28.73645376988702,0.6363845976481439,174.27055254189926,6.116296444520962,True
Brazil.regions.CE:Caridade,5.566585956416465,0.2469733656174334,30.31707294362672,3.099897711225168,True
Brazil.regions.CE:Caririaçu,5.936500685244402,0.31247144814984007,22.72332163602327,1.3095393212703443,True
Brazil.regions.CE:Cariré,20.142799919887846,1.1802523532946123,113.06166531500875,3.800889969388807,True
Brazil.regions.CE:Cariús,5.414595028067361,0.981355252606255,15.767792060321089,2.7969669552221763,True
Brazil.regions.CE:Carnaubal,7.8724604966139955,1.2294958615500375,49.82051318550803,3.9594739841235276,True
Brazil.regions.CE:Cascavel,50.979350441058536,1.7407778668805134,58.63447965348274,1.61258853523935,True
Brazil.regions.CE:Catarina,4.315356856455494,1.981355252606255,10.862234488310088,6.380765337518533,True
Brazil.regions.CE:Catunda,2.4970896391152504,1.0,30.594037976249854,3.2204044828030405,True
Brazil.regions.CE:Cedro,3.3074935400516794,1.0,13.634052378533106,3.2204044828030396,True
Brazil.regions.CE:Chaval,2.842377260981912,0.8923341946597761,26.180293818382303,8.694278083362267,True
Brazil.regions.CE:Chorozinho,30.665058949624868,0.4761521972132904,158.11622130552487,3.1688424097245202,True
Brazil.regions.CE:Choró,22.508547008547005,0.8824786324786325,173.20713644491522,3.0470643499109586,True
Brazil.regions.CE:Coreaú,72.4586922751024,1.5197006072588621,317.2521165112118,4.8364755002550615,True
Brazil.regions.CE:Croatá,5.918203688853248,1.981355252606255,18.4081043621397,6.380765337518533,True
Brazil.regions.CE:Cruz,55.08040770101926,1.0,222.66434881408847,3.668490003515542,True
Brazil.regions.CE:Deputado Irapuan Pinheiro,2.098290598290598,1.1260683760683763,33.36612791076271,3.6263956462333375,True
Brazil.regions.CE:Ererê,9.510910458991722,0.6294206170052671,154.2884351101991,10.639546092221602,True
Brazil.regions.CE:Eusébio,112.68243785084204,3.88672814755413,200.8426122892063,4.6602098821574085,True
Brazil.regions.CE:Farias Brito,3.804129911788292,0.6836407377706496,8.073231382515406,2.460010064706895,True
Brazil.regions.CE:Forquilha,2.478949478748998,1.482157177225341,5.92525380904656,4.319496548267091,True
Brazil.regions.CE:Fortim,5.918203688853248,1.981355252606255,18.258633894113384,6.380765337518533,True
Brazil.regions.CE:Frecheirinha,12.670093000489477,0.9314733235438081,94.96965190940135,3.2660090845282137,True
Brazil.regions.CE:General Sampaio,7.034541336353341,1.5266138165345415,102.24745238715418,27.29827196637073,True
Brazil.regions.CE:Graça,10.906792701692684,1.884809848318312,96.51790386344196,6.06985008475561,True
Brazil.regions.CE:Groaíras,17.95932777856235,1.0381302075977972,183.72132932851767,2.9543567143131444,True
Brazil.regions.CE:Guaiúba,30.143354769560556,0.8579849946409431,118.09158413225096,3.8406018998890223,True
Brazil.regions.CE:Guaraciaba do Norte,1.9867682437850844,1.8520449077786687,5.314554643595678,6.062596091842667,True
Brazil.regions.CE:Guaramiranga,7.250764525993884,1.0,155.66202428657655,3.22040448280304,True
Brazil.regions.CE:Hidrolândia,3.5077519379844966,1.287716159809183,23.624970661017986,3.779727750525766,True
Brazil.regions.CE:Horizonte,67.9172012830794,0.5749799518845228,88.85622443913122,2.6695848658222254,True
Brazil.regions.CE:Ibaretama,1.761789924973205,0.47883172561629156,13.379753282981016,4.074442076085952,True
Brazil.regions.CE:Ibiapina,13.73394495412844,1.0,55.722448476065786,3.22040448280304,True
Brazil.regions.CE:Ibicuitinga,33.135062611806795,0.5989862850327967,280.7411981401327,3.366706917581138,True
Brazil.regions.CE:Icapuí,9.480753809141941,1.2155172413793103,59.98685199580393,3.2498251357134977,True
Brazil.regions.CE:Iguatu,36.29591018444266,4.098837209302326,19.915105660428438,1.1273431960484923,True
Brazil.regions.CE:Ipaporanga,2.126102646351243,1.981355252606255,23.725935265796668,6.380765337518533,True
Brazil.regions.CE:Ipaumirim,1.334749513188175,1.2743848468755534,11.658493093104964,4.104034673694298,True
Brazil.regions.CE:Ipu,8.029858051884485,0.8091042584434656,18.095214945230172,2.6507311105708187,True
Brazil.regions.CE:Iracema,5.714070729872084,0.49209932279909707,47.801878958160025,2.889605930807206,True
Brazil.regions.CE:Itaitinga,40.63151563753007,1.8199679230152368,102.99104357468502,4.653295330719353,True
Brazil.regions.CE:Itaiçaba,2.6523656776263036,1.4641138732959103,47.54457475594086,4.899440725388238,True
Brazil.regions.CE:Itapajé,6.277064955894146,1.8079390537289493,7.845209285478961,6.051546165468595,True
Brazil.regions.CE:Itapiúna,18.5008038585209,0.8566452304394425,97.44563555860923,2.5735316520344207,True
Brazil.regions.CE:Itarema,75.36688051323176,1.5854049719326384,174.616465374464,3.4633482010110974,True
Brazil.regions.CE:Itatira,39.04053814834484,0.7043724553018234,183.7388870472598,4.794752517705492,True
Brazil.regions.CE:Jaguaribara,13.087482868889904,0.2507994518044769,122.8408811242592,4.90734770078492,True
Brazil.regions.CE:Jaguaruana,9.906510379889848,0.7952266629007203,28.459023981737577,2.7578405023089068,True
Brazil.regions.CE:Jardim,2.0915324985092427,1.4934406678592727,6.622397518367176,4.809483021574367,True
Brazil.regions.CE:Jati,2.0,1.0,33.76640355566324,3.22040448280304,True
Brazil.regions.CE:Jijoca de Jericoacoara,40.34109429569266,0.21420256111757857,205.4044153380118,2.1247028072392027,True
Brazil.regions.CE:Jucás,2.554479418886199,1.2336561743341405,9.000250376408431,3.537403517673418,True
Brazil.regions.CE:Lavras da Mangabeira,1.9256214915797918,1.4250200481154773,6.4003330944631545,4.6150702616940515,True
Brazil.regions.CE:Limoeiro do Norte,27.6453488372093,0.516840417000802,35.84137869150429,2.778068927429098,True
Brazil.regions.CE:Madalena,21.85699263932702,1.0,113.12173173572869,3.9823840053516997,True
Brazil.regions.CE:Marco,25.702991452991448,1.1260683760683763,94.6410963382475,3.6263956462333375,True
Brazil.regions.CE:Martinópole,0.48195523069894924,1.0662402923709455,7.933664645565155,3.433725017296617,True
Brazil.regions.CE:Massapê,65.38135593220339,2.1912832929782082,165.87519790393688,5.075940023362166,True
Brazil.regions.CE:Mauriti,5.0330793905372895,1.810946271050521,18.348960275033768,6.025465346784757,True
Brazil.regions.CE:Meruoca,14.354473386183466,1.0736126840317102,98.75524396100026,6.440693668549255,True
Brazil.regions.CE:Milagres,3.2259988073941566,1.4934406678592727,13.134088169301158,4.809483021574367,True
Brazil.regions.CE:Milhã,11.819571865443427,0.28440366972477066,94.22978073531496,4.051114073450372,True
Brazil.regions.CE:Miraíma,3.7185929648241207,0.29693924166285973,32.73510511738867,6.431519837485589,True
Brazil.regions.CE:Missão Velha,7.608908467939306,1.0,21.05618160207542,3.2204044828030405,True
Brazil.regions.CE:Monsenhor Tabosa,18.53211009174312,1.8195718654434252,110.11434132051085,13.01377438304497,True
Brazil.regions.CE:Moraújo,14.999999999999998,0.2358490566037736,180.1817046414519,10.945678238469009,True
Brazil.regions.CE:Morrinhos,47.92161929371232,2.317829457364341,213.8809503308666,10.67282570447041,True
Brazil.regions.CE:Mucambo,33.19266055045871,0.44342507645259943,231.99085334521314,3.4642897436740485,True
Brazil.regions.CE:Mulungu,4.674334140435835,1.7736077481840196,71.07678124892722,5.711734342986021,True
Brazil.regions.CE:Nova Olinda,5.002403364710594,1.1802523532946123,37.78171722907318,3.800889969388807,True
Brazil.regions.CE:Nova Russas,8.936692506459949,0.1511627906976744,27.519003396258956,0.5585719889587558,True
Brazil.regions.CE:Novo Oriente,4.270850040096231,1.455092221331195,13.223077403910812,4.5411350677416955,True
Brazil.regions.CE:Ocara,32.97496662216289,1.1385180240320427,130.12681478646095,5.268148872345777,True
Brazil.regions.CE:Orós,18.173901393354768,1.6444265809217578,90.54564664275878,5.295718732840904,True
Brazil.regions.CE:Pacajus,74.795425933697,0.8289970625262274,92.15212134373768,2.868460934995101,True
Brazil.regions.CE:Pacatuba,92.1874498797113,5.753408179631115,96.60411369165605,4.919254552878392,True
Brazil.regions.CE:Pacoti,13.611738148984198,0.909706546275395,121.2627016722684,12.7524188892713,True
Brazil.regions.CE:Pacujá,3.6611195158850225,1.0,68.1269017453467,3.2204044828030396,True
Brazil.regions.CE:Palhano,6.622390891840608,0.5256166982922201,77.98981170983076,5.2191505991281995,True
Brazil.regions.CE:Palmácia,13.624288425047439,0.03225806451612903,106.5550678565412,4.25160266772605,True
Brazil.regions.CE:Paracuru,36.230112981323494,1.7643532395665207,101.46793399139887,5.116295149732017,True
Brazil.regions.CE:Paraipaba,39.3611111111111,1.5854700854700854,119.94016141858563,4.821038098536662,True
Brazil.regions.CE:Paramoti,6.180442374854483,1.0,55.51051629958272,3.2204044828030405,True
Brazil.regions.CE:Pedra Branca,9.036688051323175,0.37650360866078586,14.865291200816728,1.8510204140467266,True
Brazil.regions.CE:Penaforte,1.6071428571428572,0.3571428571428571,25.502112396593866,6.162148869500521,True
Brazil.regions.CE:Pentecoste,15.944838455476756,1.9314420803782508,40.48193006625599,4.460137370392987,True
Brazil.regions.CE:Pereiro,3.4704830053667273,1.4934406678592727,31.17873999740359,4.809483021574367,True
Brazil.regions.CE:Pindoretama,21.56074578989575,1.5703688853247797,116.1897329016641,10.300432851891962,True
Brazil.regions.CE:Piquet Carneiro,0.0,1.0,2.6761696076504067,3.22040448280304,True
Brazil.regions.CE:Pires Ferreira,1.6182572614107884,1.0,20.688437279691605,3.22040448280304,True
Brazil.regions.CE:Poranga,4.91743119266055,1.0,44.74839571710415,3.22040448280304,True
Brazil.regions.CE:Porteiras,2.796232658775614,1.2723685885197913,7.336532259813683,2.676222369944225,True
Brazil.regions.CE:Potengi,0.8879668049792531,1.0,13.87300253375878,3.22040448280304,True
Brazil.regions.CE:Potiretama,2.1049493142516393,1.4934406678592727,54.17087469900777,4.809483021574367,True
Brazil.regions.CE:Quiterianópolis,7.112590799031477,1.5435835351089588,40.7886783284417,4.620744905141872,True
Brazil.regions.CE:Quixelô,2.0048067294211895,1.1802523532946123,17.606393358732007,3.800889969388807,True
Brazil.regions.CE:Quixeré,5.4115878107457895,1.2967121090617482,33.388071942416886,3.4324205720862593,True
Brazil.regions.CE:Redenção,40.26271186440678,0.3220338983050848,139.610286061627,1.4252482913495828,True
Brazil.regions.CE:Reriutaba,4.570446735395189,0.7047219040346189,33.92401778408767,2.929396165294932,True
Brazil.regions.CE:Salitre,3.4915254237288136,0.7736077481840195,10.462188497729269,2.4845007280548783,True
Brazil.regions.CE:Santana do Acaraú,3.1926623897353643,1.1694065757818766,9.148970058654031,3.8060703665179836,True
Brazil.regions.CE:Santana do Cariri,9.143786597267402,1.0,54.089124315317896,3.22040448280304,True
Brazil.regions.CE:Senador Pompeu,2.5571371291098637,1.981355252606255,9.656829664522293,6.380765337518533,True
Brazil.regions.CE:Senador Sá,8.825180433039295,1.981355252606255,182.82519422726202,6.380765337518533,True
Brazil.regions.CE:São Benedito,9.731624273983577,1.1802523532946123,18.362444669335314,3.800889969388807,True
Brazil.regions.CE:São Gonçalo do Amarante,181.3323151330024,4.254677357770141,369.6328976114715,7.093886633494349,True
Brazil.regions.CE:São João do Jaguaribe,8.119158878504674,1.315420560747664,133.19225910917146,4.236186270603064,True
Brazil.regions.CE:São Luís do Curu,8.961507618283882,0.8215717722534083,99.87221126698886,4.227215442608491,True
Brazil.regions.CE:Tabuleiro do Norte,12.908981555733762,1.2275461106655974,42.310562843425195,3.9311688567614063,True
Brazil.regions.CE:Tarrafas,1.0,1.0,20.057062928742578,3.22040448280304,True
Brazil.regions.CE:Tejuçuoca,36.73557278208441,0.7932816537467701,193.4522008337363,4.304288887625533,True
Brazil.regions.CE:Tianguá,7.301924619085806,0.5066158781074579,7.191996895187313,4.438939073464078,True
Brazil.regions.CE:Trairi,32.279621894921966,3.251044185535283,49.827807806628584,3.8633853743636495,True
Brazil.regions.CE:Tururu,15.395230439442658,2.8461950696677385,106.20123338676623,20.771477262430086,True
Brazil.regions.CE:Ubajara,29.94367130550033,0.7190192180251822,85.7709425852176,1.965452210290294,True
Brazil.regions.CE:Umari,1.0,1.0,22.64277927511756,3.2204044828030396,True
Brazil.regions.CE:Umirim,24.34408171440016,3.917484478269577,126.00657460734848,21.912788878349854,True
Brazil.regions.CE:Uruburetama,49.25969198088158,1.1876438307665076,228.7289721207193,5.819821036697584,True
Brazil.regions.CE:Uruoca,1.8977340488968395,1.287716159809183,27.32355708306426,3.4797720265009313,True
Brazil.regions.CE:Varjota,16.661068044788973,0.40568475452196384,92.6594437516648,4.102732082462012,True
Brazil.regions.CE:Viçosa do Ceará,55.818425760286225,0.9910554561717352,86.64226736679822,1.1969086460453817,True
Brazil.regions.CE:Várzea Alegre,2.7074979951884526,1.981355252606255,8.70660237733185,6.380765337518533,True
Brazil.regions.ES:Afonso Cláudio,5.393945469125902,0.6341218925421012,17.974784343065068,2.093771396847197,True
Brazil.regions.ES:Alegre,2.15954606141522,1.315420560747664,7.276648034849362,4.236186270603064,True
Brazil.regions.ES:Alfredo Chaves,25.482165337809484,0.9643306756189678,197.27617447929543,3.207569071703894,True
Brazil.regions.ES:Alto Rio Novo,0.0,1.0,9.541208585088741,3.22040448280304,True
Brazil.regions.ES:Anchieta,24.230749649993633,1.6618302150948199,83.63195876242456,5.3419928823029466,True
Brazil.regions.ES:Apiacá,3.347048300536673,1.4934406678592727,78.20102810350757,4.809483021574367,True
Brazil.regions.ES:Atilio Vivacqua,0.0,1.0,5.157611602987844,3.2204044828030396,True
Brazil.regions.ES:Baixo Guandu,30.52987421383647,0.18238993710691825,98.49542948660299,0.5919562442959818,True
Brazil.regions.ES:Barra de São Francisco,36.69875424688562,0.25254813137032844,81.2401745917427,1.2631473884254865,True
Brazil.regions.ES:Boa Esperança,2.7475942261427426,1.8079390537289493,23.144510145885548,5.548531982061562,True
Brazil.regions.ES:Bom Jesus do Norte,9.538740920096854,1.7736077481840196,127.71128535853332,5.711734342986021,True
Brazil.regions.ES:Brejetuba,1.9409443808069236,1.7114674812269313,7.621819443839587,5.511617548714837,True
Brazil.regions.ES:Castelo,3.3530473135525267,1.810946271050521,12.41299813990501,5.926753024533683,True
Brazil.regions.ES:Conceição da Barra,1.932949188056574,1.0,6.2220818744813995,3.22040448280304,True
Brazil.regions.ES:Conceição do Castelo,10.890995260663509,0.43601895734597157,90.24022006064985,4.020678091161925,True
Brazil.regions.ES:Divino de São Lourenço,0.6255924170616115,1.0,34.54893606230875,3.2204044828030405,True
Brazil.regions.ES:Domingos Martins,40.406208277703605,1.315420560747664,118.63975519320316,4.236186270603064,True
Brazil.regions.ES:Fundão,21.55172413793103,1.7487971130713713,110.08344707989836,9.341360327157945,True
Brazil.regions.ES:Governador Lindenberg,0.0,1.0,4.648035205606748,3.22040448280304,True
Brazil.regions.ES:Guaçuí,15.528704939919892,0.9332443257676902,50.361269906892,3.010803592376431,True
Brazil.regions.ES:Ibatiba,6.181818181818182,0.6545454545454545,24.31513029910855,2.319891827347297,True
Brazil.regions.ES:Ibiraçu,2.7199278267842826,1.981355252606255,17.619211348339512,6.380765337518533,True
Brazil.regions.ES:Ibitirama,0.14439411098527746,1.0,9.65386833737108,3.2204044828030396,True
Brazil.regions.ES:Iconha,6.279122887163089,1.0662402923709455,51.09599965385574,3.433725017296617,True
Brazil.regions.ES:Irupi,2.6952603471295062,1.315420560747664,31.796057606705837,4.236186270603064,True
Brazil.regions.ES:Itaguaçu,0.0,1.0,3.8889371921578593,3.22040448280304,True
Brazil.regions.ES:Itapemirim,3.034282277465919,1.981355252606255,10.849183101086783,6.380765337518533,True
Brazil.regions.ES:Itarana,8.567362428842506,0.8671726755218216,87.4225365768133,3.623319420238727,True
Brazil.regions.ES:Iúna,2.8992710404241215,0.0,10.151122695359991,0.20883319766059308,True
Brazil.regions.ES:Jaguaré,2.1686746987951806,0.7261774370208105,7.176533203961342,2.355222083708263,True
Brazil.regions.ES:Jerônimo Monteiro,3.2418722619322113,1.831219737145492,7.682260435596642,5.897268250500748,True
Brazil.regions.ES:João Neiva,8.99567264859361,1.7114674812269313,65.66591458198799,5.511617548714837,True
Brazil.regions.ES:Laranja da Terra,6.0069848661234,1.0,60.78786139938751,3.2204044828030405,True
Brazil.regions.ES:Mantenópolis,1.0181818181818183,1.0,9.927359805026393,3.22040448280304,True
Brazil.regions.ES:Marataízes,90.09136592051163,3.5628140703517586,233.1228906825049,8.985095052684217,True
Brazil.regions.ES:Marechal Floriano,26.853595033046265,0.8898457840977368,165.7355127007811,2.6715075199605023,True
Brazil.regions.ES:Marilândia,4.068684516880093,1.0,36.27686440896111,3.2204044828030405,True
Brazil.regions.ES:Mimoso do Sul,20.558323895809735,1.0,79.21114790434085,3.2204044828030396,True
Brazil.regions.ES:Montanha,3.5962145110410093,1.0,21.481312217728437,3.2204044828030405,True
Brazil.regions.ES:Mucurici,0.9,1.0,31.174961194242577,3.2204044828030396,True
Brazil.regions.ES:Muniz Freire,2.9020385050962627,0.43941109852774635,19.121642497421764,2.8195431808927296,True
Brazil.regions.ES:Muqui,6.990686845168802,0.8079161816065191,48.50259924021335,3.908120388782591,True
Brazil.regions.ES:Nova Venécia,2.8939454691259026,1.2656375300721732,12.646017383697528,4.952472137490432,True
Brazil.regions.ES:Pancas,23.786729857819907,1.0,103.69268151538498,3.2204044828030405,True
Brazil.regions.ES:Pedro Canário,2.261677485045183,1.6618302150948199,9.822349316001976,5.322046565931032,True
Brazil.regions.ES:Pinheiros,6.511891279728199,0.28482446206115514,24.553068655542056,1.5229148890082647,True
Brazil.regions.ES:Piúma,22.276386404293383,0.7033392963625522,107.31313608183865,2.28569229469633,True
Brazil.regions.ES:Presidente Kennedy,44.63790250731831,0.49980908743795344,408.4831089460258,9.363769727850297,True
Brazil.regions.ES:Rio Bananal,5.513585155732273,1.0,30.809087997904722,3.22040448280304,True
Brazil.regions.ES:Rio Novo do Sul,2.6533027873234056,1.7114674812269313,29.69732901233625,5.511617548714837,True
Brazil.regions.ES:Santa Leopoldina,3.773604699958036,1.9347461183382293,56.82500269222342,6.230665072582213,True
Brazil.regions.ES:Santa Maria de Jetibá,22.298017062485588,0.5503804473138114,51.36711606027764,1.7061308260748214,True
Brazil.regions.ES:Santa Teresa,1.8945469125902166,1.981355252606255,11.175944386176031,6.380765337518533,True
Brazil.regions.ES:Sooretama,2.70308740978348,1.5513231756214916,8.463849921213974,4.950661988716526,True
Brazil.regions.ES:São Domingos do Norte,0.0,0.47619047619047616,8.356349395409508,5.910661341787381,True
Brazil.regions.ES:São Gabriel da Palha,3.5517241379310347,1.981355252606255,12.798802402885551,6.380765337518533,True
Brazil.regions.ES:São José do Calçado,3.963512429831596,1.981355252606255,74.19691871947884,6.380765337518533,True
Brazil.regions.ES:São Roque do Canaã,5.051122694466721,1.981355252606255,12.009499229911455,6.380765337518533,True
Brazil.regions.ES:Vargem Alta,9.942378208486119,0.2928234677841802,47.90742566618359,1.969869959669691,True
Brazil.regions.ES:Venda Nova do Imigrante,13.923416198877307,1.981355252606255,60.1734872308453,6.380765337518533,True
Brazil.regions.ES:Viana,45.33480352846832,0.4466720128307939,44.70205154774102,3.645382309635707,True
Brazil.regions.ES:Vila Pavão,1.0,1.0,18.499838783921547,3.2204044828030405,True
Brazil.regions.ES:Vila Valério,8.334140435835353,1.7736077481840196,77.17670124228928,5.711734342986021,True
Brazil.regions.ES:Água Doce do Norte,12.31763417305586,0.16757940854326397,117.64023779921766,5.4133538677566415,True
Brazil.regions.ES:Águia Branca,2.6626323751891072,0.9243570347957639,34.76582633226756,16.499662427017885,True
Brazil.regions.GO:Abadia de Goiás,4.1,1.0,54.912503302447156,3.2204044828030396,True
Brazil.regions.GO:Alexânia,0.0,1.0,0.3958396860032373,3.2204044828030405,True
Brazil.regions.GO:Aloândia,5.918203688853248,1.981355252606255,31.016759954688034,6.380765337518533,True
Brazil.regions.GO:Amaralina,1.0,1.0,49.24549268403851,3.2204044828030396,True
Brazil.regions.GO:Amorinópolis,1.0,1.0,60.75912206870048,3.2204044828030396,True
Brazil.regions.GO:Anhanguera,5.918203688853248,1.981355252606255,64.75278774218091,6.380765337518533,True
Brazil.regions.GO:Anicuns,0.0,1.0,1.3562545560985622,3.22040448280304,True
Brazil.regions.GO:Aparecida do Rio Doce,0.0,0.0,37.19996738461814,37.19996738461814,True
Brazil.regions.GO:Aragarças,1.110056925996205,1.0,7.267998569171336,3.2204044828030396,True
Brazil.regions.GO:Aragoiânia,3.380145278450364,1.7736077481840196,11.085116237114512,5.711734342986021,True
Brazil.regions.GO:Araçu,0.0,1.0,25.17255406347748,3.22040448280304,True
Brazil.regions.GO:Aurilândia,0.0,0.0,28.83087756847901,28.83087756847901,True
Brazil.regions.GO:Avelinópolis,0.0,1.0,38.15319915807408,3.22040448280304,True
Brazil.regions.GO:Barro Alto,0.791948833709556,1.2294958615500375,6.246763497935577,3.9594739841235276,True
Brazil.regions.GO:Bela Vista de Goiás,1.9797514033680836,1.6204891740176421,6.704841885490066,5.1768751670811275,True
Brazil.regions.GO:Bonfinópolis,1.0,1.0,17.385406355853462,3.2204044828030396,True
Brazil.regions.GO:Brazabrantes,0.0,1.0,23.784726492082186,3.22040448280304,True
Brazil.regions.GO:Caldazinha,0.0,1.0,23.067713287964573,3.22040448280304,True
Brazil.regions.GO:Campestre de Goiás,5.918203688853248,1.981355252606255,17.40059966630525,6.380765337518533,True
Brazil.regions.GO:Campinorte,0.7931103544962949,1.1802523532946123,7.102757866876653,3.800889969388807,True
Brazil.regions.GO:Campos Belos,13.635071090047393,0.0,70.3707409390675,1.8080060366317663,True
Brazil.regions.GO:Carmo do Rio Verde,2.780010718113612,1.6444265809217578,16.116999775972065,5.295718732840904,True
Brazil.regions.GO:Caturaí,0.0,1.0,16.50346139490899,3.2204044828030405,True
Brazil.regions.GO:Ceres,2.8839764201500535,1.6444265809217578,9.854760014425716,5.295718732840904,True
Brazil.regions.GO:Cidade Ocidental,3.9274258219727347,1.981355252606255,16.13410630877522,6.380765337518533,True
Brazil.regions.GO:Corumbá de Goiás,0.09313154831199068,0.9068684516880092,6.618763368790035,3.4588297330384696,True
Brazil.regions.GO:Córrego do Ouro,0.0,1.0,39.75338150774273,3.22040448280304,True
Brazil.regions.GO:Goiandira,4.9819566960705695,0.981355252606255,27.063509682028574,11.476377519624323,True
Brazil.regions.GO:Goianira,3.0089923910537237,1.831219737145492,11.511546565626107,5.897268250500748,True
Brazil.regions.GO:Goianápolis,0.0,1.0,5.683522148841515,3.22040448280304,True
Brazil.regions.GO:Guapó,5.39494787489976,1.981355252606255,14.303472756481993,6.380765337518533,True
Brazil.regions.GO:Hidrolândia,5.918203688853248,1.981355252606255,18.669267007781876,6.380765337518533,True
Brazil.regions.GO:Indiara,6.0,1.0,41.61977231560833,3.22040448280304,True
Brazil.regions.GO:Inhumas,2.6103160405485983,1.4934406678592727,6.042589179121886,4.809483021574367,True
Brazil.regions.GO:Iporá,1.5424912689173458,0.6111757857974388,4.881105362808971,1.9274550405232636,True
Brazil.regions.GO:Itaguaru,5.494125052454888,1.9347461183382293,22.924344835821007,6.230665072582213,True
Brazil.regions.GO:Itapuranga,2.0,1.0,8.421942614371751,3.2204044828030396,True
Brazil.regions.GO:Ivolândia,0.0,1.0,38.97368834420118,3.2204044828030396,True
Brazil.regions.GO:Jesúpolis,1.3696109358569928,1.0,97.18857572112762,3.2204044828030405,True
Brazil.regions.GO:Joviânia,0.01664145234493192,0.0,10.542171019362007,10.31689076560633,True
Brazil.regions.GO:Leopoldo de Bulhões,3.0,1.0,49.08769019484833,3.22040448280304,True
Brazil.regions.GO:Maurilândia,0.0,1.0,3.881868244469687,3.2204044828030396,True
Brazil.regions.GO:Nerópolis,3.13365505665128,1.4626521191775073,9.98609212444073,4.649110636532894,True
Brazil.regions.GO:Nova América,0.0,1.0,39.296602319918044,3.2204044828030396,True
Brazil.regions.GO:Nova Glória,5.373897353648757,1.981355252606255,11.032691552486304,6.380765337518533,True
Brazil.regions.GO:Nova Veneza,5.918203688853248,1.981355252606255,17.165310237782414,6.380765337518533,True
Brazil.regions.GO:Novo Planalto,0.0,1.0,19.02653656280319,3.22040448280304,True
Brazil.regions.GO:Palminópolis,0.0,0.10214703968770332,24.673598306597235,22.48221806565014,True
Brazil.regions.GO:Paranaiguara,5.918203688853248,1.981355252606255,17.200474894689698,6.380765337518533,True
Brazil.regions.GO:Pires do Rio,4.333400160384924,0.981355252606255,13.991489648162316,3.201923707408546,True
Brazil.regions.GO:Portelândia,0.0,1.0,21.711034061200944,3.22040448280304,True
Brazil.regions.GO:Professor Jamil,4.983961507618284,0.497794707297514,157.04018650235312,45.092287932849395,True
Brazil.regions.GO:Rialma,3.5695669607056932,1.981355252606255,50.60663158991271,6.380765337518533,True
Brazil.regions.GO:Rianápolis,0.0,1.0,17.608589476788712,3.2204044828030405,True
Brazil.regions.GO:Santa Fé de Goiás,0.024464831804281346,1.0,15.546124768053918,3.22040448280304,True
Brazil.regions.GO:Santa Helena de Goiás,0.6602564102564102,1.1260683760683763,1.574491473520494,3.6263956462333375,True
Brazil.regions.GO:Santo Antônio de Goiás,0.0,1.0,12.6955592287997,3.2204044828030396,True
Brazil.regions.GO:Santo Antônio do Descoberto,6.127118644067798,1.5871670702179177,4.6777195537145735,5.4622953539486385,True
Brazil.regions.GO:São Luís de Montes Belos,5.733761026463513,1.981355252606255,18.596896817353624,6.380765337518533,True
Brazil.regions.GO:São Simão,0.0,1.0,1.6233833592894762,3.2204044828030396,True
Brazil.regions.GO:Terezópolis de Goiás,0.0,1.0,9.212767219298165,3.22040448280304,True
Brazil.regions.GO:Uruana,0.0,1.0,4.003463175941452,3.2204044828030396,True
Brazil.regions.GO:Urutaí,0.0,1.0,29.331678850530288,3.22040448280304,True
Brazil.regions.GO:Vianópolis,5.918203688853248,1.981355252606255,17.93666726487272,6.380765337518533,True
Brazil.regions.MA:Afonso Cunha,0.0,1.0,12.107615137062073,3.22040448280304,True
Brazil.regions.MA:Alcântara,1.8712046321141083,1.5719531139669543,7.579526767183882,5.062324854975376,True
Brazil.regions.MA:Altamira do Maranhão,5.270667226185479,1.0377675199328575,15.022168541467149,5.46853798428764,True
Brazil.regions.MA:Alto Alegre do Maranhão,29.961619348054683,0.7528916929547844,111.29517968502408,2.870124169534364,True
Brazil.regions.MA:Amapá do Maranhão,1.0,1.0,25.50697270765947,3.2204044828030405,True
Brazil.regions.MA:Anajatuba,25.10435301132976,0.4561717352415027,95.39754615754656,2.1401629852303103,True
Brazil.regions.MA:Anapurus,36.83962264150943,0.9135220125786163,237.3060552267662,3.21311109553362,True
Brazil.regions.MA:Apicum-Açu,18.059642147117298,1.0,107.34077741357898,3.22040448280304,True
Brazil.regions.MA:Araguanã,28.732163080407698,1.0,189.52018335855374,3.2204044828030396,True
Brazil.regions.MA:Arari,27.259426634656126,0.4972461516734925,91.80686488426129,1.6051862689614231,True
Brazil.regions.MA:Axixá,6.899082568807339,1.0,61.89981455105797,3.22040448280304,True
Brazil.regions.MA:Bacabeira,33.314242077128675,0.6614483899707267,206.45741652199268,2.1686723058840824,True
Brazil.regions.MA:Bacuri,12.858707557502738,1.0,71.36095143960972,3.2204044828030405,True
Brazil.regions.MA:Bacurituba,0.9077155824508321,1.0,30.580367708033812,3.2204044828030396,True
Brazil.regions.MA:Bela Vista do Maranhão,21.81957186544342,1.0,200.36217973919202,3.22040448280304,True
Brazil.regions.MA:Belágua,21.547169811320757,1.0,298.6562833110215,3.22040448280304,True
Brazil.regions.MA:Bequimão,34.78593272171254,0.43425076452599387,164.9465725929138,2.6783186115286983,True
Brazil.regions.MA:Bernardo do Mearim,18.066565809379725,1.0,312.2945021758057,3.2204044828030396,True
Brazil.regions.MA:Boa Vista do Gurupi,7.866623292127521,0.23877683799609628,92.25308848723596,6.51416449346339,True
Brazil.regions.MA:Bom Lugar,3.0218687872763423,1.0,21.462722970715685,3.22040448280304,True
Brazil.regions.MA:Brejo,18.08359981726816,1.1301964367291,49.02623718702998,2.976427608466882,True
Brazil.regions.MA:Brejo de Areia,0.9285714285714286,1.0,17.769706842528137,3.22040448280304,True
Brazil.regions.MA:Buritirana,31.53097982708934,0.2867435158501441,207.6090175981389,3.248986406377724,True
Brazil.regions.MA:Cachoeira Grande,3.2989174017642338,0.7363672814755413,40.98981082442626,11.913882298126602,True
Brazil.regions.MA:Cajapió,5.657578187650361,1.8520449077786687,15.117622906632759,5.223832843758257,True
Brazil.regions.MA:Cajari,21.18081761006289,1.0,111.23760475432421,3.22040448280304,True
Brazil.regions.MA:Campestre do Maranhão,15.953964194373402,0.19437340153452684,114.72842113548973,3.6362663058942366,True
Brazil.regions.MA:Cantanhede,10.591419406575781,1.981355252606255,57.327874281343945,6.380765337518533,True
Brazil.regions.MA:Capinzal do Norte,18.52114508783344,1.0,175.31576789540665,3.22040448280304,True
Brazil.regions.MA:Carutapera,14.492678725236862,3.355297157622739,61.85574423495588,15.056055927528867,True
Brazil.regions.MA:Cedral,2.3817427385892116,1.0,28.458684403278564,3.22040448280304,True
Brazil.regions.MA:Central do Maranhão,1.4961636828644502,1.0,25.560452001279174,3.2204044828030396,True
Brazil.regions.MA:Centro do Guilherme,9.178269355888094,1.0,72.40947630102885,3.22040448280304,True
Brazil.regions.MA:Coelho Neto,75.57308096740273,0.9316508937960042,151.54008887924178,2.9121452564475425,True
Brazil.regions.MA:Conceição do Lago-Açu,15.479686735193344,0.22907488986784144,99.06529201602031,3.0029760078521446,True
Brazil.regions.MA:Cururupu,9.24445699759921,0.5771783646377632,27.700522904310738,2.0197350114849626,True
Brazil.regions.MA:Davinópolis,9.663438256658596,0.3801452784503632,95.83706084894976,6.084487877988737,True
Brazil.regions.MA:Dom Pedro,15.039054676547165,1.1802523532946123,66.27777957222636,3.800889969388807,True
Brazil.regions.MA:Duque Bacelar,2.8429423459244534,1.0,30.641101781400447,3.22040448280304,True
Brazil.regions.MA:Esperantinópolis,33.32415902140673,0.14984709480122324,195.864097700404,3.4488553907612736,True
Brazil.regions.MA:Fortuna,5.7153700189753325,1.0,39.95970109188402,3.2204044828030396,True
Brazil.regions.MA:Godofredo Viana,6.6078860898138005,1.0,61.14955989501066,3.2204044828030405,True
Brazil.regions.MA:Gonçalves Dias,6.565464895635674,1.0,38.96463452486771,3.2204044828030396,True
Brazil.regions.MA:Governador Archer,3.586337760910816,1.0,39.088984455488614,3.2204044828030396,True
Brazil.regions.MA:Governador Edison Lobão,25.457264957264954,1.1260683760683763,142.7633296013619,3.6263956462333375,True
Brazil.regions.MA:Governador Eugênio Barros,0.0,1.0,2.7220723415373445,3.2204044828030396,True
Brazil.regions.MA:Governador Luiz Rocha,0.0,1.0,9.588613065551,3.22040448280304,True
Brazil.regions.MA:Governador Newton Bello,7.095130237825595,1.0,76.29953891430496,3.2204044828030396,True
Brazil.regions.MA:Governador Nunes Freire,7.371454922757666,1.831219737145492,30.276127688408533,5.897268250500748,True
Brazil.regions.MA:Graça Aranha,2.8363636363636364,1.0,58.04378645241952,3.22040448280304,True
Brazil.regions.MA:Guimarães,6.905198776758409,0.3730886850152905,62.49197105134833,4.3938213406254985,True
Brazil.regions.MA:Icatu,5.203488372093023,1.4260224538893342,16.291443894391715,4.332549357299006,True
Brazil.regions.MA:Igarapé Grande,80.30555555555556,1.0,715.0265527217512,3.2204044828030396,True
Brazil.regions.MA:Igarapé do Meio,20.924351585014406,0.9783861671469741,151.4269227727123,3.233650942336071,True
Brazil.regions.MA:Itaipava do Grajaú,9.0,1.0,59.057729664297916,3.2204044828030396,True
Brazil.regions.MA:Itapecuru Mirim,43.995163548428145,1.1998218149420898,57.52802941479613,4.761436960933007,True
Brazil.regions.MA:Jatobá,2.0,1.0,26.3275123890575,3.2204044828030405,True
Brazil.regions.MA:Joselândia,6.469194312796209,1.0,42.97698735784644,3.2204044828030405,True
Brazil.regions.MA:João Lisboa,22.94142980189492,1.0,98.08896333157966,3.2204044828030396,True
Brazil.regions.MA:Junco do Maranhão,8.02005366473662,1.5719531139669543,329.3264601148041,5.062324854975376,True
Brazil.regions.MA:Lago Verde,8.254545454545454,1.0,53.70612227210533,3.22040448280304,True
Brazil.regions.MA:Lago da Pedra,75.68886380737396,2.419112114371708,148.05077207952354,3.9456497270234516,True
Brazil.regions.MA:Lago do Junco,3.638888888888889,1.0,39.573773458976376,3.2204044828030396,True
Brazil.regions.MA:Lago dos Rodrigues,10.170616113744076,0.8151658767772513,122.67406315772529,4.113030645606386,True
Brazil.regions.MA:Lagoa Grande do Maranhão,0.8666666666666666,0.8666666666666666,13.162487097560893,3.5318364955101287,True
Brazil.regions.MA:Lajeado Novo,0.0,1.0,10.024628629779741,3.2204044828030405,True
Brazil.regions.MA:Lima Campos,56.22310305775764,1.0,477.92903685039835,3.2204044828030396,True
Brazil.regions.MA:Luís Domingues,4.791469194312796,1.0,80.09809924777957,3.2204044828030405,True
Brazil.regions.MA:Magalhães de Almeida,13.18159569260891,1.0,68.80078938495687,3.2204044828030405,True
Brazil.regions.MA:Maracaçumé,26.470510271703116,0.7713717693836978,125.17646521433704,2.8164596173659513,True
Brazil.regions.MA:Maranhãozinho,14.442420299284318,1.0,91.72223492257243,3.22040448280304,True
Brazil.regions.MA:Mata Roma,20.819146805527744,0.2809933907470459,128.50307177743503,2.7092165327451885,True
Brazil.regions.MA:Matinha,37.26196864849598,1.5719531139669543,163.350093707209,5.062324854975376,True
Brazil.regions.MA:Matões do Norte,0.0,1.0,2.751527437173072,3.2204044828030396,True
Brazil.regions.MA:Milagres do Maranhão,3.51457840819543,1.4081954294720254,68.01121103326768,4.534958873734462,True
Brazil.regions.MA:Miranda do Norte,10.837888531618436,1.6444265809217578,39.38718235083642,5.295718732840904,True
Brazil.regions.MA:Mirinzal,1.9827947964750314,0.6317666806546369,33.15971007826627,5.287062413886212,True
Brazil.regions.MA:Monção,22.908201655379983,0.7705041384499624,68.07555314086329,2.339771018150907,True
Brazil.regions.MA:Nina Rodrigues,20.818181818181817,1.0,147.72868793577882,3.22040448280304,True
Brazil.regions.MA:Nova Colinas,0.8333333333333334,1.0,30.831106166033017,3.2204044828030396,True
Brazil.regions.MA:Olho d'Água das Cunhãs,29.99314755596162,0.8149840109639105,156.53594573334453,2.8510223720522796,True
Brazil.regions.MA:Olinda Nova do Maranhão,17.62355415352261,0.6766561514195584,123.97028732040928,5.258144922114598,True
Brazil.regions.MA:Palmeirândia,8.18975552968568,0.7962747380675204,43.37606407862928,2.941233787587475,True
Brazil.regions.MA:Paraibano,11.336099585062241,1.0,54.46265726349006,3.22040448280304,True
Brazil.regions.MA:Paulino Neves,9.34862385321101,0.9235474006116208,61.31731833111033,3.204773672508026,True
Brazil.regions.MA:Paulo Ramos,19.224011713030748,1.0,92.90132419129746,3.2204044828030405,True
Brazil.regions.MA:Pedreiras,84.06974685785094,1.846167463267835,212.7126588702487,4.461220946261,True
Brazil.regions.MA:Penalva,36.4128242074928,0.49567723342939485,94.0315430282258,1.9094536988919273,True
Brazil.regions.MA:Peri Mirim,25.98578199052133,0.6492890995260664,185.25411703222233,3.4109831383294282,True
Brazil.regions.MA:Peritoró,19.584647739221868,1.0,85.67665471946532,3.2204044828030405,True
Brazil.regions.MA:Pindaré-Mirim,30.06592219020173,0.49567723342939485,91.09042468792471,1.6894164539921201,True
Brazil.regions.MA:Pio XII,24.394447354635936,1.0,114.97576658834397,3.22040448280304,True
Brazil.regions.MA:Pirapemas,27.748559077809798,0.5569164265129684,151.13427512959856,2.7455600368167667,True
Brazil.regions.MA:Porto Rico do Maranhão,7.8674698795180715,1.0,145.189133249717,3.22040448280304,True
Brazil.regions.MA:Poção de Pedras,13.654545454545456,1.0,78.77224059382347,3.22040448280304,True
Brazil.regions.MA:Presidente Dutra,85.32692307692307,1.1260683760683763,176.71607804896655,3.6263956462333375,True
Brazil.regions.MA:Presidente Juscelino,12.505006675567424,1.315420560747664,110.88257511665736,4.236186270603064,True
Brazil.regions.MA:Presidente Médici,3.8318042813455655,1.0,65.65777486638535,3.22040448280304,True
Brazil.regions.MA:Presidente Sarney,14.156398104265405,0.1374407582938389,76.89587685912214,2.224288351256235,True
Brazil.regions.MA:Presidente Vargas,4.537834691501746,1.0,46.25547054178149,3.2204044828030405,True
Brazil.regions.MA:Raposa,15.97955092221331,1.198476343223737,52.158200375330345,3.9512243777216596,True
Brazil.regions.MA:Ribamar Fiquene,3.4963396778916547,1.0,54.491566739012576,3.2204044828030405,True
Brazil.regions.MA:Rosário,41.22016664312951,0.586216636068352,93.22165649116938,1.1940394567324457,True
Brazil.regions.MA:Santa Filomena do Maranhão,0.0,1.0,9.644641188109091,3.2204044828030396,True
Brazil.regions.MA:Santa Inês,86.85545308740978,1.1182838813151565,83.59996936480093,5.411501410368924,True
Brazil.regions.MA:Santa Luzia do Paruá,6.951765719207579,1.0,28.266748915500518,3.2204044828030396,True
Brazil.regions.MA:Santa Rita,57.414813260595885,0.6097356273604699,148.04123542085614,2.7304392345746606,True
Brazil.regions.MA:Santana do Maranhão,5.081327260897853,1.0,42.21009948326489,3.22040448280304,True
Brazil.regions.MA:Santo Antônio dos Lopes,82.43005855562785,1.0,571.0503730201419,3.22040448280304,True
Brazil.regions.MA:Satubinha,2.2332670642809807,1.0,20.017104962942117,3.22040448280304,True
Brazil.regions.MA:Senador Alexandre Costa,0.8978529603122967,1.0,13.814448405737455,3.22040448280304,True
Brazil.regions.MA:Senador La Rocque,20.57860147213459,0.17981072555205047,148.28883860025192,3.676120388428016,True
Brazil.regions.MA:Serrano do Maranhão,1.7638731596828991,1.0,23.736321935639356,3.2204044828030396,True
Brazil.regions.MA:São Benedito do Rio Preto,2.05392943063352,1.2656375300721732,24.323350321122366,3.102972776492801,True
Brazil.regions.MA:São Bento,37.017291066282425,1.0,80.9234058963094,3.220404482803041,True
Brazil.regions.MA:São Bernardo,32.07612231620039,1.0,112.80766692492277,3.22040448280304,True
Brazil.regions.MA:São Domingos do Azeitão,1.4,1.0,29.247127984729428,3.2204044828030396,True
Brazil.regions.MA:São Domingos do Maranhão,64.87312947299935,1.0,188.40494306490277,3.22040448280304,True
Brazil.regions.MA:São Francisco do Brejão,2.0128179451231727,1.1802523532946123,26.316141427448272,3.800889969388807,True
Brazil.regions.MA:São José dos Basílios,1.0727272727272728,1.0,23.90598306761278,3.22040448280304,True
Brazil.regions.MA:São João Batista,10.666933707190067,0.8638093330662929,54.46898681724472,5.641197347445179,True
Brazil.regions.MA:São João do Carú,28.605547550432274,1.0,184.06165238987074,3.220404482803041,True
Brazil.regions.MA:São Luís Gonzaga do Maranhão,2.528312570781427,1.0,15.49147805210058,3.2204044828030396,True
Brazil.regions.MA:São Mateus do Maranhão,80.64931650893796,1.3286014721345951,193.32518319941784,3.477718722136114,True
Brazil.regions.MA:São Pedro da Água Branca,18.61183865898376,1.0,151.32521142723448,3.22040448280304,True
Brazil.regions.MA:São Pedro dos Crentes,2.7325959661678594,1.0,76.74094869131564,3.22040448280304,True
Brazil.regions.MA:São Raimundo do Doca Bezerra,26.083333333333332,1.0,513.9331821762257,3.2204044828030396,True
Brazil.regions.MA:São Vicente Ferrer,27.9688535453943,1.0,126.99424713491756,3.22040448280304,True
Brazil.regions.MA:Trizidela do Vale,62.06821942217131,0.8918162148402698,287.7322704270939,2.6965626008279617,True
Brazil.regions.MA:Tufilândia,5.107142857142858,0.5357142857142857,101.35395950936916,8.18012673898691,True
Brazil.regions.MA:Viana,46.35425020048115,1.7317562149157977,79.42090203927624,5.904803708849254,True
Brazil.regions.MA:Vila Nova dos Martírios,11.004149377593361,1.0,86.41631428656196,3.22040448280304,True
Brazil.regions.MA:Vitorino Freire,15.932230102442873,1.3782505910165488,50.409916641197306,4.439965254930805,True
Brazil.regions.MA:Vitória do Mearim,23.95449077786688,1.91018444266239,71.96008467770376,6.16354274582074,True
Brazil.regions.MA:Água Doce do Maranhão,10.651920838183933,1.0,89.46848930594834,3.2204044828030405,True
Brazil.regions.MG:Abadia dos Dourados,3.044892648015615,1.0,54.654722831771515,3.22040448280304,True
Brazil.regions.MG:Alfenas,3.0793905372894947,1.981355252606255,16.941837750803472,6.380765337518533,True
Brazil.regions.MG:Alfredo Vasconcelos,0.0,0.08713692946058091,11.257661247615374,10.557319371843345,True
Brazil.regions.MG:Alpercata,5.663592622293506,1.981355252606255,13.274678141975706,6.380765337518533,True
Brazil.regions.MG:Alpinópolis,0.0,1.0,1.816617629724033,3.2204044828030405,True
Brazil.regions.MG:Alterosa,0.0,1.0,3.6923564739230756,3.2204044828030396,True
Brazil.regions.MG:Alto Jequitibá,3.8325471698113205,0.41823899371069184,54.884046278424805,6.468234943379366,True
Brazil.regions.MG:Alto Rio Doce,0.0,1.0,5.87050460810605,3.2204044828030405,True
Brazil.regions.MG:Alvarenga,5.75,1.0,169.54642428607332,3.22040448280304,True
Brazil.regions.MG:Além Paraíba,16.437011816543162,1.118165431604246,45.81180760866155,3.6253147143399795,True
Brazil.regions.MG:Andradas,0.4992435703479576,0.42511346444780634,1.7397491132418592,1.8208705938817613,True
Brazil.regions.MG:Andrelândia,4.311649016641452,1.0,40.232221635009886,3.2204044828030396,True
Brazil.regions.MG:Arantina,1.0,1.0,68.33594614331503,3.2204044828030396,True
Brazil.regions.MG:Araxá,11.640880793175004,0.8812543232649297,3.6051415669647184,5.003006406860535,True
Brazil.regions.MG:Arceburgo,1.7277877161598092,1.4934406678592727,16.74448838807145,4.809483021574367,True
Brazil.regions.MG:Arcos,4.581996792301524,1.981355252606255,15.198875780735003,6.380765337518533,True
Brazil.regions.MG:Astolfo Dutra,3.4482758620689653,1.0,28.151877498076892,3.22040448280304,True
Brazil.regions.MG:Açucena,0.8571428571428571,1.0,16.390396542992704,3.22040448280304,True
Brazil.regions.MG:Barroso,0.5833333333333334,1.0,4.388117061326385,3.2204044828030396,True
Brazil.regions.MG:Bela Vista de Minas,0.9080325960419093,1.0,15.385471636571989,3.2204044828030405,True
Brazil.regions.MG:Belmiro Braga,2.9479418886198547,0.7784503631961259,60.4936144281218,23.34125201951396,True
Brazil.regions.MG:Belo Oriente,0.21229721610254357,1.1802523532946123,1.5492178324380452,3.800889969388807,True
Brazil.regions.MG:Belo Vale,0.7610654916883637,0.1864610454636491,7.29041959579782,9.120386235347317,True
Brazil.regions.MG:Bicas,0.3696581196581196,1.1260683760683763,3.384720697397451,3.6263956462333375,True
Brazil.regions.MG:Boa Esperança,3.117481956696071,1.981355252606255,10.98799467183461,6.380765337518533,True
Brazil.regions.MG:Bocaina de Minas,0.0,1.0,16.425960939593814,3.22040448280304,True
Brazil.regions.MG:Bom Despacho,5.918203688853248,1.981355252606255,20.3033248532903,6.380765337518533,True
Brazil.regions.MG:Bom Repouso,1.891845979614949,1.0,24.198254658326654,3.2204044828030396,True
Brazil.regions.MG:Bonfim,5.270667226185479,0.9527906000839278,15.038906912126514,8.183102845907511,True
Brazil.regions.MG:Borda da Mata,5.303528468323978,1.981355252606255,15.42052672302763,6.380765337518533,True
Brazil.regions.MG:Botelhos,4.3093424218123495,1.981355252606255,9.840962888481497,6.380765337518533,True
Brazil.regions.MG:Brazópolis,5.448195576251455,1.0,41.37601004276205,3.2204044828030405,True
Brazil.regions.MG:Braúnas,0.0,1.0,17.608589476788712,3.22040448280304,True
Brazil.regions.MG:Brumadinho,11.4064465408805,1.0,27.716050497823097,3.22040448280304,True
Brazil.regions.MG:Bueno Brandão,0.5964214711729623,0.07554671968190856,11.291198745748568,5.669534295284555,True
Brazil.regions.MG:Bugre,0.0,1.0,21.892604055619866,3.22040448280304,True
Brazil.regions.MG:Cachoeira Dourada,0.4166666666666667,1.0,49.4046574290345,3.2204044828030396,True
Brazil.regions.MG:Cachoeira de Minas,0.0,1.0,5.439853592887615,3.22040448280304,True
Brazil.regions.MG:Cachoeira de Pajeú,0.0,1.0,7.4043298988374175,3.22040448280304,True
Brazil.regions.MG:Caetanópolis,1.1694837825491091,1.0662402923709455,16.72570691702595,3.433725017296617,True
Brazil.regions.MG:Caeté,2.5669882100750265,1.6444265809217578,8.455896203759087,5.295718732840904,True
Brazil.regions.MG:Cajuri,0.0,1.0,21.861110440698337,3.2204044828030396,True
Brazil.regions.MG:Caldas,2.4963396778916547,1.0,20.925587767829935,3.2204044828030405,True
Brazil.regions.MG:Camanducaia,7.909163987138265,1.6444265809217578,41.76730032512977,5.295718732840904,True
Brazil.regions.MG:Cambuquira,5.5513231756214925,1.981355252606255,16.055194005031566,6.380765337518533,True
Brazil.regions.MG:Cambuí,9.323977546110667,1.981355252606255,32.68380614138373,6.380765337518533,True
Brazil.regions.MG:Campanha,0.0,1.0,2.78019557720296,3.2204044828030405,True
Brazil.regions.MG:Campestre,0.0,1.0,1.5290612023073853,3.2204044828030405,True
Brazil.regions.MG:Campo Belo,4.823576583801122,1.981355252606255,17.8122352901979,6.380765337518533,True
Brazil.regions.MG:Campos Altos,5.918203688853248,1.981355252606255,18.14622492491623,6.380765337518533,True
Brazil.regions.MG:Campos Gerais,4.0211917750734365,1.9347461183382293,12.567966139170455,6.230665072582213,True
Brazil.regions.MG:Cana Verde,4.756668835393624,1.0,99.52221260435785,3.22040448280304,True
Brazil.regions.MG:Candeias,2.278772378516624,1.0,18.805474722602202,3.2204044828030396,True
Brazil.regions.MG:Caparaó,0.0,1.0,15.168709161919285,3.2204044828030396,True
Brazil.regions.MG:Capelinha,0.0,1.0,0.5737815736351384,3.2204044828030405,True
Brazil.regions.MG:Capinópolis,0.0,1.0,2.962740264615497,3.2204044828030405,True
Brazil.regions.MG:Capitólio,5.918203688853248,1.3678829190056134,16.92009418382409,3.2157402668230666,True
Brazil.regions.MG:Carandaí,0.38416763678696164,1.0,2.2074910381057937,3.2204044828030405,True
Brazil.regions.MG:Carangola,3.312951082598236,1.981355252606255,9.470542041209388,6.380765337518533,True
Brazil.regions.MG:Caratinga,8.215408805031446,1.0,6.913756616234555,3.22040448280304,True
Brazil.regions.MG:Careaçu,0.0,1.0,11.579062736377068,3.22040448280304,True
Brazil.regions.MG:Carmo da Cachoeira,5.918203688853248,1.981355252606255,17.654614263513572,6.380765337518533,True
Brazil.regions.MG:Carmo da Mata,0.0,1.0,5.4934330912645795,3.22040448280304,True
Brazil.regions.MG:Carmo do Cajuru,4.625100240577385,1.9372493985565358,12.960989168243684,6.184547462041537,True
Brazil.regions.MG:Carmo do Paranaíba,2.2659846547314575,1.0,7.548116255538013,3.2204044828030396,True
Brazil.regions.MG:Carmópolis de Minas,4.623886851754846,1.0,25.83610211370869,3.22040448280304,True
Brazil.regions.MG:Cascalho Rico,0.0,1.0,29.299920720449,3.2204044828030396,True
Brazil.regions.MG:Cataguases,5.522250403504727,0.5365459995388517,3.8809212312881765,4.173862984993991,True
Brazil.regions.MG:Catas Altas,0.5333333333333333,1.0,25.301420914022355,3.2204044828030396,True
Brazil.regions.MG:Catuji,2.73558648111332,1.0,55.971268486826496,3.22040448280304,True
Brazil.regions.MG:Caxambu,3.6432637571157493,0.06072106261859583,18.220599198004816,1.5079571096644895,True
Brazil.regions.MG:Centralina,5.765838011226946,1.2245388933440258,15.77642357529219,2.4977693912246495,True
Brazil.regions.MG:Chalé,0.0,1.0,14.311152319441,3.22040448280304,True
Brazil.regions.MG:Chiador,4.718670076726343,1.0,209.6069150827475,3.2204044828030396,True
Brazil.regions.MG:Chácara,0.0,1.0,28.4853659674189,3.22040448280304,True
Brazil.regions.MG:Cipotânea,0.0,1.0,11.513645907649293,3.22040448280304,True
Brazil.regions.MG:Cláudio,1.7957059206245933,1.0,6.548984064649848,3.22040448280304,True
Brazil.regions.MG:Comercinho,0.0,1.0,11.211692500888692,3.2204044828030405,True
Brazil.regions.MG:Conceição das Alagoas,5.632718524458701,1.981355252606255,17.932993822602658,6.380765337518533,True
Brazil.regions.MG:Conceição do Rio Verde,1.0,1.0,11.444502395038285,3.22040448280304,True
Brazil.regions.MG:Congonhal,0.0,1.0,5.147796354017045,3.22040448280304,True
Brazil.regions.MG:Congonhas,0.887185104052574,1.0,0.5403539167758439,3.2204044828030405,True
Brazil.regions.MG:Coqueiral,0.0,1.0,7.697818030571783,3.22040448280304,True
Brazil.regions.MG:Couto de Magalhães de Minas,0.0,1.0,19.455332478648213,3.2204044828030405,True
Brazil.regions.MG:Cristina,0.9846547314578006,1.0,16.15720468979802,3.2204044828030396,True
Brazil.regions.MG:Cruzília,0.7161125319693094,1.0,7.9108955883476995,3.2204044828030396,True
Brazil.regions.MG:Córrego do Bom Jesus,3.8363636363636364,1.0,127.3509679892174,3.22040448280304,True
Brazil.regions.MG:Delfim Moreira,3.723146747352496,1.0,55.635006699159526,3.2204044828030396,True
Brazil.regions.MG:Diogo de Vasconcelos,0.0,1.0,23.081541861226416,3.22040448280304,True
Brazil.regions.MG:Dionísio,4.0,1.0,61.4710174346507,3.22040448280304,True
Brazil.regions.MG:Divino,1.3305395495023573,1.0,8.47263424833116,3.22040448280304,True
Brazil.regions.MG:Divino das Laranjeiras,0.0,1.0,16.863949805206598,3.2204044828030405,True
Brazil.regions.MG:Divinésia,5.918203688853248,1.981355252606255,17.86246967268846,6.380765337518533,True
Brazil.regions.MG:Divisa Nova,0.0,1.0,13.415762544313914,3.22040448280304,True
Brazil.regions.MG:Dores do Indaiá,0.0,1.0,4.196342531956287,3.22040448280304,True
Brazil.regions.MG:Elói Mendes,3.509895227008149,1.0,12.842764155920955,3.2204044828030405,True
Brazil.regions.MG:Engenheiro Caldas,0.0,1.0,5.761093631082355,3.22040448280304,True
Brazil.regions.MG:Engenheiro Navarro,0.0,1.0,10.58793575470041,3.2204044828030396,True
Brazil.regions.MG:Ervália,0.0,1.0,2.072000915450466,3.22040448280304,True
Brazil.regions.MG:Esmeraldas,4.656174819566961,1.981355252606255,19.073227431845073,6.380765337518533,True
Brazil.regions.MG:Espera Feliz,4.866685496398816,1.5719531139669543,22.41090024703927,5.062324854975376,True
Brazil.regions.MG:Espírito Santo do Dourado,1.1782376502002672,1.315420560747664,31.384682249607145,4.236186270603064,True
Brazil.regions.MG:Estiva,2.165031043460845,1.1802523532946123,28.907629274031418,3.800889969388807,True
Brazil.regions.MG:Estrela Dalva,1.9751037344398341,0.30290456431535273,123.75798793887147,28.482805262953807,True
Brazil.regions.MG:Estrela do Sul,0.0,1.0,9.31406530912476,3.2204044828030396,True
Brazil.regions.MG:Eugenópolis,1.0666666666666667,1.0,15.109233359029924,3.2204044828030396,True
Brazil.regions.MG:Extrema,18.655773857257415,0.782477947072975,48.37589288820485,3.07123516351362,True
Brazil.regions.MG:Faria Lemos,0.5162174508908177,1.0,55.996781702698925,4.624265538098785,True
Brazil.regions.MG:Ferros,4.639334402566159,1.981355252606255,32.876938197926734,6.380765337518533,True
Brazil.regions.MG:Fervedouro,1.7276720351390924,1.0,21.563095745609576,3.2204044828030405,True
Brazil.regions.MG:Formiga,2.9921812349639136,1.981355252606255,15.919191553993961,6.380765337518533,True
Brazil.regions.MG:Francisco Badaró,0.0,1.0,6.45826373245054,3.22040448280304,True
Brazil.regions.MG:Frei Inocêncio,0.6,1.0,13.427186818830506,3.2204044828030405,True
Brazil.regions.MG:Fronteira,0.0,1.0,2.3035418244388532,3.22040448280304,True
Brazil.regions.MG:Goianá,3.9386672815310124,1.831219737145492,35.10493234441203,5.897268250500748,True
Brazil.regions.MG:Gouveia,0.0,1.0,5.2362551366472765,3.2204044828030396,True
Brazil.regions.MG:Guanhães,0.6666666666666666,1.0,1.8403696548528266,3.2204044828030396,True
Brazil.regions.MG:Guapé,0.9309967141292442,1.0,10.335206005994744,3.2204044828030405,True
Brazil.regions.MG:Guaranésia,4.074244869725616,1.831219737145492,12.762361070251409,5.897268250500748,True
Brazil.regions.MG:Guarará,0.0,1.0,23.12311501140139,3.2204044828030396,True
Brazil.regions.MG:Guaxupé,1.595659163987138,1.6444265809217578,6.686839270979039,5.295718732840904,True
Brazil.regions.MG:Guimarânia,5.918203688853248,1.981355252606255,16.774127284402546,6.380765337518533,True
Brazil.regions.MG:Heliodora,0.0,1.0,12.028146904815136,3.2204044828030396,True
Brazil.regions.MG:Iapu,2.3,1.0,26.768690391788017,3.2204044828030396,True
Brazil.regions.MG:Ibiaí,0.06511891279728199,1.0,9.467134680952553,3.2204044828030396,True
Brazil.regions.MG:Icaraí de Minas,0.0,1.0,5.119879086838328,3.22040448280304,True
Brazil.regions.MG:Igarapé,5.630403458213257,1.0,12.232147779425238,3.220404482803041,True
Brazil.regions.MG:Igaratinga,0.0,1.0,5.9876986479520244,3.2204044828030396,True
Brazil.regions.MG:Ilicínea,0.029103608847497093,1.0,5.095584275560573,3.2204044828030405,True
Brazil.regions.MG:Imbé de Minas,0.4499771585198721,1.0662402923709455,9.816942223161856,3.433725017296617,True
Brazil.regions.MG:Inconfidentes,0.0,1.0,10.425883726803946,3.2204044828030396,True
Brazil.regions.MG:Inhapim,0.0,1.0,0.9220975884479957,3.2204044828030396,True
Brazil.regions.MG:Ipaba,4.790497193263834,1.981355252606255,13.399378196843628,6.380765337518533,True
Brazil.regions.MG:Ipiaçu,0.7610654916883637,0.2068896455037052,18.019725263244922,19.43067829477275,True
Brazil.regions.MG:Ipuiúna,5.918203688853248,1.981355252606255,17.204182128143046,6.380765337518533,True
Brazil.regions.MG:Itabirito,0.32942898975109813,0.20937042459736457,1.0760359557044223,1.696299277207598,True
Brazil.regions.MG:Itacarambi,0.0,1.0,2.2883268563695482,3.22040448280304,True
Brazil.regions.MG:Itaguara,2.1449624866023576,1.6444265809217578,11.002968546530578,5.295718732840904,True
Brazil.regions.MG:Itaipé,0.0,1.0,4.616586112808246,3.2204044828030396,True
Brazil.regions.MG:Itamarati de Minas,2.571428571428571,1.0,78.78714021130882,3.22040448280304,True
Brazil.regions.MG:Itamogi,1.0,1.0,16.402829426145157,3.22040448280304,True
Brazil.regions.MG:Itamonte,1.4527181361352215,1.0662402923709455,13.962589855165866,3.433725017296617,True
Brazil.regions.MG:Itanhandu,3.209703287890938,1.981355252606255,18.933963405794767,6.380765337518533,True
Brazil.regions.MG:Itaobim,1.7516398330351817,1.4934406678592727,4.745630689840408,4.809483021574367,True
Brazil.regions.MG:Itapecerica,5.192261427425823,1.981355252606255,27.18316350605677,6.380765337518533,True
Brazil.regions.MG:Itapeva,3.6437449879711306,1.518243785084202,15.17939867409583,2.5987392167502343,True
Brazil.regions.MG:Itatiaiuçu,4.108720271800681,1.0,42.61415743896871,3.2204044828030396,True
Brazil.regions.MG:Itaú de Minas,1.7811408614668218,1.0,14.045183184609565,3.2204044828030405,True
Brazil.regions.MG:Itaúna,2.15603920071274,1.7114674812269313,11.083795010420094,5.511617548714837,True
Brazil.regions.MG:Itumirim,0.3507109004739337,1.0,19.205477975671705,3.2204044828030405,True
Brazil.regions.MG:Jaboticatubas,9.52185244587009,1.981355252606255,50.27919659687316,6.380765337518533,True
Brazil.regions.MG:Jacutinga,1.0230179028132993,0.0,4.56672320807536,0.6288583833580904,True
Brazil.regions.MG:Japaraíba,0.9333333333333332,1.0,41.2240399616414,3.2204044828030405,True
Brazil.regions.MG:Jeceaba,5.918203688853248,1.981355252606255,16.77053379703048,6.380765337518533,True
Brazil.regions.MG:Jequitibá,0.0,1.0,15.969770147786097,3.2204044828030396,True
Brazil.regions.MG:João Monlevade,9.329390537289495,1.981355252606255,6.229903495044785,6.380765337518533,True
Brazil.regions.MG:Juatuba,1.039755351681957,1.0,4.349384545928339,3.22040448280304,True
Brazil.regions.MG:Ladainha,0.1534526854219949,1.0,3.1483917483382275,3.2204044828030396,True
Brazil.regions.MG:Lagoa Dourada,0.0,1.0,4.466581450012702,3.22040448280304,True
Brazil.regions.MG:Lagoa Santa,3.4093619558735835,1.4934406678592727,6.645254073796469,4.809483021574367,True
Brazil.regions.MG:Lagoa da Prata,7.391138732959101,1.981355252606255,12.853085262810689,6.380765337518533,True
Brazil.regions.MG:Lajinha,0.0,1.0,1.7989199161328633,3.22040448280304,True
Brazil.regions.MG:Lambari,7.823050058207217,1.0,39.16957369634185,3.2204044828030405,True
Brazil.regions.MG:Laranjal,0.6900328587075576,1.0,21.59652442626535,3.2204044828030405,True
Brazil.regions.MG:Lavras,3.842622293504411,1.981355252606255,16.880862765270507,6.380765337518533,True
Brazil.regions.MG:Leopoldina,5.536464299350897,1.4760086547028128,5.341941159450809,5.063866533208877,True
Brazil.regions.MG:Lima Duarte,5.687893081761007,1.0,36.831656133803776,3.22040448280304,True
Brazil.regions.MG:Machado,5.601443464314355,1.981355252606255,18.60570977955719,6.380765337518533,True
Brazil.regions.MG:Malacacheta,0.0,1.0,2.141525812103126,3.22040448280304,True
Brazil.regions.MG:Mamonas,0.0,1.0,12.06310461088487,3.2204044828030405,True
Brazil.regions.MG:Manhuaçu,4.507818765036086,1.8941459502806737,18.70629971260405,6.284112041654032,True
Brazil.regions.MG:Manhumirim,0.0,1.0,1.18352382124417,3.22040448280304,True
Brazil.regions.MG:Mantena,9.694209499024073,1.0,35.465058905361026,3.22040448280304,True
Brazil.regions.MG:Mar de Espanha,13.527357392316647,0.8835855646100117,110.15057563516673,9.515409681427878,True
Brazil.regions.MG:Maria da Fé,0.0,1.0,3.8743099549408404,3.2204044828030396,True
Brazil.regions.MG:Mariana,2.8813151563753,1.0671611868484363,8.102470600195318,4.875274813577721,True
Brazil.regions.MG:Maripá de Minas,1.5203604806408546,1.315420560747664,32.11833436992237,4.236186270603064,True
Brazil.regions.MG:Marliéria,3.9488040285354593,1.9347461183382293,79.94163552349717,6.230665072582213,True
Brazil.regions.MG:Martinho Campos,0.6132478632478632,0.15384615384615383,4.153865694744663,3.814408619675465,True
Brazil.regions.MG:Materlândia,0.0,1.0,19.206148555994897,3.22040448280304,True
Brazil.regions.MG:Mateus Leme,1.25,0.5833333333333334,4.0187545571979815,1.880036900397241,True
Brazil.regions.MG:Mathias Lobato,0.0,1.0,28.00032608229218,3.2204044828030405,True
Brazil.regions.MG:Matias Barbosa,3.8425178694950426,1.831219737145492,10.86964352057474,5.897268250500748,True
Brazil.regions.MG:Matipó,0.6,1.0,5.241622172580924,3.2204044828030405,True
Brazil.regions.MG:Matozinhos,5.830994386527667,1.981355252606255,19.404720089170624,6.380765337518533,True
Brazil.regions.MG:Miradouro,5.582450832072617,0.22844175491679272,57.988920717797825,5.42556159645977,True
Brazil.regions.MG:Miraí,1.8000000000000005,1.0,15.428856207219605,3.22040448280304,True
Brazil.regions.MG:Moema,0.0,1.0,10.082774977087874,3.2204044828030396,True
Brazil.regions.MG:Monte Azul,2.2159699892818865,1.6444265809217578,6.140274098707824,5.295718732840904,True
Brazil.regions.MG:Monte Carmelo,4.54971932638332,1.981355252606255,15.385682206583475,6.380765337518533,True
Brazil.regions.MG:Monte Sião,6.37216338880484,1.0,27.7511679610269,3.2204044828030396,True
Brazil.regions.MG:Morro da Garça,1.0759969902182092,0.22949586155003762,33.93183422687056,36.657910256331384,True
Brazil.regions.MG:Munhoz,2.0133976420150055,1.6444265809217578,51.2080343430959,5.295718732840904,True
Brazil.regions.MG:Muriaé,4.924819566960705,1.981355252606255,12.22311267908433,6.380765337518533,True
Brazil.regions.MG:Mutum,2.324462061155153,1.0,9.102002059897407,3.2204044828030396,True
Brazil.regions.MG:Muzambinho,0.6431623931623932,1.1260683760683763,5.774645382239011,3.6263956462333375,True
Brazil.regions.MG:Mário Campos,3.2207297514033684,1.1794306335204492,40.09524609150417,2.6107444317279196,True
Brazil.regions.MG:Naque,0.25,1.0,14.646948290210108,3.22040448280304,True
Brazil.regions.MG:Nazareno,2.6902979805112275,1.5719531139669543,9.016303565106133,5.062324854975376,True
Brazil.regions.MG:Nepomuceno,0.0,1.0,0.51525990510835,3.2204044828030396,True
Brazil.regions.MG:Ninheira,0.0,1.0,6.493048649785595,3.22040448280304,True
Brazil.regions.MG:Nova Belém,0.0,1.0,28.127557899642103,3.22040448280304,True
Brazil.regions.MG:Nova Lima,33.85284683239775,1.981355252606255,22.603359218608887,6.380765337518533,True
Brazil.regions.MG:Nova Ponte,2.1139101861993432,1.0,16.811182433886202,3.2204044828030405,True
Brazil.regions.MG:Nova Porteirinha,0.0,1.0,10.112928850530293,3.2204044828030405,True
Brazil.regions.MG:Oliveira,0.6807866868381242,1.0,1.3360314151481294,3.2204044828030396,True
Brazil.regions.MG:Orizânia,0.6727272727272727,1.0,17.6417465863822,3.22040448280304,True
Brazil.regions.MG:Ouro Branco,5.42507204610951,1.0,13.192483001473272,3.220404482803041,True
Brazil.regions.MG:Ouro Fino,3.92542101042502,0.981355252606255,13.231707187002703,3.408025363084097,True
Brazil.regions.MG:Ouro Preto,0.0,0.0,1.8741652022333115,1.8741652022333115,True
Brazil.regions.MG:Padre Paraíso,3.037344398340249,1.0,16.812067474824474,3.22040448280304,True
Brazil.regions.MG:Paraguaçu,2.391304347826087,1.0,12.543572404781616,3.2204044828030396,True
Brazil.regions.MG:Paraisópolis,4.897153167602245,0.7880914194065758,15.390736202736887,3.0972522966113853,True
Brazil.regions.MG:Paraopeba,6.181818181818182,1.0,26.045358279292238,3.22040448280304,True
Brazil.regions.MG:Pará de Minas,3.298917401764234,1.981355252606255,15.84889272277511,6.380765337518533,True
Brazil.regions.MG:Passa Quatro,1.8305597579425112,1.0,14.09824308170082,3.2204044828030396,True
Brazil.regions.MG:Patrocínio do Muriaé,0.0,1.0,14.372839711426375,3.22040448280304,True
Brazil.regions.MG:Pedra Dourada,0.0,1.0,36.715697753618684,3.2204044828030405,True
Brazil.regions.MG:Pedra do Indaiá,0.0,1.0,21.955829152645098,3.22040448280304,True
Brazil.regions.MG:Pedro Leopoldo,1.380323054331865,1.0,1.2512088292575028,3.2204044828030405,True
Brazil.regions.MG:Perdões,3.518673940411246,1.9347461183382293,15.610862235448794,6.230665072582213,True
Brazil.regions.MG:Piedade dos Gerais,1.1471056824216677,1.2743848468755534,17.78160520487495,4.104034673694298,True
Brazil.regions.MG:Piracema,1.3043478260869565,1.0,32.73446875930894,3.2204044828030396,True
Brazil.regions.MG:Piranga,4.079283887468031,0.07928388746803068,25.596592495910397,2.5138727204074214,True
Brazil.regions.MG:Piranguinho,0.0,1.0,8.412913339439863,3.2204044828030396,True
Brazil.regions.MG:Piranguçu,1.0,1.0,33.329303119536135,3.22040448280304,True
Brazil.regions.MG:Pirapetinga,1.6240033571128827,1.8455728073856483,23.064270622215297,5.401300201371455,True
Brazil.regions.MG:Pirapora,4.743384121892542,1.981355252606255,17.449709509382878,6.380765337518533,True
Brazil.regions.MG:Piraúba,0.9984871406959152,1.0,15.30640687064013,3.2204044828030396,True
Brazil.regions.MG:Pitangui,0.0,1.0,0.3524277012692738,3.22040448280304,True
Brazil.regions.MG:Piumhi,5.601443464314355,1.0250601443464316,18.26497979707708,3.6241566832283043,True
Brazil.regions.MG:Planura,2.9357190192180256,0.0,29.217731338659302,5.021580187105473,True
Brazil.regions.MG:Ponte Nova,1.1367207962283918,1.0,0.532784712711945,3.22040448280304,True
Brazil.regions.MG:Porto Firme,1.8707643814026793,1.4081954294720254,5.512996707694386,4.534958873734462,True
Brazil.regions.MG:Poté,0.09478672985781991,1.0,3.3926231816960244,3.2204044828030405,True
Brazil.regions.MG:Poço Fundo,0.4499771585198721,1.0662402923709455,3.1346910173046085,3.433725017296617,True
Brazil.regions.MG:Pratinha,0.8333333333333333,1.0,47.66311850729781,3.2204044828030396,True
Brazil.regions.MG:Pratápolis,0.0,1.0,8.403447661797678,3.2204044828030396,True
Brazil.regions.MG:Presidente Juscelino,0.6132478632478632,0.14529914529914528,22.269671497085753,23.4342754787945,True
Brazil.regions.MG:Raposos,2.5432276657060515,1.0,18.44541223302215,3.220404482803041,True
Brazil.regions.MG:Raul Soares,1.0,1.0,5.19639544986256,3.2204044828030405,True
Brazil.regions.MG:Recreio,0.424597364568082,1.0,10.325258392238148,3.2204044828030405,True
Brazil.regions.MG:Resplendor,0.5,1.0,5.401771754479251,3.2204044828030396,True
Brazil.regions.MG:Riacho dos Machados,0.0,1.0,7.327006127892034,3.2204044828030405,True
Brazil.regions.MG:Ribeirão Vermelho,0.0,1.0,21.575033156671296,3.22040448280304,True
Brazil.regions.MG:Rio Acima,0.0,1.0,6.477035393069729,3.2204044828030396,True
Brazil.regions.MG:Rio Manso,0.0,1.0,13.926371923232622,3.2204044828030396,True
Brazil.regions.MG:Rio Novo,0.8588158750813273,1.0,17.550808782157596,3.22040448280304,True
Brazil.regions.MG:Rio Piracicaba,0.0,1.0,3.7535825455810863,3.2204044828030405,True
Brazil.regions.MG:Rio Pomba,3.3296823658269443,0.11281489594742608,20.954259759670123,2.459788714112688,True
Brazil.regions.MG:Rodeiro,5.7237851662404085,1.0,79.69715830225567,3.2204044828030396,True
Brazil.regions.MG:Salto da Divisa,0.0,1.0,11.04696604080946,3.2204044828030396,True
Brazil.regions.MG:Santa Bárbara,0.8327911515940143,1.0,2.6640396536341178,3.22040448280304,True
Brazil.regions.MG:Santa Cruz de Minas,1.4567360350492882,0.7261774370208105,25.33301293989905,4.639268720657377,True
Brazil.regions.MG:Santa Margarida,0.4644549763033176,1.0,5.814979132098968,3.2204044828030405,True
Brazil.regions.MG:Santa Maria de Itabira,5.439053728949479,1.981355252606255,14.92597272550074,6.380765337518533,True
Brazil.regions.MG:Santa Rita de Jacutinga,0.6224066390041494,1.0,29.998404669616068,3.22040448280304,True
Brazil.regions.MG:Santa Rita do Sapucaí,0.0,1.0,0.9088002294512139,3.22040448280304,True
Brazil.regions.MG:Santa Rosa da Serra,0.0,1.0,26.630341785853677,3.22040448280304,True
Brazil.regions.MG:Santana de Cataguases,1.1157674174960712,1.0,51.42234906823186,3.22040448280304,True
Brazil.regions.MG:Santana do Paraíso,3.6196872493985572,1.981355252606255,12.343765165321988,6.380765337518533,True
Brazil.regions.MG:Santo Antônio do Amparo,0.9818181818181819,1.0,7.477669373165554,3.22040448280304,True
Brazil.regions.MG:Santo Antônio do Aventureiro,0.0,1.0,24.541949764837163,3.2204044828030396,True
Brazil.regions.MG:Santo Antônio do Monte,5.23616680032077,1.981355252606255,16.660046334210318,6.380765337518533,True
Brazil.regions.MG:Santos Dumont,12.347126112131056,0.6088123146448242,22.64799979700973,2.9904750919832934,True
Brazil.regions.MG:Sarzedo,4.597032878909382,1.981355252606255,15.192302515395552,6.380765337518533,True
Brazil.regions.MG:Senador Amaral,4.109863672814756,1.981355252606255,87.7980652807743,6.380765337518533,True
Brazil.regions.MG:Senador José Bento,2.723658051689861,1.0,244.69291453782694,3.22040448280304,True
Brazil.regions.MG:Senhora do Porto,0.7610654916883637,1.1802523532946123,22.713556029664772,3.800889969388807,True
Brazil.regions.MG:Serra do Salitre,5.918203688853248,1.981355252606255,17.53736104946506,6.380765337518533,True
Brazil.regions.MG:Serrania,0.0,1.0,9.819105231631696,3.2204044828030405,True
Brazil.regions.MG:Serro,0.9333333333333332,1.0,6.000874413187293,3.2204044828030405,True
Brazil.regions.MG:Simão Pereira,0.0,1.0,35.02051329922373,3.2204044828030396,True
Brazil.regions.MG:Sobrália,2.398628503279666,1.4934406678592727,11.368446463207246,4.809483021574367,True
Brazil.regions.MG:São Brás do Suaçuí,5.56335204490778,1.981355252606255,31.71490845910426,6.380765337518533,True
Brazil.regions.MG:São Domingos do Prata,0.0,1.0,2.5402960183779038,3.22040448280304,True
Brazil.regions.MG:São Francisco de Paula,1.0,1.0,27.421544345142415,3.2204044828030396,True
Brazil.regions.MG:São Francisco do Glória,0.7334109429569267,1.0,32.56429706461493,3.2204044828030405,True
Brazil.regions.MG:São Geraldo da Piedade,1.4214905292972209,0.28022658877677464,17.502757061766793,21.02592449179515,True
Brazil.regions.MG:São Gonçalo do Rio Abaixo,5.476190476190475,1.0,56.085369108684844,3.22040448280304,True
Brazil.regions.MG:São Gonçalo do Sapucaí,0.5333333333333333,1.0,2.8047176569012056,3.2204044828030396,True
Brazil.regions.MG:São Gotardo,4.6381315156375305,1.981355252606255,15.59779844312225,6.380765337518533,True
Brazil.regions.MG:São Joaquim de Bicas,3.1739130434782608,0.4629156010230179,9.997383355179924,1.5195861948272906,True
Brazil.regions.MG:São José da Barra,0.8571428571428571,1.0,21.788252359950224,3.22040448280304,True
Brazil.regions.MG:São José da Lapa,1.4885736800630418,0.8140267927501971,6.680890602906907,2.511018953130925,True
Brazil.regions.MG:São João Nepomuceno,5.030072173215718,1.48616680032077,15.528820318308705,4.502276462720593,True
Brazil.regions.MG:São João da Mata,0.6970954356846473,1.0,58.51460590950862,3.22040448280304,True
Brazil.regions.MG:São João do Manhuaçu,0.0,0.26793557833089315,5.430862927872622,4.838602466016497,True
Brazil.regions.MG:São João do Manteninha,2.3454545454545457,1.0,53.87900745531858,3.22040448280304,True
Brazil.regions.MG:São Lourenço,4.679029671210906,1.981355252606255,9.77923963253986,6.380765337518533,True
Brazil.regions.MG:São Sebastião da Vargem Alegre,0.0,1.0,30.03533213176297,3.2204044828030396,True
Brazil.regions.MG:São Sebastião do Anta,0.0,1.0,12.035125646868968,3.2204044828030405,True
Brazil.regions.MG:São Sebastião do Oeste,13.48924122310306,1.0,210.64293460358897,3.2204044828030396,True
Brazil.regions.MG:São Sebastião do Paraíso,2.310825294748124,0.6495176848874599,7.187968201504221,3.8935696601278176,True
Brazil.regions.MG:São Sebastião do Rio Preto,0.0,1.0,63.18065793419562,3.2204044828030396,True
Brazil.regions.MG:São Tomás de Aquino,3.8794097302282684,0.8359465068019369,14.891068993855182,8.308837988732217,True
Brazil.regions.MG:São Vicente de Minas,1.8625592417061612,1.0,33.70155142724676,3.2204044828030405,True
Brazil.regions.MG:Tabuleiro,0.8731082654249126,1.0,46.7291492618613,3.2204044828030405,True
Brazil.regions.MG:Tapira,0.0,1.0,17.730779259078375,3.22040448280304,True
Brazil.regions.MG:Timóteo,3.768043303929431,1.981355252606255,16.18622658381285,6.380765337518533,True
Brazil.regions.MG:Tocantins,0.0,1.0,2.7823567873812443,3.22040448280304,True
Brazil.regions.MG:Toledo,3.7520048115477143,1.6204891740176421,56.31445239839001,5.174433082371461,True
Brazil.regions.MG:Tombos,3.387660069848661,1.0,51.47493420890303,3.2204044828030405,True
Brazil.regions.MG:Três Corações,28.00052576235542,0.9290220820189274,33.015806886762434,3.131103863818777,True
Brazil.regions.MG:Três Pontas,7.7325236548510095,0.5719531139669539,8.526750893265973,3.3000861068697835,True
Brazil.regions.MG:Ubaí,0.0,1.0,4.758531127186588,3.2204044828030405,True
Brazil.regions.MG:Vargem Alegre,4.24202992843201,1.0,77.6751191041107,3.22040448280304,True
Brazil.regions.MG:Varjão de Minas,0.0,1.0,10.992216324473823,3.2204044828030396,True
Brazil.regions.MG:Varzelândia,2.1451997614788314,0.5041741204531903,6.531754993873464,2.0422807601156276,True
Brazil.regions.MG:Visconde do Rio Branco,0.983358547655068,1.0,1.468293989058808,3.2204044828030396,True
Brazil.regions.MG:Viçosa,4.350029815146095,1.4934406678592727,4.94755543276933,4.809483021574367,True
Brazil.regions.MG:Wenceslau Braz,1.9591409114719747,1.0,112.73339298866935,3.22040448280304,True
Brazil.regions.MG:Águas Vermelhas,1.0,1.0,11.551735261638939,3.2204044828030405,True
Brazil.regions.MS:Deodápolis,2.138888888888889,1.0,21.066881875049706,3.2204044828030396,True
Brazil.regions.MS:Douradina,8.5,1.0,157.1442140182098,3.2204044828030396,True
Brazil.regions.MS:Fátima do Sul,12.933333333333332,1.0,69.39064003923215,3.2204044828030396,True
Brazil.regions.MS:Glória de Dourados,1.1777777777777778,1.0,18.633863231976466,3.2204044828030396,True
Brazil.regions.MS:Guia Lopes da Laguna,93.39810426540285,1.0,950.7776174010054,3.2204044828030405,True
Brazil.regions.MS:Ladário,2.3612484112413505,1.5719531139669543,8.946514258248866,5.062324854975376,True
Brazil.regions.MS:Mundo Novo,2.864951768488746,1.6444265809217578,9.096809375788776,5.295718732840904,True
Brazil.regions.MS:Taquarussu,0.0,1.0,24.65027556179005,3.22040448280304,True
Brazil.regions.MS:Vicentina,3.3734939759036147,0.0,68.45271868834763,13.16766500261158,True
Brazil.regions.MT:Acorizal,1.112033195020747,1.0,35.89856560463439,3.22040448280304,True
Brazil.regions.MT:Curvelândia,2.6885354539430084,0.7713717693836978,67.45473355021112,6.1285440992060645,True
Brazil.regions.MT:Jangada,4.473449001051525,1.0,63.10094948750677,3.2204044828030405,True
Brazil.regions.MT:Mirassol d'Oeste,4.3397825165937025,0.6088123146448242,17.06445001850062,2.008422043634665,True
Brazil.regions.MT:Ponte Branca,0.0,0.024072869225764477,60.23137216694314,58.85895459744855,True
Brazil.regions.MT:Rio Branco,1.4549477783678528,1.2743848468755534,35.31757603153792,4.104034673694298,True
Brazil.regions.MT:São José do Povo,0.0,1.0,21.391950919608973,3.2204044828030405,True
Brazil.regions.MT:São Pedro da Cipa,3.4881516587677726,0.6492890995260664,91.7267429419436,8.380855041055096,True
Brazil.regions.PA:Abel Figueiredo,1.8335273573923168,0.03958090803259604,34.895379178648625,9.953806119728686,True
Brazil.regions.PA:Augusto Corrêa,31.80141843971632,0.7494089834515367,65.92312098395446,1.3018610076309245,True
Brazil.regions.PA:Benevides,28.121491579791503,2.883520449077787,33.81229775689044,2.7566866698141976,True
Brazil.regions.PA:Bonito,26.762114537444937,0.801762114537445,168.03178467846826,3.1608209517943453,True
Brazil.regions.PA:Brejo Grande do Araguaia,5.142857142857142,1.0,80.01614216837775,3.22040448280304,True
Brazil.regions.PA:Bujaru,37.00180433039294,2.9607056936647953,128.4826619610925,10.499525219385548,True
Brazil.regions.PA:Capanema,107.52253242470876,5.736205759507585,146.02389188769192,5.551792692175946,True
Brazil.regions.PA:Colares,4.370370370370371,0.29393223010244296,51.74076595280718,7.513598013357221,True
Brazil.regions.PA:Concórdia do Pará,40.150489089541004,0.9473288186606471,120.06011816205604,3.1125832857340963,True
Brazil.regions.PA:Curuçá,55.13825455832891,10.658346610019473,135.8810708338049,25.888737180172395,True
Brazil.regions.PA:Igarapé-Açu,36.550685748360166,2.8053070960047704,92.00552688195792,6.507225707455929,True
Brazil.regions.PA:Inhangapi,10.809412550066757,0.8230974632843793,106.8599877193338,3.2376009771091008,True
Brazil.regions.PA:Magalhães Barata,22.113744075829388,1.431279620853081,267.1790348694359,22.248857081336592,True
Brazil.regions.PA:Maracanã,35.33465458663647,0.7293318233295584,120.06074974865106,2.644567456202251,True
Brazil.regions.PA:Marapanim,27.578692493946733,1.6549636803874093,98.7575464748018,6.305006084419058,True
Brazil.regions.PA:Mocajuba,55.276381909547744,2.153494746459571,177.51969165717068,6.914048743759276,True
Brazil.regions.PA:Mãe do Rio,29.368006304176518,1.4081954294720254,97.96447921529742,4.534958873734462,True
Brazil.regions.PA:Nova Timboteua,10.441217704786704,1.1802523532946123,73.755091714205,3.800889969388807,True
Brazil.regions.PA:Ourém,16.96847911741529,1.2474389282899923,102.45258399090582,3.6339584187292324,True
Brazil.regions.PA:Palestina do Pará,1.8181818181818181,0.10909090909090911,33.91468338360648,9.221708612562038,True
Brazil.regions.PA:Peixe-Boi,4.636085626911315,1.0,66.55903871283041,3.22040448280304,True
Brazil.regions.PA:Primavera,15.186457935598828,1.7114674812269313,165.615754942571,5.511617548714837,True
Brazil.regions.PA:Quatipuru,9.130914194065758,1.981355252606255,95.65942976426707,6.380765337518533,True
Brazil.regions.PA:Salinópolis,39.20531985051661,4.660145086832271,92.1961162502498,10.576721228431573,True
Brazil.regions.PA:Salvaterra,24.78562909958259,0.7465712581991653,107.71560739179313,3.881239750276309,True
Brazil.regions.PA:Santa Bárbara do Pará,38.08427484436246,0.4108830989163016,188.40540269577826,2.085563538540451,True
Brazil.regions.PA:Santa Cruz do Arari,14.638342277877163,0.7853309481216458,167.14519537504174,17.039594527167274,True
Brazil.regions.PA:Santa Izabel do Pará,101.08510638297874,3.5090622537431053,137.205763514249,3.3788829265614724,True
Brazil.regions.PA:Santa Maria do Pará,35.20026702269693,0.9849799732977305,143.7835169359936,3.4370340097068026,True
Brazil.regions.PA:Santarém Novo,1.228628230616302,0.007952286282306164,29.998081589879956,11.617634076540261,True
Brazil.regions.PA:Santo Antônio do Tauá,68.623696872494,4.604651162790698,217.67481101787072,14.560186489788459,True
Brazil.regions.PA:Sapucaia,0.963855421686747,1.0,29.89688761984025,3.2204044828030405,True
Brazil.regions.PA:São Caetano de Odivelas,27.769516728624534,4.78297043724553,159.4650191492158,29.340559669277766,True
Brazil.regions.PA:São Francisco do Pará,8.053941908713693,0.24066390041493776,53.787163258751505,4.591356633019512,True
Brazil.regions.PA:São João da Ponta,2.4718551150269215,0.4248653940283897,56.851980061040386,8.884611303479678,True
Brazil.regions.PA:São João de Pirabas,9.42249811888638,1.611361926260346,43.21028469721883,7.468776150195654,True
Brazil.regions.PA:São João do Araguaia,1.3117365905469995,0.30784209594618517,13.107827064567093,3.0173069684062086,True
Brazil.regions.PA:São Miguel do Guamá,55.118053954346315,0.4599953885174084,85.7039386211503,2.419210015768114,True
Brazil.regions.PA:Terra Alta,24.37509850275808,1.1339637509850278,224.35005509122206,14.937245495980974,True
Brazil.regions.PA:Tracuateua,8.281041388518025,1.315420560747664,26.774894492614855,4.236186270603064,True
Brazil.regions.PA:Vigia,61.285714285714285,2.0859564164648914,107.93433835568418,2.546508198461229,True
Brazil.regions.PB:Aguiar,0.0,1.0,14.510091971097669,3.22040448280304,True
Brazil.regions.PB:Alagoa Grande,14.608451832565594,0.837772882034849,51.773622139452456,2.692760775842605,True
Brazil.regions.PB:Alagoa Nova,1.0214197203044788,0.8566117896972916,8.71537205211647,2.552187237811531,True
Brazil.regions.PB:Alagoinha,22.536606373815676,1.0,159.22425266272583,3.2204044828030396,True
Brazil.regions.PB:Alhandra,48.42185730464326,2.150622876557191,249.0864022593006,12.836301178110702,True
Brazil.regions.PB:Amparo,8.872727272727273,1.0,437.92022432538613,3.22040448280304,True
Brazil.regions.PB:Aparecida,0.0,1.0,8.759947739552297,3.2204044828030405,True
Brazil.regions.PB:Arara,3.3636363636363638,1.0,29.174817221995507,3.22040448280304,True
Brazil.regions.PB:Araruna,1.6666666666666665,1.0,9.908123809175429,3.2204044828030396,True
Brazil.regions.PB:Araçagi,14.80546792849632,1.0,90.20260610677778,3.2204044828030405,True
Brazil.regions.PB:Areia,13.807692307692307,1.0,62.38407569815702,3.073924564817079,True
Brazil.regions.PB:Areial,3.1585677749360612,1.0,56.204685184759995,3.2204044828030396,True
Brazil.regions.PB:Aroeiras,8.37344398340249,1.0,45.719416868434315,3.22040448280304,True
Brazil.regions.PB:Bananeiras,9.603122966818477,1.0,46.517483531168615,3.22040448280304,True
Brazil.regions.PB:Barra de Santa Rosa,0.0,1.0,3.279855527597376,3.2204044828030396,True
Brazil.regions.PB:Barra de Santana,5.522821576763485,1.0,74.81311121002487,3.22040448280304,True
Brazil.regions.PB:Barra de São Miguel,1.4214905292972209,1.2743848468755534,10.520492476935093,4.104034673694298,True
Brazil.regions.PB:Bayeux,62.46190858059343,3.3903368083400163,49.43421457631784,1.2143360083721426,True
Brazil.regions.PB:Baía da Traição,18.030267753201397,0.8952270081490105,208.39160211345404,3.7106321618279257,True
Brazil.regions.PB:Belém,9.233296823658268,1.0,54.67333179043904,3.2204044828030405,True
Brazil.regions.PB:Belém do Brejo do Cruz,0.0,1.0,10.399862474429321,3.22040448280304,True
Brazil.regions.PB:Boa Vista,1.4666666666666666,1.0,31.76281302771556,3.2204044828030396,True
Brazil.regions.PB:Bom Jesus,2.0819542947202527,1.4081954294720254,29.122107742563397,4.534958873734462,True
Brazil.regions.PB:Boqueirão,1.1282051282051282,0.1388888888888889,10.202650433647854,2.2086692904529204,True
Brazil.regions.PB:Borborema,0.0,1.0,15.780165534297474,3.2204044828030405,True
Brazil.regions.PB:Brejo do Cruz,0.38654115762066893,0.1864610454636491,9.536181575189136,3.276284329133882,True
Brazil.regions.PB:Caaporã,99.09072701782497,0.8718205487682755,456.3581258702431,4.437493898959309,True
Brazil.regions.PB:Cabaceiras,1.0,1.0,32.42386570076495,3.2204044828030396,True
Brazil.regions.PB:Cabedelo,42.826784282277465,1.4611066559743384,51.288870126314315,1.403957410445844,True
Brazil.regions.PB:Cachoeira dos Índios,1.380952380952381,0.14285714285714285,20.022004546408017,6.066978334228096,True
Brazil.regions.PB:Cacimba de Dentro,6.6,1.0,40.99906371990831,3.2204044828030396,True
Brazil.regions.PB:Cacimbas,1.0,1.0,24.661932056998992,3.2204044828030396,True
Brazil.regions.PB:Caiçara,8.277004638833667,0.7017892644135189,125.60898919632021,5.440926703126591,True
Brazil.regions.PB:Cajazeiras,23.281041388518027,0.37883845126835786,33.154565696072844,2.0065049863470605,True
Brazil.regions.PB:Cajazeirinhas,0.0,1.0,28.098104756157188,3.22040448280304,True
Brazil.regions.PB:Caldas Brandão,5.214285714285714,1.0,100.10991999816991,3.22040448280304,True
Brazil.regions.PB:Capim,10.649289099526069,0.5734597156398105,175.36750138146292,7.012160144731076,True
Brazil.regions.PB:Carrapateira,0.0,1.0,34.387718871841564,3.2204044828030396,True
Brazil.regions.PB:Casserengue,0.1557322730284957,1.0,12.25538921066905,3.22040448280304,True
Brazil.regions.PB:Catingueira,0.3356992639327024,1.0,23.404744928210956,3.2204044828030405,True
Brazil.regions.PB:Catolé do Rocha,10.11111111111111,1.0,33.154607339075795,3.2204044828030396,True
Brazil.regions.PB:Caturité,1.6,1.0,50.365745558417075,3.2204044828030396,True
Brazil.regions.PB:Conceição,0.9077155824508321,1.0,6.829725021205135,3.2204044828030396,True
Brazil.regions.PB:Condado,23.582503928758513,1.0,366.2190894871175,3.22040448280304,True
Brazil.regions.PB:Conde,30.924566088117494,0.11548731642189587,127.63338617382631,1.2075203139004025,True
Brazil.regions.PB:Congo,2.392317469284,0.9053805959610225,115.20758757731504,11.012767338198541,True
Brazil.regions.PB:Coremas,4.717649141440963,1.2743848468755534,38.42480369727175,4.104034673694298,True
Brazil.regions.PB:Coxixola,1.2777889044662527,1.1802523532946123,152.51993197328855,3.800889969388807,True
Brazil.regions.PB:Cruz do Espírito Santo,39.61949265687584,1.7026034712950604,235.75317943924276,12.378476271663349,True
Brazil.regions.PB:Cuitegi,16.31431897555297,0.21420256111757857,251.28964954561042,9.709982064170834,True
Brazil.regions.PB:Cuité,1.9167579408543265,1.0,11.121015228350105,3.2204044828030405,True
Brazil.regions.PB:Cuité de Mamanguape,1.0246679316888045,1.0,28.649073428243778,3.2204044828030396,True
Brazil.regions.PB:Curral de Cima,1.13464447806354,1.0,37.61840320924862,3.2204044828030396,True
Brazil.regions.PB:Damião,0.0,1.0,15.541321595996209,3.22040448280304,True
Brazil.regions.PB:Desterro,1.0,1.0,20.88469374547224,3.2204044828030396,True
Brazil.regions.PB:Dona Inês,0.0,1.0,6.3462271062144655,3.2204044828030396,True
Brazil.regions.PB:Duas Estradas,4.952561669829222,1.0,162.31245619097956,3.2204044828030396,True
Brazil.regions.PB:Emas,0.0,1.0,25.17255406347748,3.2204044828030396,True
Brazil.regions.PB:Esperança,12.140018273184102,1.0662402923709455,36.50608470467583,3.433725017296617,True
Brazil.regions.PB:Fagundes,1.8,1.0,21.661849138453515,3.2204044828030405,True
Brazil.regions.PB:Gado Bravo,8.605809128630705,0.17842323651452283,112.28956579895146,7.808255958995476,True
Brazil.regions.PB:Guarabira,154.23664409330323,1.0564334085778782,259.0031639454547,2.4217427762975485,True
Brazil.regions.PB:Gurinhém,8.1517094017094,1.1260683760683763,63.91755837726147,3.6263956462333375,True
Brazil.regions.PB:Gurjão,2.0,1.0,84.29418128149102,3.2204044828030405,True
Brazil.regions.PB:Ibiara,0.9523809523809524,1.0,29.708941990142687,3.22040448280304,True
Brazil.regions.PB:Igaracy,5.918203688853248,1.981355252606255,16.73194111148341,6.380765337518533,True
Brazil.regions.PB:Imaculada,2.785950960901259,1.0,28.812347534298738,3.22040448280304,True
Brazil.regions.PB:Ingá,7.842323651452282,1.0,45.624116599074455,3.22040448280304,True
Brazil.regions.PB:Itabaiana,20.745994659546064,1.0483978638184248,87.12504965493343,3.1452735895995145,True
Brazil.regions.PB:Itaporanga,2.1361671469740635,0.38400576368876077,9.480742232627312,1.7476150773618004,True
Brazil.regions.PB:Itapororoca,9.481147105682421,0.4671623296158612,55.97506169472711,2.0568955502276385,True
Brazil.regions.PB:Itatuba,15.961664841182913,0.06900328587075576,151.5110755498818,5.716978258741967,True
Brazil.regions.PB:Jacaraú,5.236006051437215,1.0,39.9921660350905,3.2204044828030396,True
Brazil.regions.PB:Jericó,0.0,1.0,9.701161611007526,3.22040448280304,True
Brazil.regions.PB:Joca Claudino,0.0,1.0,34.71586258851714,3.22040448280304,True
Brazil.regions.PB:Juarez Távora,6.062618595825427,1.0,85.77428548475527,3.2204044828030396,True
Brazil.regions.PB:Juazeirinho,23.535882661079096,1.0,131.80729163232047,3.22040448280304,True
Brazil.regions.PB:Junco do Seridó,5.230553327987169,0.9857658380112271,23.46353429566306,7.571969877354921,True
Brazil.regions.PB:Juripiranga,24.17811408614668,1.0,230.86395853455173,3.2204044828030405,True
Brazil.regions.PB:Juru,0.7142857142857143,1.0,14.153525934605637,3.22040448280304,True
Brazil.regions.PB:Lagoa,2.0,1.0,61.07449478852144,3.2204044828030405,True
Brazil.regions.PB:Lagoa Seca,10.149290259422418,0.27312775330396477,37.429921200178256,1.3464031546301998,True
Brazil.regions.PB:Lagoa de Dentro,2.3624288425047437,1.0,40.340015811337956,3.2204044828030396,True
Brazil.regions.PB:Lastro,0.0,1.0,33.3159491891005,3.2204044828030396,True
Brazil.regions.PB:Logradouro,5.111111111111112,1.0,137.84864240341835,3.2204044828030396,True
Brazil.regions.PB:Lucena,24.08885383806519,1.0,189.21853873198992,3.2204044828030405,True
Brazil.regions.PB:Malta,4.487666034155597,1.0,92.06811842318061,3.2204044828030396,True
Brazil.regions.PB:Mamanguape,19.617737003058107,1.0,42.79007986684341,3.22040448280304,True
Brazil.regions.PB:Manaíra,0.4666666666666666,1.0,10.167698362168812,3.2204044828030405,True
Brazil.regions.PB:Mari,38.25501713166912,0.7366617719040626,176.9092311881155,4.732435980191247,True
Brazil.regions.PB:Marizópolis,1.9358974358974357,0.12606837606837606,48.441462798701494,11.486193140225781,True
Brazil.regions.PB:Massaranduba,7.726558407543215,1.0,59.47939726704045,3.22040448280304,True
Brazil.regions.PB:Mataraca,5.387596899224805,1.0,72.51586418241877,3.2204044828030396,True
Brazil.regions.PB:Matinhas,1.4502369668246449,1.0,51.229305891077956,3.2204044828030405,True
Brazil.regions.PB:Mato Grosso,2.0,1.0,99.94328189959037,3.2204044828030405,True
Brazil.regions.PB:Maturéia,3.87551867219917,1.0,70.99970013280314,3.22040448280304,True
Brazil.regions.PB:Mogeiro,0.0,0.0,4.307448573505301,4.307448573505301,True
Brazil.regions.PB:Montadas,1.2380952380952384,1.0,36.25913755450933,3.22040448280304,True
Brazil.regions.PB:Monteiro,9.184890656063619,1.0,27.453110998703735,3.22040448280304,True
Brazil.regions.PB:Mulungu,4.747641509433962,1.0,54.824854146099824,3.22040448280304,True
Brazil.regions.PB:Mãe d'Água,1.0,1.0,46.66734807394428,3.2204044828030396,True
Brazil.regions.PB:Natuba,1.9924098671726755,1.0,25.40413987507601,3.2204044828030396,True
Brazil.regions.PB:Nova Floresta,0.0,1.0,6.179858724566767,3.2204044828030396,True
Brazil.regions.PB:Nova Olinda,0.0,1.0,13.589143340360518,3.2204044828030396,True
Brazil.regions.PB:Olho d'Água,0.0,1.0,12.102917613427422,3.2204044828030396,True
Brazil.regions.PB:Ouro Velho,0.0,1.0,29.68515655701269,3.2204044828030396,True
Brazil.regions.PB:Passagem,0.9111111111111111,1.0,75.78377538950416,3.2204044828030396,True
Brazil.regions.PB:Paulista,5.25,1.0,47.399179221740575,3.22040448280304,True
Brazil.regions.PB:Pedras de Fogo,56.015021029441215,0.9699579411175647,197.35095815641122,3.6862914430797304,True
Brazil.regions.PB:Piancó,6.221181556195965,0.8198847262247839,41.70140924158866,6.877286418840432,True
Brazil.regions.PB:Picuí,0.8695652173913042,1.0,6.775666828704764,3.2204044828030396,True
Brazil.regions.PB:Pilar,15.072895957587807,1.0,131.6532714221043,3.22040448280304,True
Brazil.regions.PB:Pilões,2.255924170616114,1.0,45.85154985956492,3.2204044828030405,True
Brazil.regions.PB:Pilõezinhos,10.49039098740888,1.0,227.69581310981917,3.22040448280304,True
Brazil.regions.PB:Pirpirituba,5.917743324720068,1.0,62.17087375446011,3.2204044828030396,True
Brazil.regions.PB:Pitimbu,32.498343273691184,0.9403578528827038,172.48556600600466,4.880046878346008,True
Brazil.regions.PB:Pocinhos,0.9778812572759021,1.0,7.433987120708606,3.2204044828030405,True
Brazil.regions.PB:Pombal,3.1472572228585975,1.7114674812269313,9.044054101908932,5.511617548714837,True
Brazil.regions.PB:Princesa Isabel,2.862385321100917,1.0,13.324403061000417,3.22040448280304,True
Brazil.regions.PB:Puxinanã,4.074688796680498,1.0,33.8752738555047,3.22040448280304,True
Brazil.regions.PB:Queimadas,8.837734783222709,1.5719531139669543,16.799889321635316,5.062324854975376,True
Brazil.regions.PB:Quixaba,3.2225063938618925,1.0,212.65415553058617,3.2204044828030396,True
Brazil.regions.PB:Remígio,17.151658767772513,1.0,89.29098009378588,3.2204044828030405,True
Brazil.regions.PB:Riacho de Santo Antônio,2.0,1.0,150.78370229337764,3.2204044828030396,True
Brazil.regions.PB:Riacho dos Cavalos,0.8380520951302379,1.0,18.337795084757804,3.2204044828030396,True
Brazil.regions.PB:Riachão do Bacamarte,24.66239813736904,1.0,564.4061855939286,3.2204044828030405,True
Brazil.regions.PB:Riachão do Poço,2.9595391211146844,0.6444265809217579,12.764013068104234,16.882147756402826,True
Brazil.regions.PB:Rio Tinto,15.654434250764528,0.6483180428134557,65.66789073048504,2.4099620597392684,True
Brazil.regions.PB:Salgadinho,0.0,1.0,22.5196212572227,3.22040448280304,True
Brazil.regions.PB:Salgado de São Félix,7.883509833585476,1.0,69.95512956650072,3.2204044828030396,True
Brazil.regions.PB:Santa Cecília,0.0,1.0,12.028146904815136,3.2204044828030396,True
Brazil.regions.PB:Santa Helena,0.0,1.0,13.760407199995397,3.2204044828030396,True
Brazil.regions.PB:Santa Luzia,12.189628077527502,0.9371398638030383,82.52675503824429,7.073733516878389,True
Brazil.regions.PB:Santa Teresinha,1.935483870967742,1.0,60.97123931706012,3.2204044828030396,True
Brazil.regions.PB:Santana dos Garrotes,0.0,1.0,11.002323436411865,3.22040448280304,True
Brazil.regions.PB:Sapé,68.79143936214854,0.6545321023919428,122.51986026114939,1.6783010157803187,True
Brazil.regions.PB:Serra Branca,5.788893344025662,1.981355252606255,16.968454464723813,6.380765337518533,True
Brazil.regions.PB:Serra Redonda,2.6819571865443423,1.0,49.07269573796592,3.22040448280304,True
Brazil.regions.PB:Serra da Raiz,3.5626801152737753,1.0,141.71860807354307,3.220404482803041,True
Brazil.regions.PB:Serraria,1.5217391304347825,0.578005115089514,38.12635942004632,7.421499253526347,True
Brazil.regions.PB:Sertãozinho,3.6154847104749512,1.0,88.64831984989901,3.22040448280304,True
Brazil.regions.PB:Sobrado,3.9115250291036086,0.0919674039580908,59.88540342036551,9.03881133265303,True
Brazil.regions.PB:Soledade,1.6970954356846473,1.0,14.773427231685233,3.22040448280304,True
Brazil.regions.PB:Solânea,15.29923273657289,1.0,58.50274747150033,3.2204044828030396,True
Brazil.regions.PB:Sousa,2.134121892542101,1.981355252606255,9.41431178775679,6.380765337518533,True
Brazil.regions.PB:Sumé,3.4,1.0,22.713816901141314,3.2204044828030405,True
Brazil.regions.PB:São Bentinho,2.333333333333333,1.0,70.37935999795062,3.2204044828030396,True
Brazil.regions.PB:São Bento,11.714898177920686,0.5002679528403002,33.34604447520864,1.684336865697296,True
Brazil.regions.PB:São Francisco,0.6666666666666666,1.0,45.914815642983115,3.22040448280304,True
Brazil.regions.PB:São José da Lagoa Tapada,11.642857142857142,1.0,162.47890276303104,3.22040448280304,True
Brazil.regions.PB:São José de Caiana,5.155555555555556,1.0,93.58028046067164,3.2204044828030396,True
Brazil.regions.PB:São José de Espinharas,0.6925115970841618,1.0,32.92892480135249,3.22040448280304,True
Brazil.regions.PB:São José de Piranhas,2.007361268403171,0.16194790486976218,11.630028920007542,1.960995537980067,True
Brazil.regions.PB:São José do Bonfim,2.066246056782334,1.0,86.51647721264986,3.2204044828030405,True
Brazil.regions.PB:São José do Sabugi,37.82542694497154,1.0,934.3653705708443,3.2204044828030396,True
Brazil.regions.PB:São José dos Cordeiros,1.6666666666666665,1.0,70.28198434483386,3.22040448280304,True
Brazil.regions.PB:São José dos Ramos,2.7427385892116183,1.0,59.60884831578045,3.22040448280304,True
Brazil.regions.PB:São João do Cariri,0.0,1.0,20.594789611028823,3.2204044828030396,True
Brazil.regions.PB:São João do Rio do Peixe,3.3917454461609404,1.831219737145492,18.78148783727007,5.897268250500748,True
Brazil.regions.PB:São João do Tigre,0.0,1.0,19.39379723587629,3.2204044828030405,True
Brazil.regions.PB:São Mamede,5.178571428571429,1.0,76.77145761677528,3.22040448280304,True
Brazil.regions.PB:São Miguel de Taipu,7.60768335273574,0.5343422584400466,113.60483103206855,6.541193847340398,True
Brazil.regions.PB:São Sebastião de Lagoa de Roça,6.104265402843603,0.8720379146919431,57.7028902847435,11.361389786298302,True
Brazil.regions.PB:São Vicente do Seridó,5.509090909090909,1.0,57.188791889270355,3.22040448280304,True
Brazil.regions.PB:Tacima,3.323651452282158,0.37759336099585067,36.406132519141394,4.915998143637459,True
Brazil.regions.PB:Taperoá,11.062946737376066,0.8312197371454922,88.60939681078844,2.542998171699029,True
Brazil.regions.PB:Tavares,2.5,1.0,20.547081596240826,3.2204044828030396,True
Brazil.regions.PB:Teixeira,4.5738451528952515,1.0,33.54395903474363,3.22040448280304,True
Brazil.regions.PB:Uiraúna,1.6192937123169682,0.590869939707149,13.964306921979588,3.2695041095687545,True
Brazil.regions.PB:Umbuzeiro,7.597961494903737,0.014722536806342017,83.56632706967237,6.819686166291221,True
Brazil.regions.PB:Vieirópolis,1.0,1.0,34.17675333320294,3.2204044828030405,True
Brazil.regions.PB:Vista Serrana,0.0,1.0,23.10924269992471,3.2204044828030396,True
Brazil.regions.PB:Várzea,0.0,1.0,32.366784129296605,3.2204044828030396,True
Brazil.regions.PB:Água Branca,0.0,1.0,6.550945917822325,3.2204044828030396,True
Brazil.regions.PE:Abreu e Lima,122.24358460304731,7.554731355252606,106.93446295995864,4.30575465817221,True
Brazil.regions.PE:Afogados da Ingazeira,3.8907134767836924,1.0,9.905856224096478,3.2204044828030396,True
Brazil.regions.PE:Agrestina,4.876827558582015,1.6022431403965551,21.00293065689844,7.380526521232722,True
Brazil.regions.PE:Alagoinha,1.5190816935002982,1.4934406678592727,7.90672774764253,4.809483021574367,True
Brazil.regions.PE:Aliança,4.574979951884523,2.277064955894146,8.19819482435242,5.155261402101157,True
Brazil.regions.PE:Altinho,2.8771615980918304,1.4934406678592727,16.37434373260155,4.809483021574367,True
Brazil.regions.PE:Amaraji,10.472190403461878,2.6269568537609773,50.754246886223605,13.492387598194393,True
Brazil.regions.PE:Araçoiaba,6.393493075401188,0.5416575071444275,40.363890452015816,3.782963125324568,True
Brazil.regions.PE:Arcoverde,22.857257417802728,3.44206094627105,17.79128678813226,1.3400511381443472,True
Brazil.regions.PE:Barra de Guabiraba,5.9848197343453515,0.0,45.3358675668692,3.731281300999531,True
Brazil.regions.PE:Barreiros,39.0622929092114,2.6070245195493706,90.91196331244856,5.773941713692141,True
Brazil.regions.PE:Belo Jardim,3.905372894947875,1.7317562149157977,18.26973862189768,6.054231712418184,True
Brazil.regions.PE:Belém de Maria,0.0,0.0,5.062540932586671,5.062540932586671,True
Brazil.regions.PE:Betânia,2.373931623931623,0.3568376068376068,26.152904517021984,3.9078320549080874,True
Brazil.regions.PE:Bezerros,8.377665420971642,1.403385359419653,6.247578596537098,5.278007443716992,True
Brazil.regions.PE:Bom Conselho,8.642742582197274,1.0040096230954292,14.299590439887554,4.367860881632663,True
Brazil.regions.PE:Bom Jardim,5.506214915797916,2.7600240577385726,11.24454392736182,5.984293299157883,True
Brazil.regions.PE:Bonito,7.52294873605423,1.752577319587629,17.539351512373308,3.7403274855074176,True
Brazil.regions.PE:Brejo da Madre de Deus,16.588616714697405,0.7622478386167146,31.8619836858255,2.7518534572555944,True
Brazil.regions.PE:Buenos Aires,5.558176100628931,0.5047169811320755,46.63270156530742,7.825300213185359,True
Brazil.regions.PE:Buíque,3.6281446540880498,1.0,4.8425871772523355,3.22040448280304,True
Brazil.regions.PE:Cachoeirinha,4.141940657578188,1.9372493985565358,30.288357901451008,6.164347996744641,True
Brazil.regions.PE:Caetés,8.029218843172332,0.7182468694096601,28.819289928396948,2.404232527037322,True
Brazil.regions.PE:Calçado,0.0,1.0,5.826912987566995,3.2204044828030396,True
Brazil.regions.PE:Camocim de São Félix,7.697516930022573,1.2294958615500375,45.39819056856744,3.9594739841235276,True
Brazil.regions.PE:Camutanga,8.184480234260615,0.8931185944363105,104.187854601054,18.918744089718423,True
Brazil.regions.PE:Canhotinho,1.4800759013282732,0.6299810246679317,6.778288878462374,2.328954338058055,True
Brazil.regions.PE:Capoeiras,4.56896551724138,1.455092221331195,11.996276492601291,3.7557502174314408,True
Brazil.regions.PE:Carnaubeira da Penha,0.689812699862951,0.42211055276381904,10.852519796452713,3.8392654256729015,True
Brazil.regions.PE:Carnaíba,1.9541157482130507,1.1528706479133042,6.276521623304163,9.365840465466702,True
Brazil.regions.PE:Carpina,22.943664795509225,3.2493985565356858,13.527084341476835,2.176956755486142,True
Brazil.regions.PE:Casinhas,1.8003025718608168,1.0,16.30614577074146,3.2204044828030396,True
Brazil.regions.PE:Catende,2.7945068163592626,1.144747393744988,4.206922871586257,2.0559911633978447,True
Brazil.regions.PE:Cedro,0.3746002740977615,1.0662402923709455,6.411709907278032,3.433725017296617,True
Brazil.regions.PE:Chã Grande,30.024443978178766,1.132186319765002,147.07990909122972,7.210100554569416,True
Brazil.regions.PE:Chã de Alegria,20.00011528706479,0.2932902928291446,169.1475619922157,6.202868375941661,True
Brazil.regions.PE:Condado,27.069224981188864,3.0842738901429643,103.6252708160855,12.283479369081576,True
Brazil.regions.PE:Correntes,0.8572000801121571,0.3691167634688564,8.709200388084957,2.2125334880235985,True
Brazil.regions.PE:Cortês,11.226299694189603,1.0886850152905199,93.98344107443661,13.03830020715674,True
Brazil.regions.PE:Cumaru,10.663608562691131,1.0,103.72630891066048,3.22040448280304,True
Brazil.regions.PE:Cupira,4.930635102456408,1.0127275041364387,24.357735036779538,3.026409527544357,True
Brazil.regions.PE:Custódia,17.3062015503876,1.324985092426953,44.89808531376657,3.145343259220596,True
Brazil.regions.PE:Escada,40.54066437571591,3.5925925925925926,51.44537387056992,3.4969988427725367,True
Brazil.regions.PE:Feira Nova,22.65203003690976,2.4127529591447114,107.81767399854546,12.193016027353304,True
Brazil.regions.PE:Fernando de Noronha,17.79971932638332,1.981355252606255,785.2319551589513,6.380765337518533,True
Brazil.regions.PE:Ferreiros,15.966903073286053,1.9408983451536643,147.20475719978847,20.59463165922101,True
Brazil.regions.PE:Flores,0.14195583596214512,1.0,1.4865339616874198,3.2204044828030405,True
Brazil.regions.PE:Frei Miguelinho,10.264635124298318,0.48777064955894145,88.88600481661372,8.547254886339196,True
Brazil.regions.PE:Glória do Goitá,23.621800251783466,6.032522031053294,77.4809493918793,19.79759259121532,True
Brazil.regions.PE:Goiana,16.29410585404972,2.4069767441860463,7.169901016612191,1.4216250109174864,True
Brazil.regions.PE:Granito,0.4499771585198721,1.0662402923709455,8.68875582710821,3.433725017296617,True
Brazil.regions.PE:Gravatá,27.32578588700814,1.5440756210156081,21.42224252545551,2.456330641958006,True
Brazil.regions.PE:Iati,0.0,1.0,1.9887427797900732,3.2204044828030396,True
Brazil.regions.PE:Ibirajuba,0.0,1.0,9.662873022994434,3.22040448280304,True
Brazil.regions.PE:Iguaracy,2.6381909547738696,0.7030607583371403,28.763330641450285,3.637978833529427,True
Brazil.regions.PE:Ilha de Itamaracá,18.27980170624856,1.303204980401199,72.59956982027445,3.8863963000692854,True
Brazil.regions.PE:Inajá,1.4702937249666224,1.315420560747664,4.6468833921849315,4.236186270603064,True
Brazil.regions.PE:Ipojuca,69.36347233360064,6.168404170008019,57.032308936473626,2.591998400563153,True
Brazil.regions.PE:Ipubi,3.167602245388933,1.770850040096231,10.260531646571074,5.698503029519492,True
Brazil.regions.PE:Itambé,19.102803738317757,0.4526034712950601,51.32535386653943,1.6556585627807836,True
Brazil.regions.PE:Itapetim,1.703703703703704,0.42474389282899927,25.22217254781282,3.049999504873386,True
Brazil.regions.PE:Itapissuma,27.079206882081404,3.814729332773814,104.94146019333726,15.18275666667251,True
Brazil.regions.PE:Itaquitinga,13.108974358974358,2.102564102564102,81.63584371218006,15.415966362805165,True
Brazil.regions.PE:Itaíba,4.136163982430454,0.48755490483162517,16.272418707566437,1.8646804968360884,True
Brazil.regions.PE:Jaqueira,11.260401370533529,1.4282917278511993,103.4075908272638,16.101701634075212,True
Brazil.regions.PE:Jataúba,13.032376502002672,0.2489986648865154,83.1362961625516,2.8015746509976043,True
Brazil.regions.PE:Jatobá,2.316636851520572,1.4934406678592727,8.18846167446124,4.809483021574367,True
Brazil.regions.PE:Joaquim Nabuco,5.38292507204611,0.16786743515850147,36.615612942436364,3.0541606694441605,True
Brazil.regions.PE:João Alfredo,6.434843624699278,1.7217321571772253,17.207925418809417,5.099187638340002,True
Brazil.regions.PE:Jucati,1.1152416356877326,1.2743848468755534,22.137897085707234,4.104034673694298,True
Brazil.regions.PE:Jupi,2.197376267143709,0.8449612403100775,7.369232430600998,2.443887461117779,True
Brazil.regions.PE:Jurema,5.409973963548969,1.1802523532946123,40.96046493259842,3.800889969388807,True
Brazil.regions.PE:Lagoa de Itaenga,9.229635584137192,0.5203644158628081,48.796933457350484,4.646010117691832,True
Brazil.regions.PE:Lagoa do Carro,8.100441058540499,0.29170008019246196,60.82968187856952,4.145299608923455,True
Brazil.regions.PE:Lagoa do Ouro,0.1827318410232983,1.0662402923709455,6.743407673432708,3.433725017296617,True
Brazil.regions.PE:Lagoa dos Gatos,1.9520773796438782,0.3989887887447791,19.293784269497042,3.793420345769602,True
Brazil.regions.PE:Lajedo,5.733211512105984,0.1548652352672453,13.24035499181925,1.1715748557008563,True
Brazil.regions.PE:Limoeiro,24.742782678428227,4.867882919005614,34.044960783490694,5.878374846450438,True
Brazil.regions.PE:Macaparana,2.7275461106655974,0.7568163592622295,9.558946670301982,2.698351641623414,True
Brazil.regions.PE:Machados,2.318401174989509,0.7429710449013848,21.143158511714013,3.08351145526428,True
Brazil.regions.PE:Maraial,0.8381839348079162,0.860302677532014,12.982186392542188,12.929684310943438,True
Brazil.regions.PE:Moreilândia,0.0,1.0,5.652709980373534,3.22040448280304,True
Brazil.regions.PE:Moreno,47.32217321571772,3.3195669607056937,64.1146233634553,3.6317415152579167,True
Brazil.regions.PE:Nazaré da Mata,24.536909187466808,2.968489998229775,75.22482531516323,9.024358680300251,True
Brazil.regions.PE:Orobó,0.7446322521699407,1.0662402923709455,4.006935239069747,3.433725017296617,True
Brazil.regions.PE:Orocó,1.1240927597804922,0.8123561692334927,6.325883325651688,2.4429762511131967,True
Brazil.regions.PE:Palmares,5.599438652766639,1.088211708099439,5.0117958707135095,2.2777270244111825,True
Brazil.regions.PE:Palmeirina,2.5833333333333335,0.5833333333333334,43.35873672782133,5.952913291004891,True
Brazil.regions.PE:Panelas,4.30695698353691,0.28606833067799614,17.617124787054895,1.1660334014904665,True
Brazil.regions.PE:Paranatama,1.5601023017902815,1.0,18.996920014205386,3.2204044828030396,True
Brazil.regions.PE:Passira,12.830793905372897,1.3748997594226142,45.97827633390507,4.408110160673864,True
Brazil.regions.PE:Paudalho,45.76283079390537,6.657979149959903,70.9514542003154,9.012005346494938,True
Brazil.regions.PE:Pedra,9.958258795468097,0.6779964221824687,48.1118894733544,2.754583184987272,True
Brazil.regions.PE:Pesqueira,7.30171489817792,1.5988745980707395,6.002180549583201,5.228129174489368,True
Brazil.regions.PE:Petrolândia,3.096740273396425,1.0,7.964357613736086,3.2204044828030405,True
Brazil.regions.PE:Pombos,53.536487570168404,2.991780272654371,200.8747376085867,11.959770645829257,True
Brazil.regions.PE:Poção,0.9734645199761479,1.4934406678592727,17.952149152195933,4.809483021574367,True
Brazil.regions.PE:Primavera,16.009789525208028,0.5717082721488008,111.36766538470685,3.323624134838173,True
Brazil.regions.PE:Quipapá,2.780673616680032,1.981355252606255,9.46698851950507,6.380765337518533,True
Brazil.regions.PE:Quixaba,1.4586652504868118,0.42768631616215264,44.0613794672226,20.61093746787932,True
Brazil.regions.PE:Riacho das Almas,2.2142857142857144,1.0,12.423933657398042,3.22040448280304,True
Brazil.regions.PE:Ribeirão,18.4636803874092,3.5544794188861992,33.86408964334811,5.953262767417731,True
Brazil.regions.PE:Rio Formoso,5.466237942122186,0.8472668810289389,27.298723098634362,4.579280956285486,True
Brazil.regions.PE:Sairé,0.7584097859327217,0.007645259938837921,14.484083897510308,6.8203267053670364,True
Brazil.regions.PE:Salgadinho,2.2666666666666666,1.0,26.69686510842937,3.2204044828030396,True
Brazil.regions.PE:Saloá,1.110056925996205,0.03225806451612903,10.098139517677962,3.095688584537369,True
Brazil.regions.PE:Sanharó,1.7349946409431942,1.6444265809217578,5.125177965190325,5.295718732840904,True
Brazil.regions.PE:Santa Cruz,0.4656577415599535,1.0,6.298089747356418,3.2204044828030405,True
Brazil.regions.PE:Santa Cruz da Baixa Verde,0.7999999999999999,1.0,11.07438586027193,3.2204044828030405,True
Brazil.regions.PE:Santa Maria do Cambucá,1.2039957939011565,1.0,12.916849515612258,3.2204044828030405,True
Brazil.regions.PE:Sirinhaém,31.292784734645203,1.3294573643410852,64.70430242488803,1.6858102876372687,True
Brazil.regions.PE:Surubim,8.452335497009036,1.586737940689831,6.034290597346453,2.0281642188548785,True
Brazil.regions.PE:São Benedito do Sul,0.34854771784232363,1.0,5.263695660904562,3.22040448280304,True
Brazil.regions.PE:São Bento do Una,7.703488372093025,1.026062550120289,5.557972875936421,4.77533931156067,True
Brazil.regions.PE:São Caitano,12.44587008821171,1.981355252606255,29.74987309382928,6.380765337518533,True
Brazil.regions.PE:São Joaquim do Monte,6.560073092736409,0.42211055276381904,32.8377461487213,2.1074593498574323,True
Brazil.regions.PE:São José da Coroa Grande,18.777801091061686,0.2961603021401594,97.41540110282395,3.571607468540155,True
Brazil.regions.PE:São José do Egito,1.9560557341907827,1.6444265809217578,5.5570866967904164,5.295718732840904,True
Brazil.regions.PE:São João,1.2048929663608563,1.0,6.453148653514498,3.22040448280304,True
Brazil.regions.PE:São Vicente Ferrer,1.1454983922829582,1.3469989281886388,15.581668996871707,4.072931817720871,True
Brazil.regions.PE:Tabira,2.7303070761014685,0.608144192256342,10.346518104342993,2.501896397264485,True
Brazil.regions.PE:Tacaimbó,0.0,1.0,4.547189116699833,3.2204044828030396,True
Brazil.regions.PE:Tamandaré,12.93152746425884,0.43378480060195634,57.48207635240271,1.7522998933826457,True
Brazil.regions.PE:Taquaritinga do Norte,2.2112117780294454,1.4756511891279729,7.93932367716028,5.3279521502137985,True
Brazil.regions.PE:Terezinha,1.9496166484118291,1.0,37.92364138707881,3.2204044828030405,True
Brazil.regions.PE:Terra Nova,0.4499771585198721,0.06624029237094563,5.629755527023883,6.471187819470419,True
Brazil.regions.PE:Timbaúba,15.309743384121894,5.027666399358461,19.783423033705528,7.0352121297282215,True
Brazil.regions.PE:Toritama,4.385525260625502,1.8069366479550923,16.678497681168263,5.995045607645776,True
Brazil.regions.PE:Tracunhaém,3.0463111467522053,1.0441058540497192,11.89329399007291,4.36056907688894,True
Brazil.regions.PE:Trindade,18.728419787702784,1.9709593430803123,61.461074735807216,6.523147102738357,True
Brazil.regions.PE:Triunfo,1.9539951573849879,0.5036319612590799,28.262523823699713,5.696876290162794,True
Brazil.regions.PE:Tupanatinga,3.5375670840787117,1.1058437686344662,14.45862923906668,3.389922154211321,True
Brazil.regions.PE:Tuparetama,1.6595744680851066,1.4081954294720254,7.612320530866142,4.534958873734462,True
Brazil.regions.PE:Venturosa,2.3862494289629965,0.0728643216080402,16.087042558593787,2.1202419289129195,True
Brazil.regions.PE:Verdejante,0.0,1.0,7.268372525797757,3.2204044828030396,True
Brazil.regions.PE:Vertente do Lério,2.135815991237678,0.6056955093099672,37.94284034835577,5.85672271853812,True
Brazil.regions.PE:Vertentes,2.5428724544480175,1.6444265809217578,18.614326068612492,5.295718732840904,True
Brazil.regions.PE:Vicência,12.080378250591018,0.7320724980299449,36.53643229307517,2.3053730563949806,True
Brazil.regions.PE:Xexéu,4.911587659894657,0.9266365688487584,40.76833555594277,10.03029688718039,True
Brazil.regions.PE:Água Preta,54.97670169026953,5.913202375513933,148.7914177080646,15.553745076414234,True
Brazil.regions.PE:Águas Belas,54.294668587896254,1.8825648414985592,124.06055813003736,4.32547228596541,True
Brazil.regions.PI:Altos,10.353510895883778,1.6779661016949152,22.291198831671043,5.475721988605644,True
Brazil.regions.PI:Amarante,2.370317002881844,1.0,15.931300272747844,3.220404482803041,True
Brazil.regions.PI:Angical do Piauí,2.170597373252366,1.5719531139669543,28.978458038871672,5.062324854975376,True
Brazil.regions.PI:Anísio de Abreu,8.320512820512821,1.1260683760683763,95.34882582463472,3.6263956462333375,True
Brazil.regions.PI:Aroazes,0.0,1.0,13.917556099887621,3.2204044828030396,True
Brazil.regions.PI:Avelino Lopes,0.0,1.0,5.637776046916155,3.22040448280304,True
Brazil.regions.PI:Bela Vista do Piauí,0.0,1.0,21.686195766262962,3.22040448280304,True
Brazil.regions.PI:Belém do Piauí,2.142857142857143,0.2857142857142857,84.91355914190652,18.65027292857035,True
Brazil.regions.PI:Beneditinos,0.0,1.0,6.333431382296799,3.2204044828030396,True
Brazil.regions.PI:Bertolínia,0.0,1.0,14.958108514833752,3.22040448280304,True
Brazil.regions.PI:Betânia do Piauí,2.0819542947202527,1.4081954294720254,10.296131861725106,4.534958873734462,True
Brazil.regions.PI:Boa Hora,0.0,1.0,11.526682967425538,3.2204044828030396,True
Brazil.regions.PI:Bocaina,1.5,1.0,52.335151072752524,3.2204044828030396,True
Brazil.regions.PI:Bom Princípio do Piauí,2.9595391211146844,0.6444265809217579,11.247090639987226,12.46627060996549,True
Brazil.regions.PI:Bonfim do Piauí,3.6331719128329296,1.7736077481840196,11.843855029078869,5.711734342986021,True
Brazil.regions.PI:Buriti dos Lopes,1.3156692553677476,0.06624029237094563,9.311814665472403,1.8051767317090293,True
Brazil.regions.PI:Cabeceiras do Piauí,0.0,1.0,6.226034209809845,3.22040448280304,True
Brazil.regions.PI:Cajazeiras do Piauí,0.0,1.0,24.87737579255521,3.22040448280304,True
Brazil.regions.PI:Caldeirão Grande do Piauí,1.0,1.0,31.405634298360397,3.22040448280304,True
Brazil.regions.PI:Campo Grande do Piauí,9.6,1.0,175.14069260620926,3.22040448280304,True
Brazil.regions.PI:Campo Largo do Piauí,0.0,1.0,10.517746362093234,3.2204044828030396,True
Brazil.regions.PI:Capitão Gervásio Oliveira,0.0,1.0,21.169839419635984,3.2204044828030396,True
Brazil.regions.PI:Capitão de Campos,0.0,1.0,5.538463871405597,3.22040448280304,True
Brazil.regions.PI:Cocal,5.9259259259259265,0.018087855297157625,21.704653731203244,0.4298064667980714,True
Brazil.regions.PI:Cocal de Telha,18.334417696811972,1.0,392.0856208047041,3.22040448280304,True
Brazil.regions.PI:Cocal dos Alves,0.7961095100864553,1.0,25.970388790176898,3.220404482803041,True
Brazil.regions.PI:Coivaras,0.931315483119907,1.0,44.82226922664738,3.2204044828030405,True
Brazil.regions.PI:Colônia do Gurguéia,1.7431048069345945,0.6044129235618598,38.28712970271229,9.125239440442119,True
Brazil.regions.PI:Colônia do Piauí,0.0,1.0,9.841246509882437,3.220404482803041,True
Brazil.regions.PI:Demerval Lobão,4.86572483136057,1.7114674812269313,52.12169389300726,5.511617548714837,True
Brazil.regions.PI:Dirceu Arcoverde,3.9333333333333327,1.0,67.14521145405809,3.2204044828030396,True
Brazil.regions.PI:Dom Expedito Lopes,1.6793168880455407,1.0,35.587777557254036,3.2204044828030396,True
Brazil.regions.PI:Domingos Mourão,0.0,1.0,19.74170803154828,3.22040448280304,True
Brazil.regions.PI:Esperantina,41.16157556270097,1.4957127545551983,100.81955679844512,4.921473504548483,True
Brazil.regions.PI:Fartura do Piauí,0.2197748409202154,1.0,18.98911942985735,3.2204044828030405,True
Brazil.regions.PI:Francinópolis,1.9252411575562698,1.6444265809217578,54.74794694700852,5.295718732840904,True
Brazil.regions.PI:Francisco Ayres,0.0,1.0,19.778675553995487,3.22040448280304,True
Brazil.regions.PI:Francisco Santos,1.3443396226415094,1.0,21.936153330712457,3.22040448280304,True
Brazil.regions.PI:Fronteiras,2.602472348731295,1.0,27.768604968648955,3.22040448280304,True
Brazil.regions.PI:Hugo Napoleão,2.0,1.0,74.15901259225498,3.22040448280304,True
Brazil.regions.PI:Ilha Grande,0.0,0.42719807730823156,13.01171951288671,5.778758405022978,True
Brazil.regions.PI:Inhuma,1.0678375970472191,1.5663739340715286,13.116318471795248,4.563789307563787,True
Brazil.regions.PI:Ipiranga do Piauí,0.0,1.0,6.972236430457585,3.22040448280304,True
Brazil.regions.PI:Itainópolis,0.0,1.0,5.452622403580307,3.22040448280304,True
Brazil.regions.PI:Jaicós,0.047619047619047616,1.0,2.2633635637790768,3.22040448280304,True
Brazil.regions.PI:Joaquim Pires,1.8,1.0,16.286353215399547,3.2204044828030405,True
Brazil.regions.PI:Juazeiro do Piauí,3.142857142857143,1.0,72.40677957811597,3.22040448280304,True
Brazil.regions.PI:Júlio Borges,1.739913544668588,0.7564841498559077,45.471856840612425,27.99488163512673,True
Brazil.regions.PI:Lagoa do Barro do Piauí,1.5474060822898033,1.4934406678592727,28.823514593662704,4.809483021574367,True
Brazil.regions.PI:Lagoa do Piauí,5.626598465473146,0.8465473145780051,159.83566012037477,6.007947743211072,True
Brazil.regions.PI:Lagoa do Sítio,0.0,1.0,16.09580181428021,3.2204044828030396,True
Brazil.regions.PI:Landri Sales,2.963636363636364,1.0,71.63580635074491,3.22040448280304,True
Brazil.regions.PI:Luzilândia,1.8942814145974416,0.3604213694507148,8.892721997777391,1.4491213284534088,True
Brazil.regions.PI:Luís Correia,1.517148981779207,1.6444265809217578,5.203930161397817,5.295718732840904,True
Brazil.regions.PI:Madeiro,0.0,1.0,8.813289861360618,3.22040448280304,True
Brazil.regions.PI:Marcolândia,3.087136929460581,1.0,44.90885752214963,3.22040448280304,True
Brazil.regions.PI:Marcos Parente,1.2493540051679588,1.0,46.22681479985159,3.2204044828030396,True
Brazil.regions.PI:Matias Olímpio,1.445012787723785,0.19437340153452684,19.13706431496383,5.398256660392799,True
Brazil.regions.PI:Monsenhor Gil,6.279980420949584,1.0,67.37411947484595,3.2204044828030405,True
Brazil.regions.PI:Monsenhor Hipólito,3.245677233429395,0.13544668587896255,51.56959723908874,8.808947988335051,True
Brazil.regions.PI:Morro do Chapéu do Piauí,7.657393850658858,1.0,124.16914599775696,3.2204044828030405,True
Brazil.regions.PI:Nazaré do Piauí,1.0759969902182092,1.2294958615500375,8.013813152350796,3.9594739841235276,True
Brazil.regions.PI:Nazária,1.5437249666221629,1.1502002670226967,18.549107737157186,4.0357729810481215,True
Brazil.regions.PI:Nossa Senhora dos Remédios,2.0,1.0,31.294091605554065,3.22040448280304,True
Brazil.regions.PI:Nova Santa Rita,0.0,1.0,19.641964058577845,3.22040448280304,True
Brazil.regions.PI:Novo Santo Antônio,0.0,1.0,30.21322975323842,3.22040448280304,True
Brazil.regions.PI:Olho D'Água do Piauí,0.0,1.0,37.44653329678216,3.22040448280304,True
Brazil.regions.PI:Padre Marcos,0.0,1.0,11.339875074564462,3.2204044828030405,True
Brazil.regions.PI:Passagem Franca do Piauí,0.6428571428571428,1.0,34.87041728527353,3.22040448280304,True
Brazil.regions.PI:Pau D'Arco do Piauí,3.086232980332829,1.0,97.79895226213712,3.2204044828030396,True
Brazil.regions.PI:Pavussu,0.0,0.10909090909090911,23.975679281134948,21.71146748495329,True
Brazil.regions.PI:Pedro Laurentino,0.0,1.0,36.21177217334838,3.2204044828030405,True
Brazil.regions.PI:Picos,72.86440677966102,0.6852300242130751,84.2883586131494,2.6873485933703014,True
Brazil.regions.PI:Piripiri,36.31410256410256,0.33333333333333326,54.3977936619992,2.3827336294546946,True
Brazil.regions.PI:Porto,0.0,1.0,4.736310985051828,3.22040448280304,True
Brazil.regions.PI:Queimada Nova,2.1083070452155623,1.0,32.46860224150988,3.2204044828030405,True
Brazil.regions.PI:Regeneração,0.0,1.0,2.3419495054047696,3.22040448280304,True
Brazil.regions.PI:Ribeira do Piauí,2.6902979805112275,1.5719531139669543,13.146975411668928,5.062324854975376,True
Brazil.regions.PI:Rio Grande do Piauí,2.632478632478632,0.423076923076923,60.81411869830574,9.21617315176458,True
Brazil.regions.PI:Santa Cruz do Piauí,0.0,1.0,12.805236542837983,3.2204044828030405,True
Brazil.regions.PI:Santa Luz,0.0,0.0,13.84444193357921,13.84444193357921,True
Brazil.regions.PI:Santo Antônio de Lisboa,0.6666666666666666,1.0,22.760369744268928,3.2204044828030405,True
Brazil.regions.PI:Sigefredo Pacheco,0.0,1.0,6.7387629308011805,3.2204044828030396,True
Brazil.regions.PI:Socorro do Piauí,0.0,0.0,18.66622278793454,18.66622278793454,True
Brazil.regions.PI:São Francisco de Assis do Piauí,0.0,1.0,14.15579013057663,3.22040448280304,True
Brazil.regions.PI:São Francisco do Piauí,0.4499771585198721,0.06624029237094563,10.899535789863117,12.13532371382591,True
Brazil.regions.PI:São Gonçalo do Piauí,1.6246397694524495,0.3335734870317003,49.11538354217103,12.216742889725513,True
Brazil.regions.PI:São José do Divino,5.2085004009623095,0.981355252606255,33.08509097314563,12.32480892361128,True
Brazil.regions.PI:São José do Peixe,0.0,1.0,23.481865210120855,3.2204044828030405,True
Brazil.regions.PI:São José do Piauí,2.5683279742765275,1.6444265809217578,11.913931239058636,5.295718732840904,True
Brazil.regions.PI:São João da Canabrava,0.0,1.0,18.480984406085852,3.22040448280304,True
Brazil.regions.PI:São João da Fronteira,0.0,1.0,13.330406506935457,3.22040448280304,True
Brazil.regions.PI:São Julião,3.889908256880734,0.9235474006116208,73.62869589250317,3.9295060374215134,True
Brazil.regions.PI:São Lourenço do Piauí,0.0,1.0,18.647078569897594,3.2204044828030396,True
Brazil.regions.PI:São Luis do Piauí,0.0,1.0,34.60107811931496,3.2204044828030405,True
Brazil.regions.PI:São Miguel da Baixa Grande,0.0,1.0,37.56262977494574,3.220404482803041,True
Brazil.regions.PI:São Pedro do Piauí,6.114616193480548,1.0,47.09965694264796,3.2204044828030405,True
Brazil.regions.PI:União,28.503036294308714,1.5719531139669543,60.51520122798817,5.062324854975376,True
Brazil.regions.PI:Vera Mendes,1.0,1.0,61.77797055782094,3.2204044828030396,True
Brazil.regions.PI:Vila Nova do Piauí,1.0778301886792452,1.0,66.71666009744759,3.22040448280304,True
Brazil.regions.PI:Várzea Grande,0.6217948717948717,1.1260683760683763,17.77319330165867,3.6263956462333375,True
Brazil.regions.PI:Água Branca,30.35854025583145,2.0628291948833706,179.6020684233214,13.292599809677512,True
Brazil.regions.PR:Abatiá,0.0,1.0,10.189814103759922,3.22040448280304,True
Brazil.regions.PR:Agudos do Sul,8.49194729136164,1.0,98.07025063790596,3.2204044828030405,True
Brazil.regions.PR:Alto Paraná,3.252647931083181,1.5719531139669543,31.776312788103613,5.062324854975376,True
Brazil.regions.PR:Alto Paraíso,0.0,1.0,33.26263090574129,3.2204044828030396,True
Brazil.regions.PR:Alvorada do Sul,2.3523054755043225,1.0,26.170315099033914,3.220404482803041,True
Brazil.regions.PR:Amaporã,11.866428145497913,1.4934406678592727,233.02270413098714,4.809483021574367,True
Brazil.regions.PR:Ampére,3.549526270456503,0.12575366063738155,20.534431933532083,2.1543291186764333,True
Brazil.regions.PR:Anahy,0.5714285714285714,1.0,52.88200792093033,3.22040448280304,True
Brazil.regions.PR:Andirá,2.1636363636363636,1.0,12.573297097928643,3.22040448280304,True
Brazil.regions.PR:Araruna,6.644145950280673,1.2205292702485966,68.55993168200439,2.5879912415362165,True
Brazil.regions.PR:Assaí,3.446731234866828,1.7736077481840196,10.006953432064373,5.711734342986021,True
Brazil.regions.PR:Assis Chateaubriand,6.202285485164395,1.981355252606255,17.6484727841838,6.380765337518533,True
Brazil.regions.PR:Balsa Nova,5.104250200481156,1.981355252606255,22.588207707675437,6.380765337518533,True
Brazil.regions.PR:Bandeirantes,5.318564554931837,1.0671611868484363,17.156982503209303,3.466256249120476,True
Brazil.regions.PR:Barracão,0.4426196675345484,1.1802523532946123,14.645177784321403,3.800889969388807,True
Brazil.regions.PR:Bela Vista do Paraíso,0.0,1.0,3.274367225971397,3.2204044828030396,True
Brazil.regions.PR:Boa Vista da Aparecida,1.1506461320587715,1.2743848468755534,9.316404028647494,4.104034673694298,True
Brazil.regions.PR:Braganey,0.0,0.6666666666666666,15.205982102787528,7.215597022797869,True
Brazil.regions.PR:Cafeara,0.0,1.0,30.86275843471571,3.22040448280304,True
Brazil.regions.PR:Cafelândia,1.0,1.0,7.817123111015943,3.2204044828030405,True
Brazil.regions.PR:Cambará,0.0,1.0,0.7228131828121023,3.22040448280304,True
Brazil.regions.PR:Campina Grande do Sul,2.7530072173215725,1.0,10.076831551544123,4.1137276998215855,True
Brazil.regions.PR:Campina da Lagoa,5.918203688853248,0.981355252606255,17.985063829568663,2.7352376423342815,True
Brazil.regions.PR:Campo Bonito,0.7634854771784232,1.0,42.78756518008303,3.22040448280304,True
Brazil.regions.PR:Campo Magro,5.881114675220529,1.981355252606255,18.878967640753206,6.380765337518533,True
Brazil.regions.PR:Campo Mourão,21.670809943865272,1.8019246190858056,12.692270150306404,3.085857083339212,True
Brazil.regions.PR:Campo do Tenente,0.2692119432207538,1.0,8.458101523838103,3.2204044828030405,True
Brazil.regions.PR:Capanema,1.4761904761904763,1.0,9.727673723589325,3.22040448280304,True
Brazil.regions.PR:Capitão Leônidas Marques,0.0,1.0,3.116731131899114,3.2204044828030396,True
Brazil.regions.PR:Carambeí,0.0,1.0,1.0503621198021276,3.2204044828030405,True
Brazil.regions.PR:Carlópolis,0.0,1.0,3.762835740660647,3.22040448280304,True
Brazil.regions.PR:Centenário do Sul,1.50853889943074,1.0,19.948884326938717,3.2204044828030396,True
Brazil.regions.PR:Chopinzinho,5.918203688853248,1.981355252606255,18.504359180964975,6.380765337518533,True
Brazil.regions.PR:Cianorte,5.7999198075380916,1.2656375300721732,13.560271797006314,5.514488742827076,True
Brazil.regions.PR:Cidade Gaúcha,1.0,1.0,12.587372943690795,3.2204044828030396,True
Brazil.regions.PR:Colorado,2.569546120058565,1.0,11.645271512776526,3.2204044828030405,True
Brazil.regions.PR:Congonhinhas,0.0,1.0,8.120035526269312,3.22040448280304,True
Brazil.regions.PR:Contenda,5.701684041700081,1.981355252606255,17.28664248783722,6.380765337518533,True
Brazil.regions.PR:Corbélia,0.0,1.0,2.6374831629119146,3.2204044828030396,True
Brazil.regions.PR:Cornélio Procópio,5.874097834803529,1.981355252606255,20.09714673799995,6.380765337518533,True
Brazil.regions.PR:Coronel Vivida,0.0,1.0,1.6025915623402032,3.2204044828030405,True
Brazil.regions.PR:Cruzeiro do Iguaçu,1.6428571428571428,1.0,58.93521976125018,3.22040448280304,True
Brazil.regions.PR:Cruzeiro do Oeste,0.0,1.0,1.5569698722514222,3.22040448280304,True
Brazil.regions.PR:Cruzeiro do Sul,3.1529516994633275,1.4934406678592727,110.37046256134724,4.809483021574367,True
Brazil.regions.PR:Céu Azul,3.8678414096916307,1.0,39.57648607163241,3.2204044828030405,True
Brazil.regions.PR:Diamante do Norte,0.0,1.0,16.437547158635923,3.22040448280304,True
Brazil.regions.PR:Diamante do Sul,1.6666666666666667,1.0,74.32151661829224,3.2204044828030405,True
Brazil.regions.PR:Dois Vizinhos,2.6902979805112275,1.5719531139669543,9.423682783563814,5.062324854975376,True
Brazil.regions.PR:Douradina,0.0,1.0,8.212086657016325,3.2204044828030396,True
Brazil.regions.PR:Doutor Camargo,0.0,1.0,13.504800400956787,3.2204044828030396,True
Brazil.regions.PR:Faxinal,5.830994386527667,1.981355252606255,17.829328261512998,6.380765337518533,True
Brazil.regions.PR:Fazenda Rio Grande,10.474538893344027,0.5368885324779471,9.587194742951821,4.939311256419723,True
Brazil.regions.PR:Fernandes Pinheiro,0.0,1.0,14.491249785705637,3.22040448280304,True
Brazil.regions.PR:Figueira,0.0,1.0,9.64960838720983,3.2204044828030405,True
Brazil.regions.PR:Floresta,1.6779961055053991,1.2743848468755534,21.726474129712372,4.104034673694298,True
Brazil.regions.PR:Florestópolis,0.0,1.0,6.260065748520432,3.22040448280304,True
Brazil.regions.PR:Francisco Beltrão,2.289494787489976,1.981355252606255,16.086598443652985,6.380765337518533,True
Brazil.regions.PR:General Carneiro,0.8857979502196194,1.0,10.53450397977624,3.2204044828030405,True
Brazil.regions.PR:Goioerê,4.547914995990377,1.981355252606255,14.501374984096286,6.380765337518533,True
Brazil.regions.PR:Goioxim,0.0,1.0,10.84231524719274,3.2204044828030396,True
Brazil.regions.PR:Guairaçá,2.1280386916125744,0.7759959271986763,73.2183497609967,9.118730469287192,True
Brazil.regions.PR:Guapirama,0.0,1.0,23.081541861226416,3.22040448280304,True
Brazil.regions.PR:Guaraci,2.7103429796355836,1.6444265809217578,67.1280442711869,5.295718732840904,True
Brazil.regions.PR:Guaraniaçu,4.42822774659182,1.981355252606255,22.10544390274364,6.380765337518533,True
Brazil.regions.PR:Guaratuba,3.1764470258361706,1.1802523532946123,7.700030974205615,3.800889969388807,True
Brazil.regions.PR:Guaíra,1.8424218123496392,1.1042502004811547,6.139168465448201,3.7324213291695485,True
Brazil.regions.PR:Ibaiti,5.668604651162791,1.981355252606255,18.295231550124594,6.380765337518533,True
Brazil.regions.PR:Ibema,6.216920609462711,1.981355252606255,144.01389632177722,6.380765337518533,True
Brazil.regions.PR:Ibiporã,1.1189913317572893,1.4081954294720254,5.133236154221135,4.534958873734462,True
Brazil.regions.PR:Imbaú,2.6747634514899032,1.5719531139669543,10.04290483389492,5.062324854975376,True
Brazil.regions.PR:Imbituva,16.20746887966805,1.0,49.647654454347204,3.22040448280304,True
Brazil.regions.PR:Inácio Martins,0.0,1.0,5.768359562140781,3.2204044828030405,True
Brazil.regions.PR:Irati,0.0,1.0,1.573690500554617,3.22040448280304,True
Brazil.regions.PR:Iretama,5.488171611868485,1.0942261427425821,12.990327895802105,3.070072403752085,True
Brazil.regions.PR:Itaipulândia,0.0,1.0,5.727340685414568,3.2204044828030396,True
Brazil.regions.PR:Itaperuçu,2.582968507272984,1.5719531139669543,8.693844684038412,5.062324854975376,True
Brazil.regions.PR:Itaúna do Sul,0.0,1.0,31.68360947880255,3.2204044828030396,True
Brazil.regions.PR:Ivaiporã,4.739374498797114,0.6481555733761026,15.306312325131897,2.171795245814073,True
Brazil.regions.PR:Ivaí,0.2874617737003058,1.0,6.055925034455449,3.22040448280304,True
Brazil.regions.PR:Jacarezinho,1.0149724192277385,1.4081954294720254,4.676061577223474,4.534958873734462,True
Brazil.regions.PR:Jaguapitã,2.6902979805112275,1.5719531139669543,8.687713135679966,5.062324854975376,True
Brazil.regions.PR:Janiópolis,0.0,1.0,15.845372447606872,3.22040448280304,True
Brazil.regions.PR:Japurá,2.3449612403100777,1.4934406678592727,7.760199710622001,4.809483021574367,True
Brazil.regions.PR:Jataizinho,4.027918223785448,1.749615300065949,10.718064778306166,4.995854626760988,True
Brazil.regions.PR:Jesuítas,0.0,0.0,8.667374880011986,8.667374880011986,True
Brazil.regions.PR:Jussara,5.270667226185479,0.9347461183382291,15.022104892972235,8.02856778069028,True
Brazil.regions.PR:Kaloré,0.0,1.0,21.169839419635984,3.2204044828030396,True
Brazil.regions.PR:Laranjeiras do Sul,0.6666666666666666,1.0,2.0444191586179246,3.2204044828030396,True
Brazil.regions.PR:Leópolis,5.918203688853248,1.981355252606255,16.994296049693542,6.380765337518533,True
Brazil.regions.PR:Loanda,1.0,1.0,5.442854635277183,3.220404482803041,True
Brazil.regions.PR:Lobato,0.0,1.0,17.669505690583215,3.2204044828030396,True
Brazil.regions.PR:Luiziana,0.0,0.06666666666666667,10.549906726230285,10.061273243335135,True
Brazil.regions.PR:Lupionópolis,0.0,1.0,17.10479876922948,3.2204044828030396,True
Brazil.regions.PR:Mallet,0.8323632130384168,1.0,10.223199427970377,3.2204044828030405,True
Brazil.regions.PR:Mamborê,2.178517397881997,1.0,20.983961934208814,3.2204044828030396,True
Brazil.regions.PR:Mandaguari,1.3651535380507345,1.315420560747664,4.826420483350766,4.236186270603064,True
Brazil.regions.PR:Mandaguaçu,1.0755057079911876,1.1802523532946123,6.75939959670367,3.800889969388807,True
Brazil.regions.PR:Mandirituba,4.59803528468324,1.981355252606255,14.5324305632593,6.380765337518533,True
Brazil.regions.PR:Mangueirinha,1.7090909090909092,1.0,12.988108794036192,3.22040448280304,True
Brazil.regions.PR:Manoel Ribas,5.874097834803529,1.0170408981555734,17.555796373561623,2.77674947176099,True
Brazil.regions.PR:Marechal Cândido Rondon,5.619486768243785,1.981355252606255,18.916065868325468,6.380765337518533,True
Brazil.regions.PR:Maria Helena,2.5,1.0,58.431876651598934,3.2204044828030396,True
Brazil.regions.PR:Marialva,0.0,1.0,0.4031856412434278,3.22040448280304,True
Brazil.regions.PR:Marilena,8.662723449001051,1.0,134.88489487091013,3.2204044828030405,True
Brazil.regions.PR:Marilândia do Sul,0.0,1.0,8.096933679261243,3.2204044828030396,True
Brazil.regions.PR:Mariópolis,5.373897353648758,1.981355252606255,14.761343617329674,6.380765337518533,True
Brazil.regions.PR:Marumbi,5.623897353648757,1.981355252606255,25.45421112450245,6.380765337518533,True
Brazil.regions.PR:Matelândia,0.0,1.0,2.3527995521966814,3.2204044828030396,True
Brazil.regions.PR:Matinhos,5.6144747393745,1.981355252606255,18.295256510727825,6.380765337518533,True
Brazil.regions.PR:Medianeira,3.304931836407378,1.981355252606255,13.508252177382383,6.380765337518533,True
Brazil.regions.PR:Mirador,8.305810397553518,0.051987767584097865,417.286165673253,39.95276832300401,True
Brazil.regions.PR:Missal,0.6666666666666666,1.0,12.353008586405206,3.2204044828030396,True
Brazil.regions.PR:Morretes,2.578731817539896,1.5719531139669543,8.393399133909599,5.062324854975376,True
Brazil.regions.PR:Nova Aliança do Ivaí,0.0,1.0,61.58840951590079,3.2204044828030405,True
Brazil.regions.PR:Nova Aurora,0.0,1.0,6.328869772353567,3.22040448280304,True
Brazil.regions.PR:Nova Esperança,3.566294919454771,1.2743848468755534,13.660341144558116,4.104034673694298,True
Brazil.regions.PR:Nova Fátima,0.14195583596214512,1.0,8.58786407709568,3.2204044828030405,True
Brazil.regions.PR:Nova Londrina,4.277644400508404,1.5719531139669543,48.41955758123839,5.062324854975376,True
Brazil.regions.PR:Paiçandu,5.7477947072975155,1.981355252606255,19.444189779814817,6.380765337518533,True
Brazil.regions.PR:Palotina,3.8131212723658052,1.0,11.893334361528446,3.22040448280304,True
Brazil.regions.PR:Paranacity,3.5515802027429935,1.4934406678592727,39.78913034935644,4.809483021574367,True
Brazil.regions.PR:Paranapoema,0.749200548195523,1.0662402923709455,47.87373575760345,3.433725017296617,True
Brazil.regions.PR:Paranavaí,13.44025661587811,0.6752205292702486,4.548719347135386,4.4264064215975,True
Brazil.regions.PR:Paraíso do Norte,5.753793441018111,0.6818404307391093,46.69357416292121,3.4717025081462363,True
Brazil.regions.PR:Pato Branco,3.8933440256615874,1.2896952686447474,11.772517415433454,5.546243572624881,True
Brazil.regions.PR:Paula Freitas,1.7090909090909092,1.0,42.907484314930805,3.22040448280304,True
Brazil.regions.PR:Peabiru,5.538291900561347,1.981355252606255,16.005954122127243,6.380765337518533,True
Brazil.regions.PR:Pinhal de São Bento,2.0819542947202527,1.4081954294720254,26.691484520760877,4.534958873734462,True
Brazil.regions.PR:Piên,0.0,1.0,4.625194136371604,3.22040448280304,True
Brazil.regions.PR:Planaltina do Paraná,4.527429934406679,1.4934406678592727,174.9818169885871,4.809483021574367,True
Brazil.regions.PR:Pontal do Paraná,2.3718887262079065,1.0,9.1380793399792,3.2204044828030405,True
Brazil.regions.PR:Prado Ferreira,2.4106203995793902,1.0,90.98207887695582,3.2204044828030405,True
Brazil.regions.PR:Primeiro de Maio,5.593424218123497,0.981355252606255,16.354730851395974,3.1408481078382637,True
Brazil.regions.PR:Quarto Centenário,0.0,1.0,18.942716084572844,3.2204044828030396,True
Brazil.regions.PR:Quatiguá,5.619486768243785,1.0170408981555734,17.018303102063022,6.794633584864829,True
Brazil.regions.PR:Quatro Barras,5.4781475541299125,1.981355252606255,16.903227143273263,6.380765337518533,True
Brazil.regions.PR:Querência do Norte,4.8114710568242165,1.2743848468755534,51.45924842535808,4.104034673694298,True
Brazil.regions.PR:Quitandinha,2.272453889334403,1.981355252606255,7.498277621608513,6.380765337518533,True
Brazil.regions.PR:Ramilândia,2.040846750149076,1.4934406678592727,24.584031621112715,4.809483021574367,True
Brazil.regions.PR:Realeza,1.0,1.0,8.59852944935628,3.22040448280304,True
Brazil.regions.PR:Rebouças,0.0,1.0,3.491455373563159,3.2204044828030396,True
Brazil.regions.PR:Ribeirão do Pinhal,8.622502628811777,0.03259726603575184,71.26647641671994,4.414544319863834,True
Brazil.regions.PR:Rio Branco do Sul,4.735364875701684,1.981355252606255,15.41538609344323,6.380765337518533,True
Brazil.regions.PR:Rio Negro,5.190457097032879,1.981355252606255,17.062254218874365,6.380765337518533,True
Brazil.regions.PR:Rolândia,5.180433039294306,1.981355252606255,18.67129615837146,6.380765337518533,True
Brazil.regions.PR:Rondon,1.0,1.0,17.658601676503775,3.22040448280304,True
Brazil.regions.PR:Salto do Itararé,0.0,1.0,17.043020035940625,3.22040448280304,True
Brazil.regions.PR:Santa Cruz de Monte Castelo,3.3675351625547614,1.831219737145492,31.021170153841346,5.897268250500748,True
Brazil.regions.PR:Santa Fé,5.072975140336808,0.981355252606255,36.35459381427508,2.998786440784074,True
Brazil.regions.PR:Santa Isabel do Ivaí,5.640446264651886,0.9364496540036717,97.09430711612194,4.707699369736352,True
Brazil.regions.PR:Santa Mariana,0.27746319365798416,0.9263873159682899,7.675733300018388,3.3741595275477425,True
Brazil.regions.PR:Santa Mônica,4.313050776332354,0.9800671422576585,183.73302465281643,18.04212258371853,True
Brazil.regions.PR:Santa Tereza do Oeste,2.070098576122673,1.0,27.059687993009884,3.2204044828030405,True
Brazil.regions.PR:Santa Terezinha de Itaipu,4.07722122838402,1.4934406678592727,20.914618484131303,4.809483021574367,True
Brazil.regions.PR:Santana do Itararé,4.074244869725616,1.831219737145492,12.962096271054119,5.897268250500748,True
Brazil.regions.PR:Santo Antônio da Platina,0.9207161125319695,1.0,1.1215881761159074,3.2204044828030396,True
Brazil.regions.PR:Santo Antônio do Caiuá,13.50797909899732,0.6003389351786472,639.318969329079,31.910134708492716,True
Brazil.regions.PR:Santo Inácio,1.8483412322274884,1.0,49.15806613557666,3.2204044828030405,True
Brazil.regions.PR:Sapopema,1.9,0.3,39.83185204926347,9.103762197377597,True
Brazil.regions.PR:Sarandi,4.8327987169206095,1.981355252606255,19.334235533633667,6.380765337518533,True
Brazil.regions.PR:Saudade do Iguaçu,3.928571428571429,1.0,86.38998512758657,3.22040448280304,True
Brazil.regions.PR:Sertaneja,5.918203688853248,1.981355252606255,16.756741501148323,6.380765337518533,True
Brazil.regions.PR:Sertanópolis,0.0,0.0,2.888704198240396,2.888704198240396,True
Brazil.regions.PR:Siqueira Campos,0.519563581640331,0.10346124905944319,2.7576698243613147,2.383108384593074,True
Brazil.regions.PR:São José da Boa Vista,0.0,0.6877033181522446,12.893034124995866,6.2411346248021005,True
Brazil.regions.PR:São João,0.0,1.0,6.544266936003717,3.22040448280304,True
Brazil.regions.PR:São João do Caiuá,22.4733686880332,0.9020059949273691,454.15612173496544,10.429083635689846,True
Brazil.regions.PR:São João do Ivaí,5.08560545308741,1.0942261427425821,36.826196137237794,3.0273879047789727,True
Brazil.regions.PR:São Manoel do Paraná,5.918203688853248,1.981355252606255,28.178005981632797,6.380765337518533,True
Brazil.regions.PR:São Miguel do Iguaçu,1.0,1.0,4.065039200717287,3.2204044828030396,True
Brazil.regions.PR:Tamarana,0.3333333333333333,0.0,5.790431046921452,3.53772216449033,True
Brazil.regions.PR:Tamboara,8.492844364937389,0.6571258199165176,221.3103709900203,12.579056147214462,True
Brazil.regions.PR:Tapejara,0.5,1.0,6.03599786215222,3.2204044828030396,True
Brazil.regions.PR:Terra Boa,5.574378508420209,1.2425821972734563,16.533323620919965,2.8655324855836373,True
Brazil.regions.PR:Terra Rica,1.8143544506816358,1.981355252606255,12.28576463024543,6.380765337518533,True
Brazil.regions.PR:Tijucas do Sul,2.059145673603505,1.0,14.91538917147432,3.2204044828030405,True
Brazil.regions.PR:Três Barras do Paraná,5.4954128440366965,1.0,50.72820717863132,3.22040448280304,True
Brazil.regions.PR:Tuneiras do Oeste,1.2049335863377608,1.0,22.520123025225924,3.2204044828030396,True
Brazil.regions.PR:Tupãssi,4.074244869725616,1.831219737145492,11.857548370473049,5.897268250500748,True
Brazil.regions.PR:Umuarama,4.053728949478749,1.770850040096231,19.14559883426586,6.192067889119936,True
Brazil.regions.PR:União da Vitória,3.7610264635124304,1.981355252606255,14.713181905873148,6.380765337518533,True
Brazil.regions.PR:Uraí,2.0691461498166577,0.0,23.90657227003997,5.61820255272816,True
Brazil.regions.PR:Verê,5.009021651964715,1.3678829190056134,20.071122766340462,4.562310857228193,True
Brazil.regions.PR:Vitorino,5.918203688853248,1.981355252606255,16.715353552494086,6.380765337518533,True
Brazil.regions.PR:Wenceslau Braz,5.450164293537788,1.0,30.003888777410147,3.2204044828030405,True
Brazil.regions.RJ:Aperibé,4.530097817908201,1.2294958615500375,49.49350269605432,3.9594739841235276,True
Brazil.regions.RJ:Areal,1.9576271186440677,1.7736077481840196,36.868175620397466,5.711734342986021,True
Brazil.regions.RJ:Armação dos Búzios,17.045192529398204,1.831219737145492,48.97897152603161,5.897268250500748,True
Brazil.regions.RJ:Arraial do Cabo,1.9025661587810747,0.7317562149157979,6.554424941119516,2.3251897460587254,True
Brazil.regions.RJ:Barra do Piraí,18.275461106655975,1.2606255012028869,7.6297715521758676,3.3218368447566835,True
Brazil.regions.RJ:Bom Jardim,3.614474739374499,0.4987971130713713,13.048781397152972,1.5388915322821932,True
Brazil.regions.RJ:Bom Jesus do Itabapoana,16.290296712109065,0.6635926222935045,40.28393605650608,2.8210980864686968,True
Brazil.regions.RJ:Cachoeiras de Macacu,26.935445068163595,1.4192060946271052,35.18786742054736,1.15480790503166,True
Brazil.regions.RJ:Cambuci,12.465960665658091,1.0,83.62874524733623,3.2204044828030396,True
Brazil.regions.RJ:Cantagalo,4.640136327185244,1.981355252606255,12.23494526960359,6.380765337518533,True
Brazil.regions.RJ:Carapebus,2.4418886198547214,1.2723970944309928,22.763240645105363,2.6370109901056664,True
Brazil.regions.RJ:Cardoso Moreira,3.6304489264801565,1.0,32.89009170748127,3.22040448280304,True
Brazil.regions.RJ:Carmo,7.399135446685879,1.0,41.23122529589968,3.220404482803041,True
Brazil.regions.RJ:Casimiro de Abreu,21.18905372894948,0.8115477145148355,41.334693689600684,3.7331835475234687,True
Brazil.regions.RJ:Comendador Levy Gasparian,1.25,1.0,23.06157192182259,3.22040448280304,True
Brazil.regions.RJ:Conceição de Macabu,3.2074703487342893,1.2743848468755534,16.435336103932837,4.104034673694298,True
Brazil.regions.RJ:Cordeiro,4.008679762448606,1.0662402923709455,20.226304448909698,3.433725017296617,True
Brazil.regions.RJ:Engenheiro Paulo de Frontin,4.488151658767773,0.26540284360189575,35.97507943926361,3.7353775955998816,True
Brazil.regions.RJ:Guapimirim,3.98757016840417,1.7648356054530872,16.81434019201027,6.022982157332525,True
Brazil.regions.RJ:Iguaba Grande,12.841820368885326,1.996391339214114,47.519328525242074,7.658905560094834,True
Brazil.regions.RJ:Italva,5.812530592266276,0.6255506607929516,42.48158935213637,3.270996340164813,True
Brazil.regions.RJ:Itaocara,18.584493041749504,1.52882703777336,81.0719818551048,7.646526411988969,True
Brazil.regions.RJ:Itaperuna,3.8714915797915,1.981355252606255,12.570574710900301,6.380765337518533,True
Brazil.regions.RJ:Itatiaia,3.380112269446672,1.981355252606255,10.698507644262937,6.380765337518533,True
Brazil.regions.RJ:Japeri,37.55372894947875,0.23215717722534082,20.23347574094593,4.418396825968027,True
Brazil.regions.RJ:Laje do Muriaé,1.6698292220113853,1.0,33.079109072756246,3.2204044828030396,True
Brazil.regions.RJ:Macuco,0.7994732881866065,1.2294958615500375,36.47355974359981,3.9594739841235276,True
Brazil.regions.RJ:Mangaratiba,2.1130713712910985,0.7483961507618284,7.908375031466508,3.1152663843889763,True
Brazil.regions.RJ:Mendes,5.351089588377724,1.1440677966101696,38.71776464906896,2.8819591863051626,True
Brazil.regions.RJ:Miguel Pereira,3.064354450681636,0.981355252606255,8.028794421967975,3.041591758519788,True
Brazil.regions.RJ:Miracema,8.25382262996942,1.0,30.833553822817848,3.22040448280304,True
Brazil.regions.RJ:Natividade,4.7410540013012366,1.0,34.26117808102301,3.22040448280304,True
Brazil.regions.RJ:Paracambi,54.150962309542905,2.626904570970329,94.64292491735866,3.225277320158342,True
Brazil.regions.RJ:Paraty,27.103047313552526,0.33740978348035283,56.58915455884526,2.5722504084651283,True
Brazil.regions.RJ:Paraíba do Sul,4.741379310344828,1.3678829190056134,6.453392176179849,4.995482886122707,True
Brazil.regions.RJ:Paty do Alferes,2.8454290296712106,1.981355252606255,8.287241628774252,6.380765337518533,True
Brazil.regions.RJ:Pinheiral,17.66699618697924,1.5719531139669543,73.01515222727221,5.062324854975376,True
Brazil.regions.RJ:Piraí,16.401174989509023,1.0923206042803189,57.24500459580697,3.3810911109184207,True
Brazil.regions.RJ:Porciúncula,4.869687249398556,1.981355252606255,12.909527512633382,6.380765337518533,True
Brazil.regions.RJ:Porto Real,4.431034482758621,1.981355252606255,12.021706321454419,6.380765337518533,True
Brazil.regions.RJ:Quatis,4.716920609462711,1.981355252606255,12.95185414129168,6.380765337518533,True
Brazil.regions.RJ:Quissamã,7.207021791767555,1.7736077481840196,33.01531930353223,5.711734342986021,True
Brazil.regions.RJ:Rio Bonito,13.910986367281476,0.9552927024859664,12.959504138709205,2.0141933219059616,True
Brazil.regions.RJ:Rio Claro,18.2,1.0,100.40094583291827,3.2204044828030396,True
Brazil.regions.RJ:Rio das Flores,3.991579791499599,1.981355252606255,21.752171962484617,6.380765337518533,True
Brazil.regions.RJ:Santa Maria Madalena,1.6103243490178163,1.0662402923709455,24.745149760948287,3.433725017296617,True
Brazil.regions.RJ:Santo Antônio de Pádua,11.821907013396377,0.5193065405831364,25.29527316434001,2.442421646189349,True
Brazil.regions.RJ:Sapucaia,10.959302325581397,0.7684442662389737,75.79775290249248,7.725878278323243,True
Brazil.regions.RJ:Saquarema,47.22010071338649,2.449853126311372,39.86551346310337,2.0949356691736103,True
Brazil.regions.RJ:Seropédica,3.0433039294306337,1.7227345629510824,11.465391766494555,6.066569728548793,True
Brazil.regions.RJ:Silva Jardim,9.657384987893462,0.6779661016949153,50.71060155785163,5.019154115421512,True
Brazil.regions.RJ:Sumidouro,5.067161186848437,1.981355252606255,14.19645072770954,6.380765337518533,True
Brazil.regions.RJ:São Fidélis,34.737830465799405,1.9347461183382293,85.85597513027821,6.230665072582213,True
Brazil.regions.RJ:São Francisco de Itabapoana,8.309943865276665,0.7674418604651164,13.850763772665598,3.50453410391792,True
Brazil.regions.RJ:São José de Ubá,6.160347190497943,1.0662402923709455,101.4568899177256,3.433725017296617,True
Brazil.regions.RJ:São José do Vale do Rio Preto,12.38864415075869,1.0,58.57771292263185,3.2204044828030405,True
Brazil.regions.RJ:São João da Barra,7.5691659983961515,1.1303127506014434,18.173438397980654,4.0234374830927075,True
Brazil.regions.RJ:São Sebastião do Alto,1.1235730022030843,1.1802523532946123,17.751424089740265,3.800889969388807,True
Brazil.regions.RJ:Tanguá,13.475340817963112,3.782678428227747,37.17523876415829,10.457957222278345,True
Brazil.regions.RJ:Trajano de Moraes,5.874097834803529,1.9372493985565358,16.903949823177083,5.965690482919255,True
Brazil.regions.RJ:Três Rios,15.04711307137129,1.5513231756214916,7.770754035611372,5.855079457873573,True
Brazil.regions.RJ:Varre-Sai,0.75,1.0,12.688686426287866,3.22040448280304,True
Brazil.regions.RJ:Vassouras,10.773513920240783,0.1986455981941309,28.140747987442847,1.0235292432417207,True
Brazil.regions.RN:Acari,3.2530266343825667,1.7736077481840196,9.71742947563347,5.711734342986021,True
Brazil.regions.RN:Afonso Bezerra,2.6018626309662403,0.5343422584400466,29.41994559391866,4.441017404627583,True
Brazil.regions.RN:Alexandria,2.6674191121143718,0.28103837471783294,26.478135329768154,3.3582677694070733,True
Brazil.regions.RN:Almino Afonso,0.0,1.0,17.898919698823146,3.2204044828030396,True
Brazil.regions.RN:Alto do Rodrigues,6.55791962174941,0.2403467297084319,56.42405127119453,4.844713514425476,True
Brazil.regions.RN:Angicos,0.9777777777777779,1.0,13.663476153852056,3.2204044828030396,True
Brazil.regions.RN:Antônio Martins,0.0,1.0,10.775396776819074,3.2204044828030396,True
Brazil.regions.RN:Areia Branca,24.42963111467522,2.05252606255012,90.58814110769306,7.377678292228963,True
Brazil.regions.RN:Arês,1.2873225648556048,1.0,13.78298980575423,3.2204044828030405,True
Brazil.regions.RN:Açu,24.885725741780274,0.4647153167602246,32.624700799384975,3.7666351069894977,True
Brazil.regions.RN:Baraúna,21.590228526398743,0.5350669818754925,77.02834905279731,1.9214533088049741,True
Brazil.regions.RN:Barcelona,2.6902979805112275,1.5719531139669543,14.481682608905475,5.062324854975376,True
Brazil.regions.RN:Baía Formosa,5.618484362469929,1.981355252606255,13.82361268535329,6.380765337518533,True
Brazil.regions.RN:Bento Fernandes,2.1859732072498033,1.4081954294720254,26.15729711420241,4.534958873734462,True
Brazil.regions.RN:Bom Jesus,1.1203170028818443,0.49567723342939485,17.546657249634222,4.911656089749763,True
Brazil.regions.RN:Brejinho,0.36447978793903246,1.0,7.524376901077837,3.22040448280304,True
Brazil.regions.RN:Caicó,5.499599037690458,1.981355252606255,20.178775748385878,6.380765337518533,True
Brazil.regions.RN:Caiçara do Norte,1.9092284417549166,1.0,41.2020789765788,3.2204044828030396,True
Brazil.regions.RN:Caiçara do Rio do Vento,0.0,1.0,23.92400376909707,3.2204044828030405,True
Brazil.regions.RN:Campo Redondo,0.8291608251552174,1.1802523532946123,17.420627169985742,3.800889969388807,True
Brazil.regions.RN:Canguaretama,22.8337560525709,3.279109983859811,65.08028449626292,9.041698056523492,True
Brazil.regions.RN:Caraúbas,3.688853247794708,1.981355252606255,8.602115880543058,6.380765337518533,True
Brazil.regions.RN:Carnaubais,5.874097834803529,1.981355252606255,16.94177964771438,6.380765337518533,True
Brazil.regions.RN:Carnaúba dos Dantas,0.7610654916883637,0.1926697376326858,6.7903315617355515,8.352225141766732,True
Brazil.regions.RN:Ceará-Mirim,5.190457097032879,0.6902566158781075,12.536001362251495,4.474070816854497,True
Brazil.regions.RN:Cerro Corá,4.074244869725616,0.8312197371454922,12.113538943698906,3.487137922974126,True
Brazil.regions.RN:Coronel João Pessoa,2.8878706885579732,1.3907343769886724,13.512425151033854,6.393093662125211,True
Brazil.regions.RN:Cruzeta,2.5,1.0,40.54053575225573,3.2204044828030396,True
Brazil.regions.RN:Currais Novos,3.818401937046005,1.6779661016949152,5.071642185260762,5.4981817897571,True
Brazil.regions.RN:Doutor Severiano,2.1666666666666665,1.0,41.53180957410293,3.2204044828030396,True
Brazil.regions.RN:Encanto,4.737304902176303,0.39986810287975383,153.67270735620784,21.55678491635227,True
Brazil.regions.RN:Espírito Santo,0.0,1.0,6.2988720521803,3.2204044828030405,True
Brazil.regions.RN:Extremoz,14.335805934242183,1.9372493985565358,52.07950414638731,6.226457343082262,True
Brazil.regions.RN:Felipe Guerra,17.8627553693033,1.0,311.9467696074777,3.22040448280304,True
Brazil.regions.RN:Fernando Pedroza,0.7610654916883637,1.1802523532946123,27.072599166718486,3.800889969388807,True
Brazil.regions.RN:Florânia,0.0,1.0,7.749319080163173,3.2204044828030405,True
Brazil.regions.RN:Frutuoso Gomes,1.3333333333333333,1.0,54.13783871614812,3.2204044828030405,True
Brazil.regions.RN:Galinhos,0.0,1.0,32.67335000391627,3.22040448280304,True
Brazil.regions.RN:Goianinha,7.724097788125729,1.0,29.91579191694524,3.2204044828030405,True
Brazil.regions.RN:Governador Dix-Sept Rosado,3.5098335854765508,1.0,31.37216731651084,3.2204044828030396,True
Brazil.regions.RN:Grossos,4.112100576217915,0.0570979570455736,46.01488951910311,6.228562634205768,True
Brazil.regions.RN:Guamaré,10.920215369554578,1.0,73.75557271415134,3.2204044828030405,True
Brazil.regions.RN:Ielmo Marinho,1.3451268357810413,1.315420560747664,17.047906409901383,4.236186270603064,True
Brazil.regions.RN:Ipanguaçu,9.731676316904394,0.9703431718683803,74.75943964505693,11.110640054216393,True
Brazil.regions.RN:Ipueira,0.4,1.0,59.25170618207871,3.2204044828030396,True
Brazil.regions.RN:Itajá,3.4796149490373725,0.7225368063420159,56.127965271269204,5.1093000153079275,True
Brazil.regions.RN:Itaú,10.805626598465475,1.0,197.62387245604472,3.2204044828030396,True
Brazil.regions.RN:Janduís,0.0,1.0,15.762131584015487,3.2204044828030405,True
Brazil.regions.RN:Januário Cicco,3.8494350933825223,1.831219737145492,9.771559516028233,5.897268250500748,True
Brazil.regions.RN:Jardim de Angicos,0.0,1.0,35.064434720872306,3.2204044828030405,True
Brazil.regions.RN:Jardim do Seridó,0.8925869894099847,1.0,12.047318890946434,3.2204044828030396,True
Brazil.regions.RN:Jaçanã,2.088550983899821,1.4934406678592727,24.031443071408713,4.809483021574367,True
Brazil.regions.RN:João Câmara,1.7863247863247862,0.8824786324786325,4.550235222473997,2.9295289788331274,True
Brazil.regions.RN:Jucurutu,1.176470588235294,1.0,8.676127838789165,3.2204044828030396,True
Brazil.regions.RN:Lagoa Nova,0.45385779122541603,1.0,6.090840497505758,3.2204044828030396,True
Brazil.regions.RN:Lagoa Salgada,0.7247706422018348,1.0,17.698584506909935,3.22040448280304,True
Brazil.regions.RN:Lagoa d'Anta,0.0,1.0,11.552826422796013,3.2204044828030396,True
Brazil.regions.RN:Lagoa de Pedras,3.7675812773806783,0.8312197371454922,7.823671316181023,7.358299087781331,True
Brazil.regions.RN:Lagoa de Velhos,0.0,1.0,33.382816600652305,3.22040448280304,True
Brazil.regions.RN:Lajes,0.0,1.0,5.647202150166721,3.2204044828030405,True
Brazil.regions.RN:Lajes Pintadas,2.179572763684914,1.315420560747664,75.9163267377486,4.236186270603064,True
Brazil.regions.RN:Luís Gomes,5.918203688853248,1.981355252606255,17.210380656725544,6.380765337518533,True
Brazil.regions.RN:Macau,14.33195020746888,1.0,44.980380141833535,3.22040448280304,True
Brazil.regions.RN:Macaíba,7.249398556535686,0.7894947874899759,9.547642782444543,4.905544442979124,True
Brazil.regions.RN:Martins,1.0,1.0,19.702231620348822,3.22040448280304,True
Brazil.regions.RN:Maxaranguape,0.818260120585702,0.590869939707149,11.477357384351611,3.892446404083986,True
Brazil.regions.RN:Montanhas,1.3179534033805391,0.19826404751027868,19.932127463152742,5.131273419803591,True
Brazil.regions.RN:Monte Alegre,3.1716118684843626,1.981355252606255,8.278812195735858,6.380765337518533,True
Brazil.regions.RN:Nova Cruz,6.131498470948013,1.0,15.87687873211813,3.22040448280304,True
Brazil.regions.RN:Nísia Floresta,3.8970944309927362,0.860774818401937,15.983835059462523,2.7359818453451306,True
Brazil.regions.RN:Olho-d'Água do Borges,0.0,1.0,20.264799838474556,3.22040448280304,True
Brazil.regions.RN:Ouro Branco,0.2692119432207538,1.0,16.694004052048996,3.2204044828030405,True
Brazil.regions.RN:Paraná,0.18181818181818182,1.0,24.5609350051655,3.22040448280304,True
Brazil.regions.RN:Parazinho,0.0,1.0,15.874497178453405,3.22040448280304,True
Brazil.regions.RN:Paraú,1.0651920838183935,1.0,51.58830262490379,3.2204044828030405,True
Brazil.regions.RN:Parelhas,1.419308357348703,1.0,8.044243081329304,3.220404482803041,True
Brazil.regions.RN:Passa e Fica,5.918203688853248,1.981355252606255,17.84717984092208,6.380765337518533,True
Brazil.regions.RN:Patu,0.0,1.0,4.619658237698724,3.2204044828030396,True
Brazil.regions.RN:Pau dos Ferros,6.197336561743342,1.4600484261501212,20.713017984260397,4.680085589831128,True
Brazil.regions.RN:Pedra Grande,1.0710900473933649,1.0,60.761370228144294,3.2204044828030405,True
Brazil.regions.RN:Pedro Avelino,0.2857142857142857,1.0,15.923643845283408,3.22040448280304,True
Brazil.regions.RN:Pedro Velho,0.8381839348079162,1.0,9.194724078644454,3.2204044828030405,True
Brazil.regions.RN:Pendências,7.442014579191519,0.30748840291583834,52.57981085986018,3.3374481047611657,True
Brazil.regions.RN:Pilões,0.8844339622641508,1.0,45.87896920828999,3.22040448280304,True
Brazil.regions.RN:Portalegre,0.9618155619596543,1.0,21.716872267669242,3.220404482803041,True
Brazil.regions.RN:Porto do Mangue,1.104265402843602,1.0,29.46975246676356,3.2204044828030405,True
Brazil.regions.RN:Poço Branco,1.794871794871795,1.4934406678592727,4.575030392845965,4.809483021574367,True
Brazil.regions.RN:Riacho da Cruz,0.7154088050314465,0.6069182389937107,44.70943080726252,11.671645289159457,True
Brazil.regions.RN:Riachuelo,1.2067610062893082,1.0,23.929706322921714,3.22040448280304,True
Brazil.regions.RN:Rio do Fogo,5.133333333333334,1.0,53.31843524187739,3.2204044828030405,True
Brazil.regions.RN:Rodolfo Fernandes,0.0,1.0,19.165984592639088,3.2204044828030396,True
Brazil.regions.RN:Ruy Barbosa,1.0,1.0,52.33515107275252,3.2204044828030396,True
Brazil.regions.RN:Santa Cruz,8.37326885029677,1.884809848318312,17.235706766836604,6.06985008475561,True
Brazil.regions.RN:Santa Maria,1.0560588901472254,1.0,33.819027874379906,3.2204044828030396,True
Brazil.regions.RN:Santo Antônio,3.753007217321572,1.981355252606255,15.286345537649995,6.380765337518533,True
Brazil.regions.RN:Senador Elói de Souza,0.03903708523096942,1.0,13.852173322503718,3.22040448280304,True
Brazil.regions.RN:Senador Georgino Avelino,1.3609958506224067,0.17842323651452283,49.955177738422336,16.43276665819497,True
Brazil.regions.RN:Serra Caiada,0.8472012102874432,1.0,14.549688930255577,3.2204044828030396,True
Brazil.regions.RN:Serra Negra do Norte,0.6889645503705186,0.7296214700580813,21.73270704179103,16.382435021800603,True
Brazil.regions.RN:Serra de São Bento,2.6902979805112275,1.5719531139669543,11.078057738534966,5.062324854975376,True
Brazil.regions.RN:Serra do Mel,0.5963302752293578,1.0,10.15143565146868,3.22040448280304,True
Brazil.regions.RN:Serrinha,0.0,1.0,12.833536759772013,3.22040448280304,True
Brazil.regions.RN:Severiano Melo,0.0,1.0,37.76320207457401,3.2204044828030396,True
Brazil.regions.RN:São Bento do Norte,0.8333333333333333,1.0,63.519068882079864,3.2204044828030396,True
Brazil.regions.RN:São Bento do Trairí,0.0,1.0,19.25655663205423,3.2204044828030396,True
Brazil.regions.RN:São Fernando,0.0,1.0,24.68138123148267,3.2204044828030396,True
Brazil.regions.RN:São José de Mipibu,5.059141940657579,1.3959502806736166,6.813558451948152,5.047238441842919,True
Brazil.regions.RN:São João do Sabugi,0.0,1.0,12.926858556111863,3.22040448280304,True
Brazil.regions.RN:São Miguel,9.998509242695288,1.4934406678592727,46.01808309894262,4.809483021574367,True
Brazil.regions.RN:São Miguel do Gostoso,3.1131475117729415,1.7114674812269313,8.815033189259884,5.511617548714837,True
Brazil.regions.RN:São Paulo do Potengi,1.529051987767584,1.0,11.166375127911927,3.22040448280304,True
Brazil.regions.RN:São Pedro,5.918203688853248,1.981355252606255,16.735787756384028,6.380765337518533,True
Brazil.regions.RN:São Rafael,4.513790386130812,0.4081954294720253,82.68330584111945,7.657189382788337,True
Brazil.regions.RN:São Tomé,5.236864771748492,0.04823428079242033,53.19628273337509,5.699632090607988,True
Brazil.regions.RN:São Vicente,0.0,1.0,12.346220672863213,3.22040448280304,True
Brazil.regions.RN:Taboleiro Grande,2.9638364779874213,0.04481132075471698,151.25490642863193,34.29302880326473,True
Brazil.regions.RN:Taipu,5.829991980753809,0.981355252606255,18.090335036720077,2.9647138611846517,True
Brazil.regions.RN:Tenente Ananias,3.4212109061748195,0.7748596631916601,18.17105945039355,11.830938301000673,True
Brazil.regions.RN:Tenente Laurentino Cruz,0.0,1.0,13.580670786014165,3.22040448280304,True
Brazil.regions.RN:Tibau,4.889735364875702,1.981355252606255,38.40202254202676,6.380765337518533,True
Brazil.regions.RN:Tibau do Sul,1.0,1.0,10.883967872627142,3.2204044828030396,True
Brazil.regions.RN:Touros,4.440966010733453,0.19916517590936197,12.719898007534557,0.921251904471863,True
Brazil.regions.RN:Umarizal,0.8472012102874432,1.0,14.280317547395375,3.2204044828030396,True
Brazil.regions.RN:Upanema,0.6376057254391672,1.0,7.950928660243329,3.22040448280304,True
Brazil.regions.RN:Viçosa,0.0,1.0,54.986813212191144,3.22040448280304,True
Brazil.regions.RN:Várzea,0.0,1.0,14.96141369901514,3.22040448280304,True
Brazil.regions.RO:Cabixi,0.0,1.0,15.604896722016239,3.22040448280304,True
Brazil.regions.RO:Ministro Andreazza,0.0,1.0,7.131562390902964,3.22040448280304,True
Brazil.regions.RO:Mirante da Serra,10.215331610680446,0.19896640826873382,99.23078406821959,5.3784801720325355,True
Brazil.regions.RO:Novo Horizonte do Oeste,0.6461232604373758,1.0,16.05955874555695,3.22040448280304,True
Brazil.regions.RO:Primavera de Rondônia,3.5194524495677237,1.0,155.02372890542256,3.220404482803041,True
Brazil.regions.RO:Rolim de Moura,2.9430633520449074,1.2205292702485966,13.687620410971732,4.998902606657153,True
Brazil.regions.RO:Santa Luzia D'Oeste,1.0,1.0,27.572513146142303,3.2204044828030396,True
Brazil.regions.RO:São Felipe D'Oeste,0.0,1.0,16.114475640940192,3.2204044828030405,True
Brazil.regions.RO:Urupá,16.547166032445425,1.1802523532946123,153.98882531558084,3.800889969388807,True
Brazil.regions.RO:Vale do Paraíso,4.333333333333333,1.0,74.92367366127512,3.2204044828030405,True
Brazil.regions.RS:Ajuricaba,4.398768960211036,1.884809848318312,10.674059347429631,6.06985008475561,True
Brazil.regions.RS:Alecrim,0.0,1.0,13.58631820627259,3.22040448280304,True
Brazil.regions.RS:Alpestre,6.924170616113744,1.0,123.40424582262592,3.2204044828030405,True
Brazil.regions.RS:Ametista do Sul,0.4879635653871178,1.0,16.862785764019986,3.22040448280304,True
Brazil.regions.RS:Anta Gorda,5.632718524458701,1.981355252606255,20.205305378250024,6.380765337518533,True
Brazil.regions.RS:Antônio Prado,0.0,1.0,4.442430766239107,3.22040448280304,True
Brazil.regions.RS:Arroio do Meio,36.18067978533095,1.4934406678592727,179.2944469092992,4.809483021574367,True
Brazil.regions.RS:Arroio do Sal,4.455693664795509,1.0671611868484363,9.754129446621365,3.254796088955519,True
Brazil.regions.RS:Arroio dos Ratos,4.533279871692061,1.6204891740176421,13.087201782650727,3.8306552492660226,True
Brazil.regions.RS:Arvorezinha,0.6132478632478632,1.1260683760683763,5.24303020467452,3.6263956462333375,True
Brazil.regions.RS:Barra do Ribeiro,0.0,1.0,4.191944490586626,3.2204044828030396,True
Brazil.regions.RS:Barros Cassal,0.6664265129682997,0.3335734870317003,11.659732252336699,4.8788466646656,True
Brazil.regions.RS:Barão de Cotegipe,3.9818181818181815,1.0,71.99955900531687,3.22040448280304,True
Brazil.regions.RS:Benjamin Constant do Sul,5.0,1.0,297.68230364157006,3.2204044828030405,True
Brazil.regions.RS:Boa Vista das Missões,0.0,1.0,44.44403784322174,3.2204044828030405,True
Brazil.regions.RS:Boa Vista do Sul,7.097859327217126,0.07033639143730887,287.75549660297224,30.63770711994835,True
Brazil.regions.RS:Bom Princípio,9.98952331063384,1.0,74.96901786251065,3.22040448280304,True
Brazil.regions.RS:Bom Progresso,1.7333333333333334,1.0,137.5279648958444,3.2204044828030405,True
Brazil.regions.RS:Bom Retiro do Sul,5.618484362469928,1.981355252606255,75.23398202767157,6.380765337518533,True
Brazil.regions.RS:Braga,1.0,1.0,56.42767186673469,3.22040448280304,True
Brazil.regions.RS:Brochier,0.0,1.0,16.487912426932866,3.22040448280304,True
Brazil.regions.RS:Butiá,0.9875518672199171,1.0,6.270793966267761,3.22040448280304,True
Brazil.regions.RS:Caibaté,0.0,1.0,17.4151712497599,3.2204044828030405,True
Brazil.regions.RS:Camargo,1.4545454545454546,1.0,86.59099158545362,3.22040448280304,True
Brazil.regions.RS:Campestre da Serra,0.0,1.0,26.295534124044654,3.2204044828030396,True
Brazil.regions.RS:Campinas do Sul,1.414409630023013,1.2743848468755534,41.50131640372911,4.104034673694298,True
Brazil.regions.RS:Campo Bom,4.437650360866079,1.981355252606255,17.534640794346064,6.380765337518533,True
Brazil.regions.RS:Campo Novo,0.0,1.0,19.081112020319168,3.2204044828030396,True
Brazil.regions.RS:Candelária,2.249394673123487,1.7736077481840196,7.274269358877316,5.711734342986021,True
Brazil.regions.RS:Candiota,0.2692119432207538,1.0,6.346680929693509,3.2204044828030405,True
Brazil.regions.RS:Canela,0.0,0.0,0.9980834907589493,0.9980834907589493,True
Brazil.regions.RS:Canudos do Vale,2.3508645533141213,1.0,192.05142263340448,3.220404482803041,True
Brazil.regions.RS:Capitão,0.0,1.0,33.05090491146609,3.2204044828030396,True
Brazil.regions.RS:Capão da Canoa,3.93364073777065,1.981355252606255,14.583145920014566,6.380765337518533,True
Brazil.regions.RS:Capão do Leão,5.918203688853248,1.981355252606255,18.855582991485246,6.380765337518533,True
Brazil.regions.RS:Carazinho,15.982409063804413,1.4934406678592727,20.31127938753482,4.809483021574367,True
Brazil.regions.RS:Carlos Barbosa,1.3011226944667202,1.981355252606255,4.026262774124879,6.380765337518533,True
Brazil.regions.RS:Casca,1.8,1.0,27.783913975839415,3.22040448280304,True
Brazil.regions.RS:Caseiros,0.4033832140533507,1.0,40.607928248407156,3.22040448280304,True
Brazil.regions.RS:Cerro Grande do Sul,5.918203688853248,1.770850040096231,17.66763495793035,4.660810990676274,True
Brazil.regions.RS:Chapada,3.351089588377724,1.7736077481840196,11.432018777822112,5.711734342986021,True
Brazil.regions.RS:Charqueadas,5.391940657578187,1.981355252606255,18.537564577599827,6.380765337518533,True
Brazil.regions.RS:Cidreira,5.623897353648757,1.0170408981555734,16.715728318346763,2.669853021813965,True
Brazil.regions.RS:Ciríaco,0.4499771585198721,1.0662402923709455,16.39642343961272,3.433725017296617,True
Brazil.regions.RS:Colinas,7.985315712187959,1.0,375.5076879669774,3.2204044828030405,True
Brazil.regions.RS:Condor,3.415559772296015,1.0,62.16623511879648,3.2204044828030396,True
Brazil.regions.RS:Coronel Bicaco,0.38373686614892644,1.0662402923709455,9.886668524555548,3.433725017296617,True
Brazil.regions.RS:Coxilha,4.365647364996747,1.0,191.46926768689025,3.22040448280304,True
Brazil.regions.RS:Crissiumal,0.0,1.0,4.215645487452761,3.22040448280304,True
Brazil.regions.RS:Cruz Alta,1.6902695294655092,0.8149840109639105,1.1148429952241963,3.017041023520543,True
Brazil.regions.RS:Cruzaltense,6.0,1.0,378.6672114473661,3.2204044828030396,True
Brazil.regions.RS:Cruzeiro do Sul,4.1629911788291905,1.8079390537289493,6.169487544042655,5.552887078696055,True
Brazil.regions.RS:Derrubadas,0.2692119432207538,1.0,31.563248054342733,3.2204044828030405,True
Brazil.regions.RS:Dois Irmãos,5.088211708099439,1.981355252606255,16.590797339445896,6.380765337518533,True
Brazil.regions.RS:Doutor Maurício Cardoso,0.08647798742138364,0.08805031446540879,20.663481809159666,17.39396699393812,True
Brazil.regions.RS:Doutor Ricardo,1.5224463240078074,1.0,123.98314186151401,3.22040448280304,True
Brazil.regions.RS:Eldorado do Sul,5.392943063352045,1.981355252606255,18.58494735527864,6.380765337518533,True
Brazil.regions.RS:Encantado,8.735765838011227,1.770850040096231,46.66258145358219,5.45367464558678,True
Brazil.regions.RS:Erebango,2.727272727272727,1.0,121.395868578806,3.22040448280304,True
Brazil.regions.RS:Ernestina,1.318660647103085,1.2294958615500375,53.559963815450935,3.9594739841235276,True
Brazil.regions.RS:Erval Grande,1.9,1.0,56.46265787570694,3.2204044828030396,True
Brazil.regions.RS:Esperança do Sul,5.544592030360531,0.03225806451612903,220.44986313033885,30.06125061204585,True
Brazil.regions.RS:Espumoso,2.72037810507804,1.5089030556166192,25.975032857764425,3.6583361464588897,True
Brazil.regions.RS:Estação,4.36174365647365,1.0,86.77193617637204,3.22040448280304,True
Brazil.regions.RS:Esteio,4.64915797914996,1.981355252606255,12.62057422793596,6.380765337518533,True
Brazil.regions.RS:Estrela,2.1672012830793905,1.810946271050521,8.296564837296838,5.881266622675838,True
Brazil.regions.RS:Estância Velha,4.923817161186848,1.981355252606255,17.4574758451902,6.380765337518533,True
Brazil.regions.RS:Eugênio de Castro,0.0,1.0,38.51582256227209,3.2204044828030405,True
Brazil.regions.RS:Farroupilha,2.3075380914194064,1.981355252606255,13.61776281249487,6.380765337518533,True
Brazil.regions.RS:Fazenda Vilanova,1.2796208530805688,1.0,47.06904738308201,3.2204044828030405,True
Brazil.regions.RS:Feliz,2.345951629863302,1.0,22.069155194321205,3.2204044828030405,True
Brazil.regions.RS:Flores da Cunha,1.2562046582665138,1.7114674812269313,3.9997176439658575,5.511617548714837,True
Brazil.regions.RS:Floriano Peixoto,2.3332665732024833,1.1802523532946123,226.17078957583323,3.800889969388807,True
Brazil.regions.RS:Fontoura Xavier,2.138519924098672,1.0,27.238833911011703,3.2204044828030396,True
Brazil.regions.RS:Formigueiro,0.5,1.0,19.288599118637535,3.2204044828030396,True
Brazil.regions.RS:Frederico Westphalen,10.474951203643462,0.10214703968770332,33.42790132490996,0.353055585181296,True
Brazil.regions.RS:Garibaldi,4.432638331996792,1.2696471531676023,10.404607508422256,4.351372410690325,True
Brazil.regions.RS:Gaurama,6.0,1.0,123.27037976005924,3.2204044828030405,True
Brazil.regions.RS:General Câmara,1.0,1.0,20.631712392569654,3.2204044828030405,True
Brazil.regions.RS:Gentil,3.1999999999999997,1.0,253.8175392136474,3.2204044828030405,True
Brazil.regions.RS:Getúlio Vargas,2.1623931623931623,1.1260683760683763,18.09386419290314,3.6263956462333375,True
Brazil.regions.RS:Glorinha,5.918203688853248,1.981355252606255,16.789607797833213,6.380765337518533,True
Brazil.regions.RS:Gramado,3.563636363636364,1.0,9.626326110257635,3.22040448280304,True
Brazil.regions.RS:Gramado Xavier,0.0,1.0,19.900982800433958,3.2204044828030396,True
Brazil.regions.RS:Gramado dos Loureiros,5.7468030690537075,1.0,320.83353735455086,3.2204044828030396,True
Brazil.regions.RS:Guabiju,0.0,1.0,63.31319498492817,3.22040448280304,True
Brazil.regions.RS:Guaporé,8.11111111111111,1.0,32.19418373623187,3.2204044828030396,True
Brazil.regions.RS:Guaíba,2.9921812349639136,1.9372493985565358,17.80723182492109,6.335824940292323,True
Brazil.regions.RS:Harmonia,5.008821170809945,1.981355252606255,78.25780610558506,6.380765337518533,True
Brazil.regions.RS:Horizontina,3.027410670582477,1.0,18.141516577774567,3.2204044828030405,True
Brazil.regions.RS:Hulha Negra,0.0,1.0,11.537564820620808,3.22040448280304,True
Brazil.regions.RS:Humaitá,3.7476280834914615,1.0,96.47779130660187,3.2204044828030396,True
Brazil.regions.RS:Ibirapuitã,8.4592571670668,0.4351080355881937,290.8706730232899,24.26819159582284,True
Brazil.regions.RS:Ibirubá,5.705882352941177,1.0,29.732334352288735,3.2204044828030396,True
Brazil.regions.RS:Ijuí,5.18960244648318,1.0,4.6645605474473975,3.22040448280304,True
Brazil.regions.RS:Imbé,4.882501049097776,1.9347461183382293,14.981641202641944,6.230665072582213,True
Brazil.regions.RS:Imigrante,7.312296681847755,1.0,263.19936096103527,3.22040448280304,True
Brazil.regions.RS:Ivoti,4.681836407377707,1.0441058540497192,14.660838841425488,3.1531711370119506,True
Brazil.regions.RS:Jaboticaba,0.0,1.0,23.026314677301947,3.2204044828030396,True
Brazil.regions.RS:Jaguari,0.2887882219705549,0.8556058890147226,8.660017917368004,3.621456255501006,True
Brazil.regions.RS:Jaquirana,0.9,1.0,47.90984309523786,3.2204044828030396,True
Brazil.regions.RS:Lagoa Vermelha,5.770982433311646,1.0,21.12951616060202,3.22040448280304,True
Brazil.regions.RS:Lajeado,35.132117080994384,1.2826784282277466,27.797466122968345,4.642358390450159,True
Brazil.regions.RS:Machadinho,1.6265452179570592,1.0,45.017340566913376,3.22040448280304,True
Brazil.regions.RS:Maquiné,1.0,1.0,26.568097155564544,3.2204044828030405,True
Brazil.regions.RS:Maratá,2.223402372101257,1.2743848468755534,134.81313223497645,4.104034673694298,True
Brazil.regions.RS:Marau,41.436447473937456,0.7965116279069767,87.27167608865632,3.697756291755806,True
Brazil.regions.RS:Marcelino Ramos,1.1100959342165373,1.0662402923709455,53.487531418949786,3.433725017296617,True
Brazil.regions.RS:Mariano Moro,0.0,1.0,46.01642466539982,3.2204044828030405,True
Brazil.regions.RS:Marques de Souza,0.7540263543191801,1.0,40.53181188834139,3.2204044828030405,True
Brazil.regions.RS:Mato Castelhano,0.3516819571865443,0.24464831804281348,49.99542060328138,28.093583792632387,True
Brazil.regions.RS:Mato Leitão,4.2,1.0,111.95124557256794,3.2204044828030405,True
Brazil.regions.RS:Maximiliano de Almeida,2.0,1.0,65.31969147333129,3.2204044828030396,True
Brazil.regions.RS:Minas do Leão,5.026663993584602,1.981355252606255,13.801226862036106,6.380765337518533,True
Brazil.regions.RS:Miraguaí,0.0,1.0,17.08416404511574,3.2204044828030405,True
Brazil.regions.RS:Montauri,0.7447973713033954,1.0,116.8620023515669,3.2204044828030405,True
Brazil.regions.RS:Monte Belo do Sul,0.9908256880733946,0.0,74.91247181521088,36.026063335093355,True
Brazil.regions.RS:Montenegro,4.533881315156376,1.810946271050521,5.98090030051974,6.119658170388516,True
Brazil.regions.RS:Mormaço,1.4265402843601898,1.0,75.43568253049321,3.2204044828030405,True
Brazil.regions.RS:Morrinhos do Sul,3.0,1.0,132.41879524591857,3.2204044828030405,True
Brazil.regions.RS:Muliterno,2.7111111111111112,1.0,192.8234999604675,3.2204044828030396,True
Brazil.regions.RS:Muçum,1.8475348338692388,1.6444265809217578,63.30748020978679,5.295718732840904,True
Brazil.regions.RS:Nicolau Vergueiro,3.156174334140436,1.7736077481840196,83.68785233373598,5.711734342986021,True
Brazil.regions.RS:Nonoai,12.763175016265452,0.10214703968770332,114.46386243695287,5.114742882827012,True
Brazil.regions.RS:Nova Araçá,11.989664082687339,0.7416020671834624,269.72904041501874,6.985781447470593,True
Brazil.regions.RS:Nova Bassano,3.111954459203036,1.0,38.247470257042025,3.2204044828030396,True
Brazil.regions.RS:Nova Bréscia,0.8692169036651313,1.1802523532946123,52.38591293062143,3.800889969388807,True
Brazil.regions.RS:Nova Palma,5.918203688853248,1.981355252606255,16.722398680757898,6.380765337518533,True
Brazil.regions.RS:Nova Petrópolis,0.0,1.0,1.4627782081537337,3.2204044828030405,True
Brazil.regions.RS:Nova Prata,6.286801522130983,1.1802523532946123,23.85452909975646,3.800889969388807,True
Brazil.regions.RS:Nova Santa Rita,0.0,1.0,0.19256480047341062,3.2204044828030405,True
Brazil.regions.RS:Novo Barreiro,0.0,1.0,20.794965353892444,3.2204044828030396,True
Brazil.regions.RS:Novo Xingu,0.0,1.0,54.95295211987293,3.22040448280304,True
Brazil.regions.RS:Não-Me-Toque,8.720333929636254,1.3369111508646392,57.819013575982815,3.921321894732372,True
Brazil.regions.RS:Osório,5.436046511627907,1.981355252606255,18.540940430564316,6.380765337518533,True
Brazil.regions.RS:Paim Filho,2.0,1.0,75.14950147330981,3.22040448280304,True
Brazil.regions.RS:Paraí,5.524258219727346,1.981355252606255,15.629279635623318,6.380765337518533,True
Brazil.regions.RS:Paraíso do Sul,0.0,1.0,9.918473457020896,3.22040448280304,True
Brazil.regions.RS:Pareci Novo,5.918203688853248,1.981355252606255,17.09132608034168,6.380765337518533,True
Brazil.regions.RS:Parobé,0.7,1.0,0.5995372733257913,3.2204044828030396,True
Brazil.regions.RS:Paverama,1.4551804423748544,1.0,25.708315234115236,3.2204044828030405,True
Brazil.regions.RS:Pinto Bandeira,1.4218009478672988,0.7298578199052133,77.42564772723023,10.476213900160158,True
Brazil.regions.RS:Planalto,7.364996746909565,1.0,79.73275643458653,3.22040448280304,True
Brazil.regions.RS:Pontão,1.9551282051282048,1.1260683760683763,86.20776487125214,3.6263956462333375,True
Brazil.regions.RS:Porto Mauá,0.0,1.0,38.902594674736974,3.2204044828030405,True
Brazil.regions.RS:Portão,3.375711574952562,1.0,8.58064617916886,3.2204044828030396,True
Brazil.regions.RS:Pouso Novo,0.0,1.0,57.792408207862,3.2204044828030405,True
Brazil.regions.RS:Poço das Antas,2.2602201257861636,1.0,152.17616967287677,3.22040448280304,True
Brazil.regions.RS:Progresso,10.297912713472485,1.0,177.7199016266218,3.2204044828030396,True
Brazil.regions.RS:Redentora,2.0,1.0,22.75587051936165,3.2204044828030396,True
Brazil.regions.RS:Restinga Sêca,3.0153340635268346,1.0,22.21080752256041,3.2204044828030405,True
Brazil.regions.RS:Rio dos Índios,0.3333333333333333,1.0,45.22920792029774,3.2204044828030405,True
Brazil.regions.RS:Roca Sales,5.062955599734924,0.18820410868124587,49.99609336442705,5.117174058868468,True
Brazil.regions.RS:Rolante,5.614474739374499,1.981355252606255,17.224928624525955,6.380765337518533,True
Brazil.regions.RS:Ronda Alta,1.1818181818181819,1.0,17.360844284465912,3.22040448280304,True
Brazil.regions.RS:Saldanha Marinho,20.93035107587769,1.2633069082672708,824.3400134748456,78.82576324797361,True
Brazil.regions.RS:Salto do Jacuí,5.0,1.0,44.97623781778335,3.2204044828030405,True
Brazil.regions.RS:Salvador do Sul,1.0174243941518124,1.1802523532946123,17.885164564453007,3.800889969388807,True
Brazil.regions.RS:Sananduva,3.080392943063352,1.981355252606255,14.00928846475126,6.380765337518533,True
Brazil.regions.RS:Santa Bárbara do Sul,0.4499771585198721,1.0662402923709455,7.889183124257743,3.433725017296617,True
Brazil.regions.RS:Santa Clara do Sul,6.346877351392024,1.2294958615500375,120.87577577181976,3.9594739841235276,True
Brazil.regions.RS:Santa Rosa,4.458700882117081,1.981355252606255,17.586695397847098,6.380765337518533,True
Brazil.regions.RS:Santa Tereza,1.8957345971563984,0.0,164.25990767199153,54.61649545936005,True
Brazil.regions.RS:Santo Antônio da Patrulha,5.458099438652767,1.981355252606255,18.554594277490605,6.380765337518533,True
Brazil.regions.RS:Santo Antônio do Palma,0.0,1.0,43.772076720204474,3.2204044828030396,True
Brazil.regions.RS:Santo Cristo,4.137173005056058,1.884809848318312,10.84566892142824,6.06985008475561,True
Brazil.regions.RS:Santo Ângelo,11.274973711882229,0.5583596214511041,12.467912705911589,1.2486177826384954,True
Brazil.regions.RS:Sapiranga,3.492181234963914,1.981355252606255,18.03426852245594,6.380765337518533,True
Brazil.regions.RS:Sarandi,5.7477947072975155,1.981355252606255,18.120565734099646,6.380765337518533,True
Brazil.regions.RS:Seberi,0.0,1.0,6.081921098592307,3.2204044828030405,True
Brazil.regions.RS:Serafina Corrêa,2.740777866880514,1.314755412991179,19.49493866349158,2.9769333525132313,True
Brazil.regions.RS:Sertão,1.3507109004739337,1.0,40.190692478857784,3.2204044828030405,True
Brazil.regions.RS:Soledade,15.855105211128373,1.5719531139669543,51.16136809627777,5.062324854975376,True
Brazil.regions.RS:São Domingos do Sul,4.991980753809142,1.981355252606255,79.70901453000855,6.380765337518533,True
Brazil.regions.RS:São Jerônimo,5.090909090909091,1.0,21.898818096003833,3.22040448280304,True
Brazil.regions.RS:São Jorge,4.091820368885325,1.981355252606255,100.16743276437033,6.380765337518533,True
Brazil.regions.RS:São José das Missões,0.0,1.0,36.19622933666877,3.22040448280304,True
Brazil.regions.RS:São José do Herval,1.5636363636363635,1.0,126.84739681787497,3.22040448280304,True
Brazil.regions.RS:São João da Urtiga,0.0,1.0,18.252646837789616,3.2204044828030396,True
Brazil.regions.RS:São Luiz Gonzaga,4.814814814814815,1.0,14.168265080291068,3.2204044828030396,True
Brazil.regions.RS:São Marcos,1.2876830318690784,1.0,7.392339216719499,3.2204044828030396,True
Brazil.regions.RS:São Sebastião do Caí,2.491579791499599,1.981355252606255,7.475435957532397,6.380765337518533,True
Brazil.regions.RS:São Valentim,0.0,1.0,27.09181134017362,3.2204044828030396,True
Brazil.regions.RS:São Valentim do Sul,0.5394190871369294,1.0,65.4423558712081,3.22040448280304,True
Brazil.regions.RS:São Valério do Sul,0.4879635653871178,1.0,51.34371599343891,3.22040448280304,True
Brazil.regions.RS:São Vendelino,0.0,1.0,41.36274308741542,3.22040448280304,True
Brazil.regions.RS:Sério,3.208530805687204,1.0,211.28167531776805,3.2204044828030405,True
Brazil.regions.RS:Tabaí,4.751202886928629,1.981355252606255,74.27356748652689,6.380765337518533,True
Brazil.regions.RS:Tapejara,25.62606837606837,1.1260683760683763,107.77933262134206,3.6263956462333375,True
Brazil.regions.RS:Taquara,5.927024859663192,1.981355252606255,20.528490027761553,6.380765337518533,True
Brazil.regions.RS:Taquari,7.17121090617482,1.981355252606255,30.171686248245567,6.380765337518533,True
Brazil.regions.RS:Tenente Portela,1.3333333333333333,1.0,14.082771886001806,3.22040448280304,True
Brazil.regions.RS:Terra de Areia,4.3204134366925055,1.0,44.26632736914722,3.2204044828030396,True
Brazil.regions.RS:Teutônia,16.615739723016052,1.884809848318312,48.895285729635795,6.06985008475561,True
Brazil.regions.RS:Tio Hugo,2.530266343825666,0.7929782082324456,91.24126031623544,26.777038309285686,True
Brazil.regions.RS:Torres,5.1343223736968735,1.981355252606255,14.962654433352283,6.380765337518533,True
Brazil.regions.RS:Tramandaí,4.0316760224538895,1.3408179631114676,16.445002211408212,5.142174426767712,True
Brazil.regions.RS:Trindade do Sul,7.978529008679763,0.600274097761535,157.83490221212966,8.037015256095973,True
Brazil.regions.RS:Triunfo,7.402195078775005,1.2743848468755534,25.459609682994785,4.104034673694298,True
Brazil.regions.RS:Três Arroios,1.421188630490956,1.0,87.52879456108587,3.2204044828030396,True
Brazil.regions.RS:Três Cachoeiras,10.512820512820511,1.1260683760683763,104.51307961502916,3.6263956462333375,True
Brazil.regions.RS:Três Forquilhas,1.4691943127962088,1.0,88.3329626954027,3.2204044828030405,True
Brazil.regions.RS:Três Palmeiras,4.232526267702148,1.0662402923709455,128.37903368065628,3.433725017296617,True
Brazil.regions.RS:Três Passos,41.12322274881517,1.0,172.98315424226672,3.2204044828030405,True
Brazil.regions.RS:Tucunduva,1.0759969902182092,1.2294958615500375,11.51993404575129,3.9594739841235276,True
Brazil.regions.RS:Tunas,5.218191377497371,0.5914826498422712,135.52461175471308,31.611783082140526,True
Brazil.regions.RS:Tupandi,5.874097834803529,1.981355252606255,15.864371379039165,6.380765337518533,True
Brazil.regions.RS:Vale Verde,3.0,1.0,111.16335302363105,3.22040448280304,True
Brazil.regions.RS:Vanini,0.0,1.0,44.10567218544116,3.22040448280304,True
Brazil.regions.RS:Venâncio Aires,52.6753132556606,2.2805012090569363,63.53775221505819,1.3390759536762857,True
Brazil.regions.RS:Vera Cruz,0.5370843989769821,1.0,2.501534239517558,3.2204044828030396,True
Brazil.regions.RS:Veranópolis,3.5868652958455725,1.9347461183382293,10.614726243613362,6.230665072582213,True
Brazil.regions.RS:Viadutos,1.0,1.0,38.831740176574584,3.2204044828030396,True
Brazil.regions.RS:Victor Graeff,1.8578104138851805,1.315420560747664,108.47042319378487,4.236186270603064,True
Brazil.regions.RS:Vila Flores,1.0788381742738589,1.0,58.19283552528734,3.22040448280304,True
Brazil.regions.RS:Vila Lângaro,0.0,1.0,44.60360316903819,3.2204044828030405,True
Brazil.regions.RS:Vila Maria,4.697273456295109,1.810946271050521,28.682729759508717,6.998306824242071,True
Brazil.regions.RS:Vila Nova do Sul,0.0,1.0,20.144081498505372,3.2204044828030405,True
Brazil.regions.RS:Vista Alegre do Prata,0.14195583596214512,1.0,60.38393934578192,3.2204044828030405,True
Brazil.regions.RS:Westfália,1.7484926787252368,1.0,87.97046077019087,3.2204044828030396,True
Brazil.regions.RS:Xangri-lá,0.3890641430073607,1.0,4.788213972034502,3.2204044828030405,True
Brazil.regions.RS:Água Santa,0.0,1.0,23.460491995318623,3.22040448280304,True
Brazil.regions.RS:Áurea,0.0,1.0,24.916905590353963,3.2204044828030396,True
Brazil.regions.SC:Abelardo Luz,1.2376779846659365,1.0,9.277796950764523,3.2204044828030405,True
Brazil.regions.SC:Agronômica,3.333333333333333,0.0,76.31948783241967,15.134955282248354,True
Brazil.regions.SC:Alto Bela Vista,1.6328616352201257,1.0,132.70430564730157,3.22040448280304,True
Brazil.regions.SC:Anchieta,2.8181818181818183,1.0,64.50186969566128,3.22040448280304,True
Brazil.regions.SC:Anita Garibaldi,5.918203688853248,1.981355252606255,16.70953338493283,6.380765337518533,True
Brazil.regions.SC:Antônio Carlos,6.296110665597434,1.1583801122694466,126.79915437554243,30.012010821364306,True
Brazil.regions.SC:Arabutã,10.585209003215434,1.6444265809217578,328.1145864797642,5.295718732840904,True
Brazil.regions.SC:Araquari,12.610419026047564,1.0,32.492910302866434,3.2204044828030396,True
Brazil.regions.SC:Araranguá,2.5735765838011226,1.7317562149157977,11.055232761085586,6.014934538300535,True
Brazil.regions.SC:Armazém,13.636120042872456,1.6444265809217578,190.10387227300345,5.295718732840904,True
Brazil.regions.SC:Arvoredo,4.331753554502369,1.0,234.8043077717671,3.2204044828030405,True
Brazil.regions.SC:Atalanta,1.5714285714285714,1.0,76.88640459596866,3.22040448280304,True
Brazil.regions.SC:Aurora,5.6244987971130715,1.981355252606255,12.059711434077322,6.380765337518533,True
Brazil.regions.SC:Balneário Arroio do Silva,3.9935846030473137,1.3959502806736166,9.396854888370292,2.360482914158347,True
Brazil.regions.SC:Balneário Barra do Sul,2.0256410256410255,1.1260683760683763,28.5137110157335,3.6263956462333375,True
Brazil.regions.SC:Balneário Gaivota,3.2457898957498,0.981355252606255,32.68079892803853,3.165386645527155,True
Brazil.regions.SC:Balneário Piçarras,2.7469927826784284,1.981355252606255,14.176686371468529,6.380765337518533,True
Brazil.regions.SC:Balneário Rincão,2.2729177579884756,1.0,22.429421206761816,3.22040448280304,True
Brazil.regions.SC:Barra Velha,2.2133119486768247,1.981355252606255,6.5175741733900585,6.380765337518533,True
Brazil.regions.SC:Benedito Novo,3.1305031446540883,1.0,32.22847248813832,3.22040448280304,True
Brazil.regions.SC:Biguaçu,2.9550922213311948,1.981355252606255,13.737393350628812,6.380765337518533,True
Brazil.regions.SC:Bombinhas,0.19381875327396542,1.0,2.8184379132410973,3.22040448280304,True
Brazil.regions.SC:Botuverá,4.431435445068164,1.981355252606255,58.47864458901103,6.380765337518533,True
Brazil.regions.SC:Braço do Norte,14.757818765036086,1.0942261427425821,42.52795834335435,3.7286603752952963,True
Brazil.regions.SC:Camboriú,48.19587008821171,0.6421411387329591,44.13903493898173,3.8092438212591238,True
Brazil.regions.SC:Campo Alegre,0.0,1.0,5.128234689011954,3.22040448280304,True
Brazil.regions.SC:Campo Erê,0.0,1.0,8.508424980016569,3.22040448280304,True
Brazil.regions.SC:Canelinha,5.918203688853248,1.981355252606255,17.667822584447183,6.380765337518533,True
Brazil.regions.SC:Canoinhas,7.9918509895227015,1.0,13.417847224724374,3.2204044828030405,True
Brazil.regions.SC:Capinzal,0.0,1.0,1.1563462174770724,3.22040448280304,True
Brazil.regions.SC:Capivari de Baixo,8.839059257551302,1.831219737145492,39.60075566701937,5.897268250500748,True
Brazil.regions.SC:Catanduvas,5.341681574239714,1.4934406678592727,69.52930796778514,4.809483021574367,True
Brazil.regions.SC:Caxambu do Sul,4.561584840654608,1.0,149.48648295966285,3.2204044828030396,True
Brazil.regions.SC:Caçador,5.918805132317563,1.3959502806736166,11.92306958997522,5.635927915376363,True
Brazil.regions.SC:Cocal do Sul,2.775661587810746,1.0801924619085808,6.311418966207979,2.730827478602464,True
Brazil.regions.SC:Concórdia,182.19453376205786,2.085209003215434,236.71839617599036,1.1137596378250034,True
Brazil.regions.SC:Cordilheira Alta,0.0,1.0,19.236366233567946,3.22040448280304,True
Brazil.regions.SC:Coronel Freitas,0.0,1.0,6.7986316859175275,3.2204044828030405,True
Brazil.regions.SC:Corupá,0.0,1.0,3.065345721483841,3.22040448280304,True
Brazil.regions.SC:Cunha Porã,3.9968569931901516,1.0,41.853174744963084,3.22040448280304,True
Brazil.regions.SC:Dionísio Cerqueira,0.0,0.0,3.23204099403268,3.23204099403268,True
Brazil.regions.SC:Entre Rios,14.47272727272727,1.0,479.8494448062158,3.22040448280304,True
Brazil.regions.SC:Faxinal dos Guedes,7.673501577287067,1.0,78.96477098308213,3.2204044828030405,True
Brazil.regions.SC:Forquilhinha,1.5447072975140335,1.981355252606255,4.881086911187088,6.380765337518533,True
Brazil.regions.SC:Fraiburgo,8.125707814269536,1.0,21.834667362425048,3.2204044828030396,True
Brazil.regions.SC:Garopaba,5.641539695268645,1.981355252606255,17.547429157953466,6.380765337518533,True
Brazil.regions.SC:Garuva,1.2789927104042416,0.7713717693836978,9.339489209146487,3.0078605073823685,True
Brazil.regions.SC:Gaspar,4.306335204490778,1.0942261427425821,8.793564296304714,5.106868369061673,True
Brazil.regions.SC:Governador Celso Ramos,5.953087409783482,1.981355252606255,66.66600147695578,6.380765337518533,True
Brazil.regions.SC:Gravatal,4.385324779470729,1.981355252606255,69.9373847990343,6.380765337518533,True
Brazil.regions.SC:Grão Pará,0.6824644549763034,1.0,22.39178085707066,3.2204044828030405,True
Brazil.regions.SC:Guabiruba,3.854250200481155,1.5513231756214916,11.240056452048407,4.57633399736763,True
Brazil.regions.SC:Guaramirim,2.491980753809142,1.981355252606255,5.800422540293517,6.380765337518533,True
Brazil.regions.SC:Guatambú,11.781037192247249,1.0,268.4853181415007,3.22040448280304,True
Brazil.regions.SC:Herval d'Oeste,2.8258795468097793,1.4934406678592727,12.320792911207167,4.809483021574367,True
Brazil.regions.SC:Ibicaré,0.0,1.0,28.010076466603582,3.22040448280304,True
Brazil.regions.SC:Ibirama,0.14195583596214512,1.0,2.2218434792789092,3.2204044828030405,True
Brazil.regions.SC:Ilhota,2.406439768394295,1.5719531139669543,31.098952500197033,5.062324854975376,True
Brazil.regions.SC:Imbituba,6.392943063352045,1.981355252606255,11.027314107067578,6.380765337518533,True
Brazil.regions.SC:Imbuia,0.0,1.0,12.916435923845336,3.2204044828030396,True
Brazil.regions.SC:Indaial,3.5585404971932637,0.8837209302325582,8.094752762575913,4.799729223188398,True
Brazil.regions.SC:Ipira,3.299633315872184,1.0,93.4874973586766,3.22040448280304,True
Brazil.regions.SC:Ipuaçu,3.75,1.0,59.9949268986183,3.22040448280304,True
Brazil.regions.SC:Ipumirim,20.95849665667512,1.831219737145492,326.5107363959219,5.897268250500748,True
Brazil.regions.SC:Irani,33.66922563417891,1.315420560747664,340.609266567082,4.236186270603064,True
Brazil.regions.SC:Irati,5.918203688853248,1.981355252606255,32.29249151080847,6.380765337518533,True
Brazil.regions.SC:Itapema,5.803929430633521,1.3959502806736166,8.86154190230758,5.484444643109178,True
Brazil.regions.SC:Itapiranga,5.458099438652767,1.981355252606255,15.571231715049251,6.380765337518533,True
Brazil.regions.SC:Itapoá,0.0,1.0,1.6396266213960264,3.22040448280304,True
Brazil.regions.SC:Ituporanga,2.5686964167949005,1.0604528467795122,7.062770243508325,3.2096844018609723,True
Brazil.regions.SC:Itá,8.09593734703867,1.0,147.72246839373554,3.2204044828030405,True
Brazil.regions.SC:Içara,3.559542902967121,1.981355252606255,14.313377544186137,6.380765337518533,True
Brazil.regions.SC:Jaborá,6.086921690366513,1.1802523532946123,193.71857503932122,3.800889969388807,True
Brazil.regions.SC:Jacinto Machado,0.7289002557544757,1.0,13.378100276744538,3.2204044828030396,True
Brazil.regions.SC:Jaguaruna,4.182437850842021,1.981355252606255,10.934402548709478,6.380765337518533,True
Brazil.regions.SC:Joaçaba,5.873095429029672,1.981355252606255,19.82539883850799,6.380765337518533,True
Brazil.regions.SC:Jupiá,0.0,1.0,44.375978192113664,3.22040448280304,True
Brazil.regions.SC:Laguna,3.107457898957499,1.981355252606255,12.631567108429836,6.380765337518533,True
Brazil.regions.SC:Lauro Muller,0.0,1.0,3.339553533465656,3.22040448280304,True
Brazil.regions.SC:Lindóia do Sul,33.43837084673097,1.6444265809217578,806.8390828117923,5.295718732840904,True
Brazil.regions.SC:Luiz Alves,0.9013282732447818,1.0,11.56556855743945,3.2204044828030396,True
Brazil.regions.SC:Luzerna,0.37777777777777777,1.0,21.014912628503517,3.2204044828030396,True
Brazil.regions.SC:Mafra,5.48215717722534,1.981355252606255,19.016213335045983,6.380765337518533,True
Brazil.regions.SC:Maracajá,2.02718006795017,1.0,38.28761783928896,3.2204044828030396,True
Brazil.regions.SC:Maravilha,7.349397590361446,1.0,29.189336959481896,3.2204044828030405,True
Brazil.regions.SC:Marema,0.0,1.0,52.427898243963796,3.22040448280304,True
Brazil.regions.SC:Massaranduba,5.918203688853248,0.981355252606255,18.302593437657304,2.700684216512039,True
Brazil.regions.SC:Meleiro,1.995480864284706,1.5719531139669543,19.52301632531767,5.062324854975376,True
Brazil.regions.SC:Mondaí,0.0,1.0,5.296032240072108,3.22040448280304,True
Brazil.regions.SC:Monte Carlo,0.0,1.0,6.915415505033975,3.22040448280304,True
Brazil.regions.SC:Monte Castelo,0.0,1.0,8.864187662212064,3.2204044828030396,True
Brazil.regions.SC:Morro Grande,0.0,1.0,31.345789779208715,3.2204044828030396,True
Brazil.regions.SC:Morro da Fumaça,3.9995990376904573,1.981355252606255,13.668399488579505,6.380765337518533,True
Brazil.regions.SC:Navegantes,10.393945469125903,1.981355252606255,4.6403157211910555,6.380765337518533,True
Brazil.regions.SC:Nova Erechim,9.005503144654087,1.0,196.1321188217215,3.22040448280304,True
Brazil.regions.SC:Nova Itaberaba,0.0,1.0,19.868951324169945,3.2204044828030405,True
Brazil.regions.SC:Nova Trento,5.505212510024058,1.981355252606255,15.193644257846582,6.380765337518533,True
Brazil.regions.SC:Nova Veneza,8.313772775991424,1.6444265809217578,68.17517525831772,5.295718732840904,True
Brazil.regions.SC:Orleans,9.315356856455494,1.981355252606255,48.572368933743164,6.380765337518533,True
Brazil.regions.SC:Ouro,0.3930817610062892,1.0,15.87598703201929,3.22040448280304,True
Brazil.regions.SC:Paial,3.066322136089578,1.0,266.9671128653417,3.2204044828030396,True
Brazil.regions.SC:Palma Sola,2.034672970843184,1.4081954294720254,9.405634044921024,4.534958873734462,True
Brazil.regions.SC:Palmeira,0.0,1.0,34.8458307665308,3.22040448280304,True
Brazil.regions.SC:Palmitos,5.065118912797282,1.0,34.29038104998985,3.2204044828030396,True
Brazil.regions.SC:Papanduva,5.6371291098636735,1.981355252606255,17.13067446756477,6.380765337518533,True
Brazil.regions.SC:Passo de Torres,0.49763033175355453,1.0,13.753757726803153,3.2204044828030405,True
Brazil.regions.SC:Paulo Lopes,5.4985966319166,1.981355252606255,15.373015565626648,6.380765337518533,True
Brazil.regions.SC:Pedras Grandes,4.550922213311949,0.981355252606255,62.37042552322517,18.770140095077043,True
Brazil.regions.SC:Penha,19.958621663606838,0.23584239514192917,60.815373288181135,0.9551325804525376,True
Brazil.regions.SC:Peritiba,8.10644129739607,1.0662402923709455,338.2231478379276,3.433725017296617,True
Brazil.regions.SC:Pescaria Brava,5.918203688853248,1.981355252606255,17.2061974422487,6.380765337518533,True
Brazil.regions.SC:Petrolândia,0.0,1.0,13.62311918234771,3.22040448280304,True
Brazil.regions.SC:Pinhalzinho,3.3127962085308065,1.0,18.011300378767412,3.2204044828030405,True
Brazil.regions.SC:Piratuba,5.994496855345911,1.0,178.26628091797303,3.22040448280304,True
Brazil.regions.SC:Planalto Alegre,4.4186046511627906,1.0,185.5811513068412,3.2204044828030396,True
Brazil.regions.SC:Pomerode,4.906776263031275,1.981355252606255,16.265638868847162,6.380765337518533,True
Brazil.regions.SC:Ponte Serrada,15.15565345080764,1.0,137.5917874051054,3.2204044828030405,True
Brazil.regions.SC:Porto Belo,4.534883720930233,0.9945870088211709,14.074956407488273,2.9351707153900928,True
Brazil.regions.SC:Porto União,3.09478672985782,1.0,8.347443220055371,3.2204044828030405,True
Brazil.regions.SC:Pouso Redondo,2.8590568060021444,0.6717577706323686,8.842224676765433,2.351594184897239,True
Brazil.regions.SC:Praia Grande,0.0,1.0,10.442664242432647,3.2204044828030396,True
Brazil.regions.SC:Presidente Castello Branco,5.561443581544085,1.0662402923709455,442.48742201179897,3.433725017296617,True
Brazil.regions.SC:Quilombo,2.2857142857142856,1.0,30.012267568519764,3.22040448280304,True
Brazil.regions.SC:Rancho Queimado,5.6371291098636735,1.981355252606255,47.21328909362953,6.380765337518533,True
Brazil.regions.SC:Rio Fortuna,0.0,1.0,18.466865089957746,3.22040448280304,True
Brazil.regions.SC:Rio Negrinho,4.2471932638332,1.981355252606255,15.688826888359836,6.380765337518533,True
Brazil.regions.SC:Rio Rufino,5.918203688853248,1.981355252606255,24.23623283705279,6.380765337518533,True
Brazil.regions.SC:Rio do Oeste,0.25616698292220114,1.0,13.553089747697712,3.2204044828030396,True
Brazil.regions.SC:Rio do Sul,10.130389670278994,1.831219737145492,5.879136678023918,5.897268250500748,True
Brazil.regions.SC:Rodeio,1.0633839706652697,0.9004714510214772,14.642845198309155,3.4410045497334933,True
Brazil.regions.SC:Salete,4.098337672741838,1.0,71.00234384696262,3.837654556605179,True
Brazil.regions.SC:Sangão,5.811948676824378,1.981355252606255,70.58899770172553,6.380765337518533,True
Brazil.regions.SC:Santa Cecília,4.763953000419639,1.9347461183382293,13.54329988890921,6.230665072582213,True
Brazil.regions.SC:Santa Helena,0.14439411098527746,1.0,48.25931261055178,3.2204044828030396,True
Brazil.regions.SC:Santa Rosa de Lima,0.9166666666666666,1.0,86.25983205625704,3.2204044828030396,True
Brazil.regions.SC:Santa Rosa do Sul,1.621484026982309,1.7114674812269313,45.23706395020272,5.511617548714837,True
Brazil.regions.SC:Santo Amaro da Imperatriz,4.366479550922214,1.981355252606255,12.967774274944482,6.380765337518533,True
Brazil.regions.SC:Schroeder,5.918203688853248,1.981355252606255,18.64859925528959,6.380765337518533,True
Brazil.regions.SC:Seara,12.069209684787575,1.0662402923709455,72.40241478981321,3.433725017296617,True
Brazil.regions.SC:Serra Alta,0.0,1.0,27.426239709657885,3.22040448280304,True
Brazil.regions.SC:Siderópolis,2.9797514033680836,1.8520449077786687,36.82008865939939,5.457581609185656,True
Brazil.regions.SC:Sombrio,17.501804330392943,0.1599839615076183,58.11832079568934,0.6380718106637853,True
Brazil.regions.SC:São Bento do Sul,3.54550922213312,1.981355252606255,17.738966300720154,6.380765337518533,True
Brazil.regions.SC:São Bernardino,0.0,1.0,39.58781469527915,3.22040448280304,True
Brazil.regions.SC:São Carlos,10.76281112737921,1.0,101.05059212546935,3.2204044828030405,True
Brazil.regions.SC:São Domingos,4.978949478748997,1.981355252606255,34.39473996708812,6.380765337518533,True
Brazil.regions.SC:São Francisco do Sul,2.8468323977546106,1.5854049719326384,13.699809021406145,5.6297358034171,True
Brazil.regions.SC:São José do Cedro,0.0,1.0,4.010776369030063,3.22040448280304,True
Brazil.regions.SC:São João Batista,0.0,1.0,0.5483223964413471,3.2204044828030396,True
Brazil.regions.SC:São João do Itaperiú,2.047713717693837,1.0,78.42207389099381,3.22040448280304,True
Brazil.regions.SC:São João do Sul,0.0,1.0,10.483857542686886,3.22040448280304,True
Brazil.regions.SC:São Lourenço do Oeste,4.315356856455494,1.981355252606255,12.139289806562202,6.380765337518533,True
Brazil.regions.SC:São Ludgero,3.8532477947072983,1.0441058540497192,56.07119253338022,2.7580035983244207,True
Brazil.regions.SC:São Martinho,1.8837920489296636,1.0,87.46488007473356,3.22040448280304,True
Brazil.regions.SC:São Miguel do Oeste,10.639810426540285,1.0,25.561089804188317,3.2204044828030405,True
Brazil.regions.SC:São Pedro de Alcântara,1.7373164218958614,1.315420560747664,10.852514463883,4.236186270603064,True
Brazil.regions.SC:Taió,0.5520951302378256,1.0,5.217187962088644,3.2204044828030396,True
Brazil.regions.SC:Tangará,5.225541299117883,1.0551323175621492,13.767536262596886,4.770109458152908,True
Brazil.regions.SC:Tigrinhos,0.14722536806342015,1.0,67.03222062824534,3.2204044828030396,True
Brazil.regions.SC:Tijucas,3.691860465116279,1.981355252606255,13.337470218193678,6.380765337518533,True
Brazil.regions.SC:Timbé do Sul,4.789494787489976,1.981355252606255,18.71998273917173,6.380765337518533,True
Brazil.regions.SC:Timbó,11.748195669607059,1.981355252606255,20.017206888172257,6.380765337518533,True
Brazil.regions.SC:Treviso,0.0,1.0,22.231364415135364,3.22040448280304,True
Brazil.regions.SC:Treze Tílias,1.0,1.0,22.289799598829614,3.2204044828030405,True
Brazil.regions.SC:Treze de Maio,3.7289601106755823,1.831219737145492,26.37559871369001,5.897268250500748,True
Brazil.regions.SC:Trombudo Central,0.0,1.0,10.36655203893609,3.22040448280304,True
Brazil.regions.SC:Três Barras,11.758210645526614,1.0,62.97005282213401,3.2204044828030396,True
Brazil.regions.SC:Tunápolis,0.3744493392070485,1.0,26.166846911260926,3.2204044828030405,True
Brazil.regions.SC:Turvo,0.7709251101321586,1.0,9.641790073782959,3.2204044828030405,True
Brazil.regions.SC:Urussanga,2.0378909382518042,1.109262229350441,9.154319506097487,3.1297254064278555,True
Brazil.regions.SC:Vargem,0.0,1.0,37.15101255393495,3.22040448280304,True
Brazil.regions.SC:Vargem Bonita,15.381534147806931,1.1802523532946123,375.9537600795676,3.800889969388807,True
Brazil.regions.SC:Vidal Ramos,5.668604651162791,1.981355252606255,12.989422929618323,6.380765337518533,True
Brazil.regions.SC:Videira,2.809743384121893,1.981355252606255,14.006799273072282,6.380765337518533,True
Brazil.regions.SC:Xanxerê,35.33760186263097,1.0,68.3744463413668,3.2204044828030405,True
Brazil.regions.SC:Xavantina,0.6607929515418502,1.0,38.13975235408072,3.2204044828030405,True
Brazil.regions.SC:Xaxim,6.851063829787234,0.8502758077226164,24.677445832694165,2.6992412379857087,True
Brazil.regions.SC:Zortéa,6.543035107587769,1.0,221.07442476452871,3.2204044828030396,True
Brazil.regions.SC:Água Doce,4.031869078380706,1.0,67.20463510265122,3.2204044828030396,True
Brazil.regions.SC:Águas Mornas,5.635525260625502,1.981355252606255,15.108030434974438,6.380765337518533,True
Brazil.regions.SC:Águas de Chapecó,8.18233295583239,1.0,138.3511797884333,3.2204044828030396,True
Brazil.regions.SE:Amparo de São Francisco,1.6793168880455407,1.0,109.64045853512204,3.2204044828030396,True
Brazil.regions.SE:Aquidabã,5.407701019252547,1.0,26.495780738421036,3.2204044828030396,True
Brazil.regions.SE:Arauá,0.08647798742138364,1.0,7.583871446208334,3.22040448280304,True
Brazil.regions.SE:Areia Branca,15.29179810725552,1.0,84.9523289013418,3.2204044828030405,True
Brazil.regions.SE:Barra dos Coqueiros,66.94152581087253,0.8149840109639105,220.25074545119102,2.6326919595374947,True
Brazil.regions.SE:Boquim,7.784582132564842,1.0,29.538329603432196,3.220404482803041,True
Brazil.regions.SE:Brejo Grande,0.0,1.0,8.814738133636965,3.22040448280304,True
Brazil.regions.SE:Campo do Brito,3.5495283018867925,1.0,21.902618886167044,3.22040448280304,True
Brazil.regions.SE:Canhoba,0.0,1.0,21.72969531759616,3.2204044828030396,True
Brazil.regions.SE:Canindé de São Francisco,5.483701366982125,0.4085173501577287,18.481828945314007,1.3889805709803411,True
Brazil.regions.SE:Capela,4.296311146752205,1.981355252606255,14.6159747135469,6.380765337518533,True
Brazil.regions.SE:Carira,0.9840954274353877,1.0,5.764721082976273,3.22040448280304,True
Brazil.regions.SE:Carmópolis,4.477178423236515,0.029045643153526972,29.70720416957471,2.803839944408047,True
Brazil.regions.SE:Cedro de São João,11.035314384151594,1.0,200.87175058166352,3.2204044828030396,True
Brazil.regions.SE:Cristinápolis,3.690651003426334,1.0,23.661661578333465,3.2204044828030405,True
Brazil.regions.SE:Cumbe,0.0,1.0,21.861110440698337,3.2204044828030396,True
Brazil.regions.SE:Divina Pastora,0.9913522012578615,1.0,35.536936919646585,3.22040448280304,True
Brazil.regions.SE:Estância,62.06698187549252,0.727344365642238,84.24249495457804,3.550842511815829,True
Brazil.regions.SE:Feira Nova,1.0,1.0,32.596214428371745,3.2204044828030396,True
Brazil.regions.SE:Frei Paulo,6.07456772334294,0.0814121037463977,42.6557885224686,3.260688975480439,True
Brazil.regions.SE:Gararu,0.946058091286307,0.0,13.550175414528113,5.397313545463075,True
Brazil.regions.SE:General Maynard,0.0,1.0,26.666027077268684,3.2204044828030396,True
Brazil.regions.SE:Graccho Cardoso,5.5020746887966805,1.0,108.5374966653008,3.22040448280304,True
Brazil.regions.SE:Indiaroba,1.5891472868217054,1.287716159809183,10.007167642970057,3.6638322555773217,True
Brazil.regions.SE:Itabaianinha,37.9815112540193,0.6546087888531619,87.28831398903351,2.9349626937534317,True
Brazil.regions.SE:Itabi,0.0,1.0,17.175271633860227,3.22040448280304,True
Brazil.regions.SE:Itaporanga d'Ajuda,7.262969588550983,0.5229576624925462,20.106035350460036,1.9846983977336226,True
Brazil.regions.SE:Japaratuba,3.4629981024667935,0.09867172675521822,20.591141707597608,2.2240006984965186,True
Brazil.regions.SE:Japoatã,0.0,1.0,4.223394832367422,3.2204044828030396,True
Brazil.regions.SE:Lagarto,28.940246516613076,0.5994105037513398,19.19782547926378,4.0227836245268564,True
Brazil.regions.SE:Laranjeiras,10.83764082173625,0.6852220013253811,36.46859445012879,2.3088900443061267,True
Brazil.regions.SE:Macambira,1.1000662690523528,1.0,27.131760122665277,3.22040448280304,True
Brazil.regions.SE:Malhada dos Bois,1.2058570198105083,1.0,56.68880300797665,3.2204044828030396,True
Brazil.regions.SE:Malhador,7.334194659776056,1.0,62.82964037197628,3.2204044828030396,True
Brazil.regions.SE:Maruim,9.087126774351443,1.0,56.07842163297013,3.2204044828030405,True
Brazil.regions.SE:Moita Bonita,1.3271245634458673,1.0,17.310028366300333,3.2204044828030405,True
Brazil.regions.SE:Monte Alegre de Sergipe,0.0,1.0,3.4325128214348672,3.2204044828030396,True
Brazil.regions.SE:Muribeca,0.8449304174950298,0.9304174950298211,20.975404271230136,3.684794303173637,True
Brazil.regions.SE:Neópolis,1.4,0.0,9.600793230750034,2.1217612311774077,True
Brazil.regions.SE:Nossa Senhora Aparecida,0.0,1.0,8.148399519015967,3.2204044828030396,True
Brazil.regions.SE:Nossa Senhora da Glória,4.36046511627907,1.981355252606255,15.20760810747928,6.380765337518533,True
Brazil.regions.SE:Nossa Senhora das Dores,9.573055028463,1.0,36.48463524254526,3.2204044828030396,True
Brazil.regions.SE:Nossa Senhora de Lourdes,2.896804609743321,0.0,56.88764132536172,12.204553098563613,True
Brazil.regions.SE:Pacatuba,5.029270248596632,1.981355252606255,12.494968547983328,6.380765337518533,True
Brazil.regions.SE:Pedrinhas,0.0,1.0,7.194092496992837,3.2204044828030396,True
Brazil.regions.SE:Pinhão,0.18483412322274884,1.0,14.7971460528227,3.2204044828030405,True
Brazil.regions.SE:Pirambu,0.9333333333333332,1.0,17.612928850530295,3.2204044828030405,True
Brazil.regions.SE:Porto da Folha,10.243658210947933,0.414218958611482,36.57910597906218,1.4087310837958749,True
Brazil.regions.SE:Poço Redondo,6.525029103608848,0.26658905704307334,18.426012394227346,1.1113866741562342,True
Brazil.regions.SE:Poço Verde,4.609958506224066,1.0,20.42237411726467,3.22040448280304,True
Brazil.regions.SE:Propriá,5.628307939053729,1.981355252606255,18.036922574775033,6.380765337518533,True
Brazil.regions.SE:Riachuelo,2.982433311646064,1.0,35.7733614199294,3.22040448280304,True
Brazil.regions.SE:Riachão do Dantas,1.0057621791513882,0.0,6.907150069842192,1.828825509623115,True
Brazil.regions.SE:Ribeirópolis,2.457939011566772,0.45583596214511046,15.622755809218447,2.6330046450020355,True
Brazil.regions.SE:Rosário do Catete,4.424290220820189,0.0,47.60061678558359,5.991940058882818,True
Brazil.regions.SE:Salgado,6.774332472006892,1.0,35.655145432222916,3.2204044828030396,True
Brazil.regions.SE:Santa Luzia do Itanhy,1.2272012578616351,1.0,12.648503660137004,3.22040448280304,True
Brazil.regions.SE:Santa Rosa de Lima,0.0,1.0,22.33543502652484,3.22040448280304,True
Brazil.regions.SE:Santana do São Francisco,0.44813278008298757,1.0,15.39312739487032,3.22040448280304,True
Brazil.regions.SE:Santo Amaro das Brotas,5.546719681908549,1.0,50.8757753379584,3.22040448280304,True
Brazil.regions.SE:Simão Dias,9.44466720128308,0.7694466720128308,18.688943346287044,3.387215835015262,True
Brazil.regions.SE:Siriri,4.5,1.0,58.625991559027625,3.22040448280304,True
Brazil.regions.SE:São Cristóvão,92.78350515463916,0.7199949089983455,94.20248489787336,4.410861961819258,True
Brazil.regions.SE:São Domingos,3.1653888280394304,0.03614457831325301,34.18094981404019,5.666929572841139,True
Brazil.regions.SE:São Francisco,0.8333333333333334,1.0,46.00981392034768,3.2204044828030396,True
Brazil.regions.SE:São Miguel do Aleixo,1.0666666666666667,1.0,49.366533600318256,3.2204044828030405,True
Brazil.regions.SE:Telha,0.0,1.0,27.768129759527298,3.22040448280304,True
Brazil.regions.SE:Tobias Barreto,13.621603711066932,0.055666003976143144,24.862583327572093,1.4110235626753227,True
Brazil.regions.SE:Tomar do Geru,1.3355906696764483,1.2294958615500375,8.474667195488353,3.9594739841235276,True
Brazil.regions.SE:Umbaúba,24.940543601359003,1.4133635334088335,99.33571001612557,6.224536675074335,True
Brazil.regions.SP:Adamantina,1.58981555733761,1.9372493985565358,3.2392310861654394,6.254992969405953,True
Brazil.regions.SP:Adolfo,0.8532110091743119,1.0,48.80685574106872,3.22040448280304,True
Brazil.regions.SP:Aguaí,12.586531226486079,1.5662151993980435,33.73413363148025,3.7965453357285863,True
Brazil.regions.SP:Agudos,6.717121090617483,1.0100240577385726,16.37028773053456,3.7706422793477303,True
Brazil.regions.SP:Alambari,2.1013109329260526,1.7114674812269313,31.562162913681433,5.511617548714837,True
Brazil.regions.SP:Alfredo Marcondes,0.7142857142857143,0.2857142857142857,37.92903657062265,15.76542708915464,True
Brazil.regions.SP:Altair,0.0,1.0,20.8180570556585,3.2204044828030396,True
Brazil.regions.SP:Altinópolis,0.8695652173913044,1.0,8.33153086934293,3.2204044828030396,True
Brazil.regions.SP:Alto Alegre,0.0,0.048316251830161056,21.175789710902745,20.308252796514324,True
Brazil.regions.SP:Alumínio,7.327491785323112,0.06900328587075576,41.4837601367112,2.221867554939701,True
Brazil.regions.SP:Amparo,7.4603047313552535,1.2896952686447474,10.340170889215592,5.422721173848602,True
Brazil.regions.SP:Américo Brasiliense,7.570569366479551,1.981355252606255,13.68059774111906,6.380765337518533,True
Brazil.regions.SP:Américo de Campos,1.763678696158324,1.0,43.08012653006886,3.2204044828030405,True
Brazil.regions.SP:Andradina,16.84624697336562,0.7263922518159807,22.701730680414023,2.2212594860780417,True
Brazil.regions.SP:Angatuba,2.2440333286259007,0.5719531139669539,10.412243791579513,1.9617157375652239,True
Brazil.regions.SP:Anhembi,1.2370030581039755,1.0,30.04852856454936,3.22040448280304,True
Brazil.regions.SP:Anhumas,0.2,1.0,25.94119940541081,3.2204044828030396,True
Brazil.regions.SP:Aparecida,1.962999576331027,1.5719531139669543,6.900270948686308,5.062324854975376,True
Brazil.regions.SP:Apiaí,3.463680387409201,1.7736077481840196,10.885267052274074,5.711734342986021,True
Brazil.regions.SP:Arandu,5.80144694533762,0.7467845659163987,140.7957340053856,25.280690415105955,True
Brazil.regions.SP:Araçariguama,3.269847634322374,1.0942261427425821,8.43586697899626,3.168946896182277,True
Brazil.regions.SP:Araçoiaba da Serra,6.022453889334402,1.8520449077786687,15.693252333661775,6.002066969254062,True
Brazil.regions.SP:Arealva,0.4499771585198721,1.0662402923709455,7.1716239428446835,3.433725017296617,True
Brazil.regions.SP:Areiópolis,4.210684725357412,1.2294958615500375,49.803637834161364,3.9594739841235276,True
Brazil.regions.SP:Ariranha,0.0,1.0,7.12299642741624,3.2204044828030405,True
Brazil.regions.SP:Artur Nogueira,2.6684041700080194,1.981355252606255,13.434073268789003,6.380765337518533,True
Brazil.regions.SP:Arujá,34.05172413793103,0.3714915797914996,23.45329584104757,4.58852309400371,True
Brazil.regions.SP:Auriflama,0.332843857072932,1.0,3.743770426417141,3.2204044828030405,True
Brazil.regions.SP:Avanhandava,0.0,1.0,4.106139586359536,3.22040448280304,True
Brazil.regions.SP:Avaré,19.60244587008821,0.06375300721732156,11.245799228804385,4.265490674908713,True
Brazil.regions.SP:Avaí,2.36266064115238,1.5719531139669543,18.961065590190902,5.062324854975376,True
Brazil.regions.SP:Bady Bassitt,2.014234161988773,0.8757016840417001,26.14557050329873,2.86344302111242,True
Brazil.regions.SP:Bananal,1.5890570430733413,1.0,20.434753516953386,3.2204044828030405,True
Brazil.regions.SP:Barbosa,0.0,1.0,10.289457716602525,3.22040448280304,True
Brazil.regions.SP:Bariri,1.6428406732764584,1.4853585427715008,6.6105055769348136,4.916491270084484,True
Brazil.regions.SP:Barra Bonita,13.133186461045463,0.2068896455037052,35.56289527970683,1.1065349126681427,True
Brazil.regions.SP:Barra do Turvo,3.9434643143544514,1.770850040096231,16.96897566976347,5.061762389200439,True
Brazil.regions.SP:Barrinha,4.683972911963882,0.581640331075997,14.042394375469994,1.9850270425349599,True
Brazil.regions.SP:Barão de Antonina,0.0,1.0,25.606346742333887,3.2204044828030405,True
Brazil.regions.SP:Bastos,0.0,1.0,1.5521817816936907,3.2204044828030396,True
Brazil.regions.SP:Batatais,5.028067361668003,1.1994787489975942,18.803355499376906,5.129923039558815,True
Brazil.regions.SP:Bebedouro,2.365878107457899,1.6565757818765035,13.015295384259721,5.96167342215548,True
Brazil.regions.SP:Bernardino de Campos,0.0,1.0,5.74981439053747,3.22040448280304,True
Brazil.regions.SP:Bertioga,30.29383886255924,1.4786729857819907,46.28898580147567,0.8170286238070124,True
Brazil.regions.SP:Bilac,3.6331719128329296,1.7736077481840196,10.820207598050096,5.711734342986021,True
Brazil.regions.SP:Biritiba-Mirim,18.94130925507901,0.7121896162528217,57.792347526940056,2.3725476533755794,True
Brazil.regions.SP:Boa Esperança do Sul,7.666666666666667,1.0,54.85549625208048,3.2204044828030405,True
Brazil.regions.SP:Bocaina,6.798107255520504,1.0,60.72395779784441,3.2204044828030405,True
Brazil.regions.SP:Bofete,0.0,1.0,5.304744707307787,3.22040448280304,True
Brazil.regions.SP:Boituva,9.652766639935844,1.5513231756214916,8.016928035063467,5.675760047119393,True
Brazil.regions.SP:Bom Jesus dos Perdões,3.6089743589743586,1.1260683760683763,15.325839232309935,3.6263956462333375,True
Brazil.regions.SP:Boracéia,0.5333333333333333,1.0,28.57170278100234,3.2204044828030396,True
Brazil.regions.SP:Borborema,0.9653514920889245,1.1802523532946123,11.319913082840605,3.800889969388807,True
Brazil.regions.SP:Borebi,1.4935897435897432,1.1260683760683763,84.04409257289625,3.6263956462333375,True
Brazil.regions.SP:Brejo Alegre,0.0,1.0,31.68360947880254,3.22040448280304,True
Brazil.regions.SP:Brodowski,2.539093825180433,1.981355252606255,10.135998593388644,6.380765337518533,True
Brazil.regions.SP:Brotas,2.608695652173913,1.0,11.567513609947493,3.2204044828030396,True
Brazil.regions.SP:Buri,0.0,1.0,1.8102827090673694,3.22040448280304,True
Brazil.regions.SP:Buritama,3.7736077481840202,1.7736077481840196,34.11559133965208,5.711734342986021,True
Brazil.regions.SP:Bálsamo,0.0,1.0,7.807385548074771,3.2204044828030396,True
Brazil.regions.SP:Cabreúva,15.924942467693398,0.8955567357054347,29.21752282321862,2.8789409493056346,True
Brazil.regions.SP:Cachoeira Paulista,4.296311146752205,1.981355252606255,14.317485587572866,6.380765337518533,True
Brazil.regions.SP:Caconde,0.14195583596214512,1.0,2.213495951549735,3.2204044828030405,True
Brazil.regions.SP:Caiabu,5.918203688853248,0.981355252606255,16.888780760381927,17.47988844439509,True
Brazil.regions.SP:Caieiras,57.54731355252606,5.989975942261427,41.32066366217332,1.8586187696283425,True
Brazil.regions.SP:Cajamar,34.55092221331194,3.293504410585405,31.88382196373145,2.399098350705242,True
Brazil.regions.SP:Cajati,7.539879608728366,1.2294958615500375,26.99645845937995,3.9594739841235276,True
Brazil.regions.SP:Cajobi,1.525993883792049,0.7125382262996942,20.740835166144493,4.095741996052963,True
Brazil.regions.SP:Cajuru,3.100415033433249,1.3400968411344247,9.860315999856837,4.020389372482375,True
Brazil.regions.SP:Campina do Monte Alegre,0.34545454545454546,1.0,19.11449833018742,3.22040448280304,True
Brazil.regions.SP:Campo Limpo Paulista,26.88850706376479,1.6939035255186459,23.202938853849552,1.7088638946099945,True
Brazil.regions.SP:Campos do Jordão,2.5379204220707856,1.884809848318312,4.456810387881169,6.06985008475561,True
Brazil.regions.SP:Cananéia,6.109306595113686,0.6017511650896766,66.26251479143953,8.723449052874821,True
Brazil.regions.SP:Canas,0.0,1.0,16.2424215195325,3.2204044828030405,True
Brazil.regions.SP:Capela do Alto,9.916555407209614,1.315420560747664,52.296835870881345,4.236186270603064,True
Brazil.regions.SP:Capivari,0.9523809523809524,1.0,0.4164234594833028,3.22040448280304,True
Brazil.regions.SP:Cardoso,0.0,1.0,4.892527530826685,3.2204044828030396,True
Brazil.regions.SP:Casa Branca,1.9207161125319694,1.0,6.3935392714167385,3.2204044828030396,True
Brazil.regions.SP:Castilho,2.485681557846506,1.6134656993763523,7.717382377978519,5.045075694717983,True
Brazil.regions.SP:Catiguá,0.0,1.0,9.593537085623407,3.2204044828030396,True
Brazil.regions.SP:Caçapava,7.187048917401765,1.2756615878107458,11.948220000977178,5.632122004720395,True
Brazil.regions.SP:Cedral,5.918203688853248,1.981355252606255,17.04970049479322,6.380765337518533,True
Brazil.regions.SP:Cerqueira César,1.393399685699319,1.0,8.75557593100391,3.22040448280304,True
Brazil.regions.SP:Cerquilho,6.476550680786685,0.9531013615733737,12.053759812252398,0.8801123105960552,True
Brazil.regions.SP:Cesário Lange,3.642857142857143,0.5357142857142857,22.362894739464664,2.788358813855559,True
Brazil.regions.SP:Charqueada,21.839449541284406,0.77217125382263,129.64433979459315,7.049202120370506,True
Brazil.regions.SP:Chavantes,1.6889185580774366,1.315420560747664,6.413999447175248,4.236186270603064,True
Brazil.regions.SP:Colina,4.103575184016824,0.4085173501577287,24.725792158442385,2.6135211218232066,True
Brazil.regions.SP:Conchal,1.1000662690523526,1.0,4.2664627865458105,3.22040448280304,True
Brazil.regions.SP:Conchas,2.167396818077012,0.8406732764583813,3.2540221821357247,2.568657114347613,True
Brazil.regions.SP:Cordeirópolis,20.68896455037052,1.1802523532946123,85.85682885272243,3.800889969388807,True
Brazil.regions.SP:Coroados,5.483764082173625,0.6355202120609676,103.80772496872592,6.8893633944040955,True
Brazil.regions.SP:Cosmorama,0.9858044164037856,1.0,23.4991806434197,3.2204044828030405,True
Brazil.regions.SP:Cosmópolis,8.848580441640378,1.0,10.462322835227598,3.2204044828030405,True
Brazil.regions.SP:Cravinhos,3.6880513231756207,0.981355252606255,10.78881987421209,3.547261993984588,True
Brazil.regions.SP:Cruzeiro,5.452784503631961,0.6041162227602905,7.799114873510142,3.494700183524323,True
Brazil.regions.SP:Cândido Mota,1.8056872037914695,1.0,5.749183764612144,3.2204044828030405,True
Brazil.regions.SP:Cândido Rodrigues,1.0,1.0,68.38718592177986,3.2204044828030396,True
Brazil.regions.SP:Descalvado,1.8888888888888888,1.0,5.488850685078819,3.2204044828030396,True
Brazil.regions.SP:Divinolândia,0.0,1.0,5.751423975836831,3.22040448280304,True
Brazil.regions.SP:Dobrada,1.1055477668736233,1.1802523532946123,22.395725358860975,3.800889969388807,True
Brazil.regions.SP:Dois Córregos,1.042430591932949,0.34520691461498165,4.256917838020496,1.570987936005411,True
Brazil.regions.SP:Dolcinópolis,0.0,1.0,44.06091939426552,3.22040448280304,True
Brazil.regions.SP:Dourado,0.9333333333333332,1.0,18.568543261289523,3.2204044828030396,True
Brazil.regions.SP:Dracena,2.7766639935846027,0.67542101042502,6.534029867206898,3.003483082373331,True
Brazil.regions.SP:Duartina,3.2086037927962328,1.7114674812269313,9.8899309379419,5.511617548714837,True
Brazil.regions.SP:Dumont,1.6081718177056048,1.0,23.21019764230443,3.22040448280304,True
Brazil.regions.SP:Elias Fausto,1.2892040977147363,0.8140267927501971,6.516463953364548,2.3522187463736604,True
Brazil.regions.SP:Elisiário,0.0,1.0,24.169351748366505,3.2204044828030396,True
Brazil.regions.SP:Embu-Guaçu,30.906976744186043,2.300120288692863,32.27286116692639,1.6673213875201192,True
Brazil.regions.SP:Emilianópolis,2.792990142387733,1.0,114.7942234695222,3.2204044828030405,True
Brazil.regions.SP:Engenheiro Coelho,6.891648307630683,1.1802523532946123,35.98231201831213,3.800889969388807,True
Brazil.regions.SP:Espírito Santo do Pinhal,0.29157261098570353,1.2294958615500375,1.7916868464183389,3.9594739841235276,True
Brazil.regions.SP:Estiva Gerbi,5.918203688853248,1.981355252606255,17.477678048058994,6.380765337518533,True
Brazil.regions.SP:Estrela d'Oeste,0.7610654916883637,1.1802523532946123,6.56839878840794,3.800889969388807,True
Brazil.regions.SP:Euclides da Cunha Paulista,0.0,1.0,7.450815237611003,3.22040448280304,True
Brazil.regions.SP:Fartura,2.497136311569301,1.165457553773705,23.231429735980385,2.528903247698376,True
Brazil.regions.SP:Fernando Prestes,0.39430449069003287,1.0,20.889996532068704,3.2204044828030405,True
Brazil.regions.SP:Fernandópolis,12.615012106537531,1.7736077481840196,10.283918597351454,5.711734342986021,True
Brazil.regions.SP:Fernão,0.0,1.0,55.05465379225524,3.2204044828030396,True
Brazil.regions.SP:Flórida Paulista,0.6180871828236825,1.0,7.8321035965937,3.22040448280304,True
Brazil.regions.SP:Garça,2.4581226643218295,1.884809848318312,9.276042309776606,6.06985008475561,True
Brazil.regions.SP:Gastão Vidigal,2.176949941792782,0.21420256111757857,62.855925421372966,14.502774035445713,True
Brazil.regions.SP:Gavião Peixoto,1.0,1.0,38.54196761993239,3.2204044828030396,True
Brazil.regions.SP:General Salgado,0.9857612267250822,1.0,15.049548840640535,3.2204044828030405,True
Brazil.regions.SP:Getulina,0.0,1.0,5.544605596958551,3.22040448280304,True
Brazil.regions.SP:Guaimbê,1.0,1.0,31.47170306273034,3.2204044828030396,True
Brazil.regions.SP:Guaiçara,1.0,1.0,13.21615041529032,3.2204044828030405,True
Brazil.regions.SP:Guapiara,0.9857612267250822,1.0,8.353654074783263,3.2204044828030405,True
Brazil.regions.SP:Guapiaçu,10.575694080670509,0.9057097957045573,50.73547358501886,3.3393864294660323,True
Brazil.regions.SP:Guaraci,0.0,1.0,5.7177435329281,3.2204044828030396,True
Brazil.regions.SP:Guarani d'Oeste,0.0,1.0,46.779595517196974,3.22040448280304,True
Brazil.regions.SP:Guararapes,3.2173215717722536,1.8941459502806737,9.902959669676385,6.116005319528973,True
Brazil.regions.SP:Guararema,7.47814755412991,0.9498797113071371,26.033731820435627,3.077608534403798,True
Brazil.regions.SP:Guaraçaí,1.464454976303318,1.0,26.3897718514913,3.2204044828030405,True
Brazil.regions.SP:Guareí,1.7112922002328292,1.0,11.419402213918495,3.2204044828030405,True
Brazil.regions.SP:Guariba,2.9728199320498305,1.0,6.756443428274159,3.2204044828030396,True
Brazil.regions.SP:Guará,0.14195583596214512,0.0,1.737469387936315,1.4921308612120405,True
Brazil.regions.SP:Guaíra,2.781894652513519,1.1802523532946123,5.5224495542165615,3.800889969388807,True
Brazil.regions.SP:Guzolândia,2.0819542947202527,1.4081954294720254,11.953962214416704,4.534958873734462,True
Brazil.regions.SP:Gália,0.0,1.0,12.05143424657998,3.2204044828030405,True
Brazil.regions.SP:Herculândia,2.135815991237678,1.0,29.69809217096222,3.2204044828030405,True
Brazil.regions.SP:Holambra,6.213675213675213,1.1260683760683763,47.2288224834372,3.6263956462333375,True
Brazil.regions.SP:Iacanga,0.8852802514405449,1.0,12.87934147313671,3.22040448280304,True
Brazil.regions.SP:Iacri,1.0,1.0,28.420158719221956,3.22040448280304,True
Brazil.regions.SP:Ibaté,6.255798542080848,1.0,17.47809880236648,3.22040448280304,True
Brazil.regions.SP:Ibirarema,2.985781990521328,1.0,48.18914008731597,3.2204044828030405,True
Brazil.regions.SP:Ibirá,4.4917802726543705,1.981355252606255,12.904218173425228,6.380765337518533,True
Brazil.regions.SP:Ibitinga,5.798165137614679,1.0,8.32234002232369,0.8717834871355316,True
Brazil.regions.SP:Ibiúna,13.877305533279873,1.0711708099438653,11.088597824678018,5.226851137535788,True
Brazil.regions.SP:Iepê,2.5700655933214076,0.49344066785927254,10.8009198063781,7.446920949500518,True
Brazil.regions.SP:Igarapava,2.5750605326876514,1.7736077481840196,8.214417239368954,5.711734342986021,True
Brazil.regions.SP:Igaratá,10.830951857551112,1.884809848318312,154.13791730506148,6.06985008475561,True
Brazil.regions.SP:Igaraçu do Tietê,9.116495349975526,1.0,38.00432917448892,3.2204044828030405,True
Brazil.regions.SP:Ilha Comprida,9.324178027265438,1.1253007217321573,123.18343479862315,2.771627744959614,True
Brazil.regions.SP:Ilha Solteira,1.627813504823151,1.6444265809217578,8.022307963378564,5.295718732840904,True
Brazil.regions.SP:Ilhabela,8.878307939053729,1.981355252606255,22.916494714752258,6.380765337518533,True
Brazil.regions.SP:Indiana,5.733528550512446,1.0,134.62050750312216,3.2204044828030405,True
Brazil.regions.SP:Inúbia Paulista,0.0,1.0,21.83597236510475,3.2204044828030405,True
Brazil.regions.SP:Iperó,4.823428079242033,1.0,12.535805857714166,3.2204044828030396,True
Brazil.regions.SP:Ipeúna,0.0,1.0,10.031649585577558,3.22040448280304,True
Brazil.regions.SP:Ipiguá,1.5666178623718887,0.07759882869692533,44.38007516059253,14.386241397584541,True
Brazil.regions.SP:Ipuã,11.508731082654249,1.0,73.0105119816631,3.2204044828030405,True
Brazil.regions.SP:Iracemápolis,4.408580593424218,1.981355252606255,12.575292769134098,6.380765337518533,True
Brazil.regions.SP:Irapuru,6.667365112624412,0.03614457831325302,89.22431594912861,8.633512572467296,True
Brazil.regions.SP:Itaberá,0.0,1.0,2.475653844834234,3.2204044828030396,True
Brazil.regions.SP:Itajobi,8.57051282051282,0.1645299145299145,61.53094202761456,2.921540470701331,True
Brazil.regions.SP:Itanhaém,7.092622293504412,0.8265838011226944,10.566212774173252,5.037870826300946,True
Brazil.regions.SP:Itapira,10.561347233360065,0.9198075380914195,12.091763705969163,3.230310932952443,True
Brazil.regions.SP:Itaporanga,0.0,1.0,3.3806912990967555,3.2204044828030396,True
Brazil.regions.SP:Itapura,1.3514929282346777,1.0,44.71055614162986,3.22040448280304,True
Brazil.regions.SP:Itapuí,3.91828182294395,0.6333158721843898,31.93026606425206,3.4793319320012728,True
Brazil.regions.SP:Itararé,4.8356054530874095,1.981355252606255,18.15570224300683,6.380765337518533,True
Brazil.regions.SP:Itariri,13.792325056433407,1.217456734386757,84.32340873068968,3.9509797949914303,True
Brazil.regions.SP:Itatinga,4.526864474739375,1.810946271050521,12.248846662665144,5.557414216313848,True
Brazil.regions.SP:Itaí,0.1557322730284957,1.0,1.0403596573941791,3.22040448280304,True
Brazil.regions.SP:Itaóca,0.0,1.0,26.827672440273883,3.22040448280304,True
Brazil.regions.SP:Itirapina,1.6503104346084518,1.1802523532946123,13.116870302125324,3.800889969388807,True
Brazil.regions.SP:Itirapuã,0.0,1.0,12.166578129906608,3.22040448280304,True
Brazil.regions.SP:Itobi,0.0,1.0,9.533070839222212,3.22040448280304,True
Brazil.regions.SP:Itupeva,2.868885324779471,0.9649157979149959,14.658540301797922,4.721326536024282,True
Brazil.regions.SP:Ituverava,1.4390602055800292,1.0,2.885767080124221,3.2204044828030405,True
Brazil.regions.SP:Itápolis,3.494704992435703,1.0,7.233306110179083,3.2204044828030396,True
Brazil.regions.SP:Jaborandi,4.0715170826695,0.7291556027615507,85.90953661613847,6.693858217509906,True
Brazil.regions.SP:Jaboticabal,8.481555733761027,1.9827586206896555,12.161926310875327,1.8537845655823109,True
Brazil.regions.SP:Jaci,30.564354450681638,1.518243785084202,508.10912607842596,4.418055287600168,True
Brazil.regions.SP:Jacupiranga,6.520874751491054,1.0,38.87561450013133,3.22040448280304,True
Brazil.regions.SP:Jaguariúna,4.16700080192462,1.981355252606255,17.493714744945024,6.380765337518533,True
Brazil.regions.SP:Jales,3.97654370489174,1.981355252606255,15.171282420239448,6.380765337518533,True
Brazil.regions.SP:Jambeiro,1.0057621791513882,0.5547407019381876,27.16072516202259,7.096883674681524,True
Brazil.regions.SP:Jardinópolis,4.954364246747796,0.6642887117079311,6.2277838458464325,3.367985021590105,True
Brazil.regions.SP:Jarinu,7.254155818145404,2.2451432004806726,24.335384628016072,7.600373356983465,True
Brazil.regions.SP:Joanópolis,4.833600641539696,1.981355252606255,12.016556010651886,6.380765337518533,True
Brazil.regions.SP:José Bonifácio,4.038091419406577,1.7317562149157977,14.139234210972264,5.706446716174599,True
Brazil.regions.SP:Junqueirópolis,9.692133879395566,1.1129783928823613,52.83083009759445,2.970559216574929,True
Brazil.regions.SP:Juquitiba,6.457663451232583,0.5318863879957126,20.384561114040014,1.743032219697995,True
Brazil.regions.SP:Juquiá,1.6883637091928698,1.1802523532946123,12.664980423960696,3.800889969388807,True
Brazil.regions.SP:Laranjal Paulista,3.8498396150761827,0.7818765036086609,12.228142238250562,2.6289467120695487,True
Brazil.regions.SP:Lavrinhas,1.1616262767875027,0.18025235329461248,21.620308634802086,9.973214713806783,True
Brazil.regions.SP:Lavínia,1.7612231620039036,1.0,19.828202879499997,3.22040448280304,True
Brazil.regions.SP:Lençóis Paulista,3.1816359262229352,1.314755412991179,10.550831922099942,5.406659890337278,True
Brazil.regions.SP:Lindóia,1.8580441640378549,1.0,33.916425269110434,3.2204044828030405,True
Brazil.regions.SP:Lins,16.572630850818538,2.3692644685266315,12.88798661365716,1.4710438977248939,True
Brazil.regions.SP:Lorena,12.521791767554483,0.9576271186440678,5.077473665968259,4.791863500495151,True
Brazil.regions.SP:Louveira,0.8935445068163592,1.4069767441860466,8.27489427900582,5.205806744043626,True
Brazil.regions.SP:Lucélia,16.523702031602706,1.8747178329571106,78.8421044758667,10.314741744515587,True
Brazil.regions.SP:Luís Antônio,0.5038335158817087,1.0,6.8407015309904216,3.2204044828030405,True
Brazil.regions.SP:Macatuba,2.455484721916905,1.6243130358320512,6.4442633490363725,4.552068738334468,True
Brazil.regions.SP:Macaubal,0.0,1.0,9.09486645315755,3.2204044828030396,True
Brazil.regions.SP:Macedônia,0.0,1.0,23.821239649160187,3.2204044828030396,True
Brazil.regions.SP:Magda,2.890909090909091,1.0,121.52820375410273,3.22040448280304,True
Brazil.regions.SP:Mairinque,10.810468065483054,1.1925293982015217,17.631040818411186,4.542675803111627,True
Brazil.regions.SP:Manduri,1.5238095238095237,1.0,22.412436506527893,3.22040448280304,True
Brazil.regions.SP:Marapoama,0.0,1.0,29.77200726249554,3.2204044828030396,True
Brazil.regions.SP:Martinópolis,2.0128179451231722,0.6495093130382535,8.590715814278346,2.1868020420043175,True
Brazil.regions.SP:Matão,4.0705693664795515,1.981355252606255,17.22077420329538,6.380765337518533,True
Brazil.regions.SP:Mendonça,2.090909090909091,1.0,53.08030755561392,3.22040448280304,True
Brazil.regions.SP:Meridiano,0.0,1.0,22.848417206456606,3.22040448280304,True
Brazil.regions.SP:Miguelópolis,1.5492513790386133,1.4081954294720254,5.302053977190175,4.534958873734462,True
Brazil.regions.SP:Mineiros do Tietê,3.2642015005359055,0.6444265809217579,43.211965867461245,3.2002242157981478,True
Brazil.regions.SP:Miracatu,13.57750188111362,0.9454477050413845,72.45646359343233,6.99255740624994,True
Brazil.regions.SP:Mirandópolis,18.091410559495667,1.1812450748620964,61.69360246976781,4.216395221637749,True
Brazil.regions.SP:Mirassol,4.076182838813152,1.7317562149157977,9.95294463120335,5.9635430894400745,True
Brazil.regions.SP:Mococa,3.3502405773857262,0.4284282277465918,9.557670976426513,4.044898678310186,True
Brazil.regions.SP:Mogi Mirim,2.2324455205811136,1.6779661016949152,9.111424059789265,5.609102437407998,True
Brazil.regions.SP:Mongaguá,16.208554300207513,0.7886788102374914,21.207128012053783,3.8919133775916928,True
Brazil.regions.SP:Monte Alto,9.53869286287089,1.0100240577385726,13.316093725006114,4.457261050482052,True
Brazil.regions.SP:Monte Aprazível,2.2467986030267753,1.0,9.721751227432444,3.2204044828030405,True
Brazil.regions.SP:Monte Azul Paulista,2.4337606837606836,1.1260683760683763,16.09576966818225,3.6263956462333375,True
Brazil.regions.SP:Monte Mor,8.669491525423728,0.7542372881355933,7.563537405735161,2.8785511750926145,True
Brazil.regions.SP:Monteiro Lobato,0.0,1.0,18.27110637040994,3.2204044828030396,True
Brazil.regions.SP:Monções,0.0,1.0,41.04697046186274,3.2204044828030396,True
Brazil.regions.SP:Morungaba,6.825665859564165,1.7736077481840196,69.19939588783248,5.711734342986021,True
Brazil.regions.SP:Murutinga do Sul,0.6181818181818182,1.0,32.85141491491916,3.22040448280304,True
Brazil.regions.SP:Nazaré Paulista,7.371495327102805,0.3391188251001336,45.75616422529982,1.8445121696821305,True
Brazil.regions.SP:Neves Paulista,2.4091147197485596,1.0,34.95557222210803,3.22040448280304,True
Brazil.regions.SP:Nhandeara,3.7756513719160707,1.8264929674890478,10.84139326029691,5.90800515624257,True
Brazil.regions.SP:Nipoã,0.0,1.0,15.962407717465524,3.2204044828030405,True
Brazil.regions.SP:Nova Aliança,1.25,1.0,29.046912310542723,3.2204044828030396,True
Brazil.regions.SP:Nova Campina,0.0,1.0,7.030748771938118,3.2204044828030405,True
Brazil.regions.SP:Nova Europa,4.86090775988287,1.0,49.174622871772954,3.2204044828030405,True
Brazil.regions.SP:Nova Granada,5.513350559862189,0.34108527131782945,27.074249283997833,2.0411802590261834,True
Brazil.regions.SP:Nova Guataporanga,2.4067278287461775,1.0,143.8749249103825,3.22040448280304,True
Brazil.regions.SP:Nova Odessa,2.2714514835605453,0.8065356856455493,12.232252920879093,4.428394601053108,True
Brazil.regions.SP:Novo Horizonte,9.747634069400629,1.0,22.883417876400003,3.2204044828030405,True
Brazil.regions.SP:Nuporanga,0.7272727272727273,1.0,20.020617143579184,3.22040448280304,True
Brazil.regions.SP:Olímpia,6.104250200481154,1.6495589414595029,5.453631252289491,5.77498809522913,True
Brazil.regions.SP:Onda Verde,0.0,1.0,19.60543436677468,3.2204044828030396,True
Brazil.regions.SP:Oriente,0.0,1.0,12.128789684503175,3.2204044828030396,True
Brazil.regions.SP:Orlândia,4.683039294306336,1.6204891740176421,16.286680043188,5.561136740742362,True
Brazil.regions.SP:Osvaldo Cruz,0.9293948126801153,1.0,2.7349171343538266,3.220404482803041,True
Brazil.regions.SP:Ouroeste,0.0,1.0,6.431173550205357,3.22040448280304,True
Brazil.regions.SP:Pacaembu,5.061808718282369,0.0,39.477409972943725,3.823337152753768,True
Brazil.regions.SP:Palestina,0.0,1.0,4.497431436005327,3.22040448280304,True
Brazil.regions.SP:Palmares Paulista,0.25,1.0,6.195791374070783,3.22040448280304,True
Brazil.regions.SP:Palmeira d'Oeste,3.9,1.0,49.56425564862,3.2204044828030396,True
Brazil.regions.SP:Palmital,1.0759969902182092,1.2294958615500375,3.8927228864470123,3.9594739841235276,True
Brazil.regions.SP:Panorama,1.0,0.0,9.45627676204706,3.1179361396220098,True
Brazil.regions.SP:Paraibuna,1.5118912797281991,1.0,10.564532844209358,3.2204044828030396,True
Brazil.regions.SP:Paranapanema,1.9269535673839184,1.0,11.271616943071686,3.2204044828030396,True
Brazil.regions.SP:Parapuã,0.0,1.0,5.90035436433304,3.2204044828030396,True
Brazil.regions.SP:Pardinho,1.0,1.0,27.85962659722804,3.2204044828030405,True
Brazil.regions.SP:Pariquera-Açu,27.73556535685646,1.1794306335204492,154.09359603568555,3.1087335552891617,True
Brazil.regions.SP:Parisi,0.0,1.0,43.05446826129691,3.2204044828030396,True
Brazil.regions.SP:Patrocínio Paulista,2.14772132006286,1.0,18.23645523132689,3.22040448280304,True
Brazil.regions.SP:Paulistânia,2.2789389067524115,1.6350482315112544,118.69614236515915,5.746953932694771,True
Brazil.regions.SP:Paulínia,9.494787489975943,1.314755412991179,9.492330212442935,5.771575544040799,True
Brazil.regions.SP:Pederneiras,3.5024213075060535,0.5447941888619855,3.6692363726641752,3.0797092410903466,True
Brazil.regions.SP:Pedra Bela,4.420609462710505,1.9673215717722536,19.402766504392666,6.520701728697157,True
Brazil.regions.SP:Pedreira,3.4333821376281115,1.0,6.09116861398947,3.2204044828030405,True
Brazil.regions.SP:Pedrinhas Paulista,2.520874751491054,0.0,110.6132441266717,29.110665675619206,True
Brazil.regions.SP:Pedro de Toledo,1.4914529914529913,1.1260683760683763,19.979555667955363,3.6263956462333375,True
Brazil.regions.SP:Penápolis,4.244186046511628,0.493785084202085,18.062186354870775,4.034699180147628,True
Brazil.regions.SP:Pereira Barreto,4.295442640125721,0.020429544264012573,17.40931478996068,0.7273396543984412,True
Brazil.regions.SP:Peruíbe,22.024659182036892,1.2656375300721732,20.109166562490586,2.3907546566210667,True
Brazil.regions.SP:Piedade,36.87191074706962,0.7486230758367463,61.44583938573797,2.1604882226404585,True
Brazil.regions.SP:Pilar do Sul,3.8489739451233573,1.831219737145492,13.713889415349218,5.897268250500748,True
Brazil.regions.SP:Pindorama,3.737971130713713,1.981355252606255,14.456355753671954,6.380765337518533,True
Brazil.regions.SP:Pinhalzinho,0.6132478632478632,1.1260683760683763,3.6956828355010445,3.6263956462333375,True
Brazil.regions.SP:Piquerobi,2.1067297581493163,1.0,84.31500786118603,3.2204044828030405,True
Brazil.regions.SP:Piquete,0.7142857142857143,1.0,9.332028074022869,3.22040448280304,True
Brazil.regions.SP:Piracaia,2.5276823214967536,0.7759959271986763,9.853650925958771,2.491704284217646,True
Brazil.regions.SP:Piraju,23.150864639236737,0.5870602265951104,78.12936597242113,2.1141431242652686,True
Brazil.regions.SP:Pirajuí,5.118283881315157,1.9372493985565358,15.72365949076599,6.207746923703536,True
Brazil.regions.SP:Pirangi,1.981818181818182,1.0,22.896948427928166,3.22040448280304,True
Brazil.regions.SP:Pirapora do Bom Jesus,28.506410256410252,1.1260683760683763,154.21013057535282,3.6263956462333375,True
Brazil.regions.SP:Pirapozinho,2.1581980094290203,1.0,8.252687424884034,3.22040448280304,True
Brazil.regions.SP:Pirassununga,47.98532731376975,0.7121896162528217,58.862298765925466,3.282451322791464,True
Brazil.regions.SP:Piratininga,7.1089588377723985,1.3438256658595642,71.1905675402251,2.840916454369259,True
Brazil.regions.SP:Pitangueiras,1.0759969902182092,0.22949586155003762,4.167863264169702,1.4417872347088891,True
Brazil.regions.SP:Planalto,6.163636363636363,1.0,133.56852741783405,3.22040448280304,True
Brazil.regions.SP:Poloni,0.0,0.12863070539419086,13.2839691762166,11.989485750922741,True
Brazil.regions.SP:Pontal,2.8787180078395203,0.6356928752593959,9.647804502892523,3.5043480489713623,True
Brazil.regions.SP:Pontalinda,1.0,0.16666666666666666,39.99480727173456,15.85940190918864,True
Brazil.regions.SP:Pontes Gestal,0.0,1.0,35.58440731385974,3.2204044828030405,True
Brazil.regions.SP:Populina,2.4445699759920916,1.5719531139669543,74.02498932213994,5.062324854975376,True
Brazil.regions.SP:Porangaba,0.4656577415599535,1.0,11.546927925861478,3.2204044828030405,True
Brazil.regions.SP:Porto Feliz,1.9406575781876505,1.981355252606255,10.104198446159991,6.380765337518533,True
Brazil.regions.SP:Porto Ferreira,4.152566158781075,0.981355252606255,16.319104077668072,4.599821437251392,True
Brazil.regions.SP:Potim,0.0,1.0,0.8375430073564368,3.2204044828030396,True
Brazil.regions.SP:Potirendaba,3.2225063938618925,1.0,21.101388005313385,3.2204044828030396,True
Brazil.regions.SP:Pracinha,1.660662824207493,1.0,61.78479522908294,3.220404482803041,True
Brazil.regions.SP:Pradópolis,0.2692119432207538,0.22907488986784144,1.9131849247304769,1.8413885390895186,True
Brazil.regions.SP:Pratânia,2.138014527845036,1.7736077481840196,54.46005875044919,5.711734342986021,True
Brazil.regions.SP:Presidente Alves,1.2371794871794868,1.1260683760683763,58.27050757821028,3.6263956462333375,True
Brazil.regions.SP:Presidente Bernardes,3.196193265007321,1.0,28.79694074081455,3.2204044828030405,True
Brazil.regions.SP:Presidente Epitácio,3.0237825594563983,0.10815402038505097,6.090390644993494,1.2026533977013454,True
Brazil.regions.SP:Presidente Venceslau,11.031475541299118,3.5118283881315158,23.14441220198499,7.538651945546017,True
Brazil.regions.SP:Promissão,4.560946271050521,1.981355252606255,15.793188416242355,6.380765337518533,True
Brazil.regions.SP:Quadra,1.4000000000000001,1.0,59.87107816703924,3.2204044828030405,True
Brazil.regions.SP:Quatá,8.217957276368493,0.5877837116154874,68.8321483281045,8.192059460609503,True
Brazil.regions.SP:Quintana,1.8345153664302605,1.4081954294720254,38.54569651555745,4.534958873734462,True
Brazil.regions.SP:Regente Feijó,4.2376445846477395,1.0,22.873945269983047,3.2204044828030405,True
Brazil.regions.SP:Reginópolis,0.8067050811943426,1.0,15.558361562247814,3.22040448280304,True
Brazil.regions.SP:Registro,46.76822079314041,2.155680600214362,77.33079275270634,2.0847778039078593,True
Brazil.regions.SP:Ribeirão Bonito,0.0,1.0,4.344464266724156,3.22040448280304,True
Brazil.regions.SP:Ribeirão Branco,10.318086225026288,1.0,66.01376882159394,3.2204044828030405,True
Brazil.regions.SP:Ribeirão Grande,0.959079283887468,1.0,22.31171181965321,3.2204044828030396,True
Brazil.regions.SP:Ribeirão dos Índios,0.0,1.0,41.723415741916064,3.2204044828030396,True
Brazil.regions.SP:Rincão,3.124279455845054,0.9020059949273691,9.348956091880122,3.409283737819153,True
Brazil.regions.SP:Rinópolis,3.053268765133172,1.7736077481840196,8.390639551709992,5.711734342986021,True
Brazil.regions.SP:Rio Grande da Serra,18.88091419406576,1.3348035284683242,28.471364473939584,3.3719648437361966,True
Brazil.regions.SP:Rio das Pedras,1.562853907134768,1.0,4.119926370085524,3.2204044828030396,True
Brazil.regions.SP:Riolândia,0.0,1.0,4.768092082143435,3.22040448280304,True
Brazil.regions.SP:Rosana,3.0,1.0,20.81372397961359,3.22040448280304,True
Brazil.regions.SP:Roseira,0.45385779122541603,1.0,10.35183031205708,3.2204044828030396,True
Brazil.regions.SP:Rubiácea,0.0,1.0,28.748904980112563,3.2204044828030396,True
Brazil.regions.SP:Sagres,0.0,1.0,37.898016569828535,3.2204044828030396,True
Brazil.regions.SP:Sales,0.0,1.0,12.574888519882157,3.22040448280304,True
Brazil.regions.SP:Sales Oliveira,2.904761904761905,1.0,29.620318013091865,3.22040448280304,True
Brazil.regions.SP:Salesópolis,4.928517682468021,0.2878103837471783,34.183314404912835,4.893471026070859,True
Brazil.regions.SP:Saltinho,0.7701019252548131,1.0,18.142157975015124,3.2204044828030396,True
Brazil.regions.SP:Salto Grande,0.0,1.0,7.496560472721556,3.22040448280304,True
Brazil.regions.SP:Salto de Pirapora,3.3851242983159584,1.981355252606255,12.4291222398711,6.380765337518533,True
Brazil.regions.SP:Santa Adélia,0.4642857142857143,1.0,6.238805557802348,3.22040448280304,True
Brazil.regions.SP:Santa Branca,5.050721732157178,0.9945870088211709,12.73934400601341,2.6729201990519758,True
Brazil.regions.SP:Santa Clara d'Oeste,0.0,1.0,44.06091939426551,3.22040448280304,True
Brazil.regions.SP:Santa Cruz da Conceição,1.2179487179487178,1.1260683760683763,57.6782532222218,3.6263956462333375,True
Brazil.regions.SP:Santa Cruz da Esperança,1.0,1.0,90.28123179583186,3.2204044828030405,True
Brazil.regions.SP:Santa Cruz das Palmeiras,1.146919431279621,1.0,3.259952782219819,3.2204044828030405,True
Brazil.regions.SP:Santa Cruz do Rio Pardo,17.889735364875705,1.981355252606255,29.8073701371439,6.380765337518533,True
Brazil.regions.SP:Santa Fé do Sul,7.514439549681842,1.0,23.088082038923442,3.2204044828030405,True
Brazil.regions.SP:Santa Gertrudes,2.2909507445589923,1.7114674812269313,8.174538657409832,5.511617548714837,True
Brazil.regions.SP:Santa Isabel,8.28989574979952,1.8771050521251005,5.4533652157754435,1.7687165564019611,True
Brazil.regions.SP:Santa Lúcia,5.178428227746592,1.981355252606255,27.41166510637997,6.380765337518533,True
Brazil.regions.SP:Santa Maria da Serra,5.336391437308868,1.0,99.42646798291652,3.22040448280304,True
Brazil.regions.SP:Santa Rita do Passa Quatro,1.9413092550790068,0.22949586155003762,7.892619762868889,0.9600375984706273,True
Brazil.regions.SP:Santa Rosa de Viterbo,0.0,1.0,0.5474930303846008,3.22040448280304,True
Brazil.regions.SP:Santa Salete,4.0,1.0,320.4041909864526,3.2204044828030396,True
Brazil.regions.SP:Santo Anastácio,1.7338920900995287,0.00995285489785228,9.874202711849362,1.5857592755618535,True
Brazil.regions.SP:Santo Antônio da Alegria,2.9595391211146844,0.6444265809217579,10.103220863892638,9.136378250850825,True
Brazil.regions.SP:Santo Antônio de Posse,10.055205047318612,1.0,44.358308531847086,3.2204044828030405,True
Brazil.regions.SP:Santo Antônio do Aracanguá,2.132478632478632,1.1260683760683763,39.290752243938115,3.6263956462333375,True
Brazil.regions.SP:Santo Antônio do Jardim,4.931685100845804,0.4339622641509434,96.4048071538413,9.081511658456135,True
Brazil.regions.SP:Santo Antônio do Pinhal,3.403846153846154,0.24999999999999997,68.46632518978836,10.03437567145508,True
Brazil.regions.SP:Santo Expedito,1.3253012048192772,1.0,71.52408940402682,3.2204044828030405,True
Brazil.regions.SP:Santópolis do Aguapeí,0.0,1.0,17.713235877255574,3.2204044828030405,True
Brazil.regions.SP:Sarapuí,1.8176670441676106,1.0,24.17548316102399,3.2204044828030396,True
Brazil.regions.SP:Sarutaiá,0.0,1.0,24.26722608344215,3.22040448280304,True
Brazil.regions.SP:Serra Azul,0.18867924528301888,1.0,4.886806302103649,3.22040448280304,True
Brazil.regions.SP:Serra Negra,1.6062487482475465,1.1802523532946123,5.849113328733199,3.800889969388807,True
Brazil.regions.SP:Serrana,16.394577037141648,1.5257731958762888,32.71690069759672,2.1211781575733215,True
Brazil.regions.SP:Sete Barras,0.990521327014218,1.0,12.291762965873849,3.2204044828030405,True
Brazil.regions.SP:Severínia,4.7851662404092075,1.0,29.84524618254451,3.2204044828030396,True
Brazil.regions.SP:Silveiras,0.0,1.0,12.647573936746307,3.2204044828030396,True
Brazil.regions.SP:Socorro,4.346153846153847,0.9401709401709402,9.36810762876642,3.1730425529582837,True
Brazil.regions.SP:Sud Mennucci,1.4549763033175356,1.0,28.58804723159883,3.2204044828030405,True
Brazil.regions.SP:São Bento do Sapucaí,0.0,1.0,5.972461852920438,3.22040448280304,True
Brazil.regions.SP:São Joaquim da Barra,2.298332696958126,1.7114674812269313,5.268846847640702,5.511617548714837,True
Brazil.regions.SP:São José do Rio Pardo,3.7820769847634326,1.981355252606255,16.428573641062922,6.380765337518533,True
Brazil.regions.SP:São João da Boa Vista,16.65697674418605,0.8897353648757018,8.993698864154945,4.810299219570017,True
Brazil.regions.SP:São João das Duas Pontes,0.9846547314578006,0.0,74.06365826866896,35.72040548604432,True
Brazil.regions.SP:São João do Pau d'Alho,0.0,1.0,44.28553375947725,3.2204044828030396,True
Brazil.regions.SP:São Lourenço da Serra,13.208277703604809,0.01134846461949266,91.94678211049434,4.07748898811882,True
Brazil.regions.SP:São Luiz do Paraitinga,0.0,0.0,6.136758425403192,6.136758425403192,True
Brazil.regions.SP:São Manuel,4.9087810745789895,1.0040096230954292,8.258392600549547,3.994318031978595,True
Brazil.regions.SP:São Miguel Arcanjo,4.054731355252606,1.981355252606255,11.453236082455728,6.380765337518533,True
Brazil.regions.SP:São Pedro,9.963913392141139,1.981355252606255,25.704653699071923,6.380765337518533,True
Brazil.regions.SP:São Pedro do Turvo,2.2910662824207493,1.0,39.710280130042634,3.220404482803041,True
Brazil.regions.SP:São Roque,17.76764234161989,0.6792301523656776,10.184649265709755,4.950110177721819,True
Brazil.regions.SP:São Sebastião,24.1214915797915,0.5940256615878107,13.36039886781333,4.476892829293353,True
Brazil.regions.SP:São Sebastião da Grama,2.229119638826185,0.4074492099322799,27.666160357550016,3.9347329756013467,True
Brazil.regions.SP:São Simão,0.0,1.0,3.306158629062252,3.2204044828030396,True
Brazil.regions.SP:Tabapuã,0.2847754654983571,1.0,7.134842277077326,3.2204044828030405,True
Brazil.regions.SP:Tabatinga,2.0429544264012574,1.0,15.226215463858315,3.22040448280304,True
Brazil.regions.SP:Taguaí,0.8978529603122967,1.0,10.473606342742068,3.22040448280304,True
Brazil.regions.SP:Taiaçu,1.2889143438971618,1.7114674812269313,61.323541563352414,5.511617548714837,True
Brazil.regions.SP:Taiúva,0.0,1.0,14.745819017017297,3.2204044828030405,True
Brazil.regions.SP:Tambaú,8.723785166240408,1.0,38.679820303857916,3.2204044828030396,True
Brazil.regions.SP:Tanabi,4.545910184442662,1.981355252606255,13.596994078068775,6.380765337518533,True
Brazil.regions.SP:Tapiratiba,0.5185961236249345,1.0,8.49715819948812,3.22040448280304,True
Brazil.regions.SP:Tapiraí,5.6926658905704315,1.0,82.50607035478413,3.2204044828030405,True
Brazil.regions.SP:Taquaritinga,0.8422778771615981,1.4934406678592727,6.187216841102256,4.809483021574367,True
Brazil.regions.SP:Taquarituba,1.5350939132890835,1.5719531139669543,5.305925189819041,5.062324854975376,True
Brazil.regions.SP:Taquarivaí,0.9238776837996096,1.0,29.6551540236838,3.22040448280304,True
Brazil.regions.SP:Tarabai,2.2710069199265646,1.5719531139669543,26.677869353422167,5.062324854975376,True
Brazil.regions.SP:Tarumã,0.0,1.0,3.446262183863627,3.22040448280304,True
Brazil.regions.SP:Tejupá,0.7857142857142857,1.0,36.18194074478491,3.22040448280304,True
Brazil.regions.SP:Terra Roxa,5.27766639935846,1.981355252606255,12.943711177460036,6.380765337518533,True
Brazil.regions.SP:Tietê,5.755467196819086,1.0,12.962474106739654,3.22040448280304,True
Brazil.regions.SP:Timburi,0.2201834862385321,1.0,42.68567099644948,3.22040448280304,True
Brazil.regions.SP:Torre de Pedra,1.885280251440545,0.8061812467260345,116.40149648902718,10.007658288580881,True
Brazil.regions.SP:Torrinha,8.755893137768465,1.0,94.24106542497385,3.22040448280304,True
Brazil.regions.SP:Trabiju,0.0,1.0,54.78423588842665,3.2204044828030396,True
Brazil.regions.SP:Tremembé,3.6572890025575444,1.0,6.683662922675407,3.2204044828030396,True
Brazil.regions.SP:Três Fronteiras,2.0,1.0,48.44138301504439,3.2204044828030405,True
Brazil.regions.SP:Tuiuti,1.036324786324786,1.1260683760683763,29.58037686652603,3.6263956462333375,True
Brazil.regions.SP:Tupi Paulista,23.88275499474238,1.0,157.8242849708188,3.2204044828030405,True
Brazil.regions.SP:Tupã,3.2738572574178026,1.1603849238171613,15.668637099457003,5.127834611694265,True
Brazil.regions.SP:Ubatuba,22.513079797757754,1.4726313475489121,13.074910234123465,5.6159040052069376,True
Brazil.regions.SP:Ubirajara,3.1489915419648664,1.0,83.57858175077158,3.22040448280304,True
Brazil.regions.SP:Uchoa,4.687203791469195,0.018957345971563982,53.03284765833637,6.605382155441254,True
Brazil.regions.SP:União Paulista,0.08731082654249127,1.0,55.74439088284183,3.2204044828030405,True
Brazil.regions.SP:Uru,1.9277108433734935,0.11471974855945521,248.08524730891318,73.50820465594562,True
Brazil.regions.SP:Urupês,1.966717095310136,1.0,18.263534218841798,3.2204044828030396,True
Brazil.regions.SP:Urânia,0.0,1.0,7.75172630499595,3.22040448280304,True
Brazil.regions.SP:Valentim Gentil,2.311111111111111,1.0,21.62659470008088,3.2204044828030396,True
Brazil.regions.SP:Valparaíso,3.7042459736456808,1.0,14.544874873864938,3.2204044828030405,True
Brazil.regions.SP:Vargem,0.8238958097395244,1.0,14.089036626995997,3.2204044828030396,True
Brazil.regions.SP:Vargem Grande Paulista,3.2638331996792305,0.6170809943865276,10.296915828141465,2.4952928662980187,True
Brazil.regions.SP:Vargem Grande do Sul,4.890656063618291,1.0,10.703404939181835,3.22040448280304,True
Brazil.regions.SP:Vinhedo,18.62870890136327,0.7082999198075381,14.231648371992778,4.692433287758952,True
Brazil.regions.SP:Viradouro,0.4229017566688354,0.0,4.308972999834463,2.071160762196431,True
Brazil.regions.SP:Vista Alegre do Alto,1.4702937249666224,1.315420560747664,6.399265065014241,4.236186270603064,True
Brazil.regions.SP:Votuporanga,8.771050521251004,1.8520449077786687,9.94039966969066,6.2439970161253795,True
Brazil.regions.SP:Zacarias,0.0,1.0,33.57135416326024,3.2204044828030396,True
Brazil.regions.SP:Águas da Prata,0.0,1.0,9.004534392502581,3.2204044828030396,True
Brazil.regions.SP:Águas de Lindóia,4.150962309542903,1.0100240577385726,11.250967654876701,2.8286421287386183,True
Brazil.regions.SP:Águas de Santa Bárbara,0.0,1.0,13.240500866991198,3.22040448280304,True
Brazil.regions.SP:Águas de São Pedro,5.244587008821171,1.981355252606255,26.2171572569734,6.380765337518533,True
Brazil.regions.SP:Álvares Machado,3.4779179810725553,0.8606729758149316,14.864980210516178,2.882235145010592,True
Brazil.regions.SP:Álvaro de Carvalho,0.0,0.6877033181522446,15.911028461524493,7.183644241935308,True
Brazil.regions.TO:Aguiarnópolis,4.621016365202411,0.009043927648578812,80.26416948426083,11.555743727649848,True
Brazil.regions.TO:Alvorada,2.9941434846266475,1.0,44.26109200586372,3.2204044828030405,True
Brazil.regions.TO:Angico,0.0,1.0,25.908637171726525,3.2204044828030405,True
Brazil.regions.TO:Aragominas,1.8888888888888888,1.0,46.95133724850798,3.2204044828030396,True
Brazil.regions.TO:Araguanã,0.0,1.0,14.234648755109337,3.22040448280304,True
Brazil.regions.TO:Augustinópolis,9.161947904869763,0.9575311438278596,51.97157848955065,7.120979683361603,True
Brazil.regions.TO:Aurora do Tocantins,0.8713692946058091,1.0,46.5897976626803,3.22040448280304,True
Brazil.regions.TO:Axixá do Tocantins,18.591782637508285,0.7349237905897946,197.597375729459,10.23964096900179,True
Brazil.regions.TO:Barra do Ouro,0.0,1.0,18.56134241329803,3.22040448280304,True
Brazil.regions.TO:Barrolândia,3.4516880093131546,0.6158323632130385,75.82235136437657,7.567212447122008,True
Brazil.regions.TO:Buriti do Tocantins,2.113910186199343,1.0,24.219762825968047,3.2204044828030405,True
Brazil.regions.TO:Cachoeirinha,2.8000000000000003,1.0,163.812562550164,3.2204044828030405,True
Brazil.regions.TO:Cariri do Tocantins,19.654869202022425,1.7067487359859312,557.8436210503843,6.692743993653859,True
Brazil.regions.TO:Colinas do Tocantins,21.738472622478387,0.8378962536023055,60.96905075228726,2.7627945392684468,True
Brazil.regions.TO:Colméia,0.0,1.0,8.967285949859967,3.2204044828030396,True
Brazil.regions.TO:Crixás do Tocantins,0.0,1.0,54.85160480871845,3.2204044828030396,True
Brazil.regions.TO:Esperantina,2.6888888888888887,1.0,30.32714816260336,3.2204044828030396,True
Brazil.regions.TO:Fátima,1.6239813736903377,1.0,65.20153485723183,3.2204044828030405,True
Brazil.regions.TO:Ipueiras,1.0,1.0,96.03517864374784,3.22040448280304,True
Brazil.regions.TO:Itaguatins,16.2,1.0,290.0947387641274,3.22040448280304,True
Brazil.regions.TO:Lajeado,0.0,1.0,28.687700175780243,3.2204044828030396,True
Brazil.regions.TO:Luzinópolis,1.0,1.0,61.1296598672613,3.22040448280304,True
Brazil.regions.TO:Maurilândia do Tocantins,8.847730600292826,1.0,284.22065215154686,3.2204044828030405,True
Brazil.regions.TO:Miranorte,6.6635071090047395,0.1137440758293839,53.82520448701042,4.909954192107478,True
Brazil.regions.TO:Nazaré,0.0,1.0,22.433777148802914,3.22040448280304,True
Brazil.regions.TO:Nova Rosalândia,0.09108653220559532,1.0,22.39195542812643,3.22040448280304,True
Brazil.regions.TO:Oliveira de Fátima,3.6,1.0,410.4486602653984,3.2204044828030396,True
Brazil.regions.TO:Palmeiras do Tocantins,1.8800931315483118,1.0,40.037227411884736,3.2204044828030405,True
Brazil.regions.TO:Paraíso do Tocantins,19.587821499230603,0.056935590239613115,31.636291728596323,2.503405344884583,True
Brazil.regions.TO:Pequizeiro,0.5,1.0,24.166851314166106,3.2204044828030396,True
Brazil.regions.TO:Praia Norte,12.130434782608695,1.0,152.50107064301167,3.2204044828030396,True
Brazil.regions.TO:Presidente Kennedy,1.6444444444444444,1.0,68.56147511666613,3.2204044828030396,True
Brazil.regions.TO:Pugmil,3.7178423236514524,1.0,172.29456291494444,3.22040448280304,True
Brazil.regions.TO:Riachinho,2.0,1.0,61.36517140524864,3.22040448280304,True
Brazil.regions.TO:Sampaio,3.0434782608695654,1.0,82.61016781330319,3.22040448280304,True
Brazil.regions.TO:Santa Tereza do Tocantins,1.0,1.0,66.56326613827163,3.22040448280304,True
Brazil.regions.TO:Silvanópolis,0.0,1.0,15.28783168229043,3.2204044828030396,True
Brazil.regions.TO:São Bento do Tocantins,3.2447817836812147,1.0,76.50878003412436,3.2204044828030396,True
Brazil.regions.TO:São Miguel do Tocantins,25.29048697621744,1.3567383918459794,213.3582838458685,13.148461984298066,True
Brazil.regions.TO:São Sebastião do Tocantins,2.8,1.0,75.86388271802943,3.2204044828030396,True
Brazil.regions.TO:Sítio Novo do Tocantins,19.660256410256412,0.20940170940170938,230.4177613783891,7.062810099608367,True
Brazil.regions.TO:Tabocão,6.313703284258211,1.0,279.27103175737506,3.2204044828030396,True
Brazil.regions.TO:Tocantinópolis,4.557877813504823,1.0093783494105038,24.49143250658995,2.605385724447812,True
Brazil.regions.TO:Xambioá,20.07969639468691,0.6299810246679317,179.4459420916069,4.043586548104596,True
British_Virgin_Islands,3.8909382518043305,1.2896952686447474,12.360765899543042,4.08861923646808,True
Cayman_Islands,47.65076182838813,0.9857658380112271,62.768073483265056,4.829374720453946,True
Dominica,9.267040898155575,1.981355252606255,15.866599489086216,6.380765337518533,True
Gibraltar,114.36186848436249,1.981355252606255,337.409986661495,6.380765337518533,True
Isle_of_Man,238.41479550922216,8.108059342421813,269.5489651294346,7.044177863104099,True
Liechtenstein,55.06415396952687,1.48616680032077,141.26086646345587,5.074544149743578,True
Monaco,38.13452285485164,1.3317963111467523,94.35257058943296,4.701537424123408,True
Northern_Mariana_Islands,7.513231756214916,0.7756615878107458,14.558851005903794,3.1763613019706627,True
Saint_Kitts_and_Nevis,7.980753809141942,1.981355252606255,15.271378393267652,6.380765337518533,True
San_Marino,192.52285485164396,19.681435445068168,568.0517614703241,57.77722630340714,True
Seychelles,5.656174819566961,1.981355252606255,16.12362918077245,6.380765337518533,True
Sint_Maarten,14.254210104250202,2.46952686447474,29.672466021900046,5.636035655707678,True
Turks_and_Caicos_islands,5.630312750601444,1.0671611868484363,17.910454740893226,3.4746871832880717,True
United_States_of_America.regions.Alabama:Dale,23.11487570168404,1.981355252606255,38.829594688053525,6.380765337518533,True
United_States_of_America.regions.Colorado:Broomfield,91.75060144346433,2.2540096230954294,117.79689226137691,2.5096068160650953,True
United_States_of_America.regions.Colorado:Clear Creek,3.8933440256615874,1.770850040096231,67.12691359142556,4.483450587394653,True
United_States_of_America.regions.Colorado:Gilpin,4.947874899759422,1.981355252606255,15.206579883739929,6.380765337518533,True
United_States_of_America.regions.Colorado:Lake,9.067361668003208,1.981355252606255,174.417587880585,6.380765337518533,True
United_States_of_America.regions.Colorado:San Juan,0.16238868517548455,1.0,156.4483709533899,3.22040448280304,True
United_States_of_America.regions.Florida:Bradford,27.752606255012026,0.6902566158781075,100.66236074277789,2.16350937967876,True
United_States_of_America.regions.Florida:Gadsden,60.80092221331195,1.981355252606255,126.14094260194494,6.380765337518533,True
United_States_of_America.regions.Florida:Gilchrist,4.156375300721733,1.981355252606255,15.202719362261183,6.380765337518533,True
United_States_of_America.regions.Florida:Holmes,4.04270248596632,1.981355252606255,21.287808340392093,6.380765337518533,True
United_States_of_America.regions.Florida:Union,3.6678027265437048,1.981355252606255,9.895463347310253,6.380765337518533,True
United_States_of_America.regions.Georgia:Atkinson,7.166599839615077,0.9779470729751404,150.22277233657627,7.739381262441843,True
United_States_of_America.regions.Georgia:Bacon,17.266038492381718,1.1603849238171613,194.34762077225002,2.683439384933861,True
United_States_of_America.regions.Georgia:Baker,11.04811547714515,0.6976744186046512,569.1069968214947,55.7367168831422,True
United_States_of_America.regions.Georgia:Baldwin,117.26102646351242,2.0705693664795515,254.35063740324816,3.2796697300092217,True
United_States_of_America.regions.Georgia:Banks,15.731154771451484,1.981355252606255,95.47746666507635,6.380765337518533,True
United_States_of_America.regions.Georgia:Barrow,85.57117080994388,1.171812349639134,88.88232763243231,2.8126870487008593,True
United_States_of_America.regions.Georgia:Bartow,179.02305533279872,11.738773055332798,150.31479015126547,7.372278375101953,True
United_States_of_America.regions.Georgia:Ben Hill,11.619286287089015,1.981355252606255,88.7235198151507,6.380765337518533,True
United_States_of_America.regions.Georgia:Berrien,7.830994386527667,1.981355252606255,51.96073052035585,6.380765337518533,True
United_States_of_America.regions.Georgia:Bleckley,7.698476343223737,1.981355252606255,91.26583582418642,6.380765337518533,True
United_States_of_America.regions.Georgia:Brantley,18.466319165998396,0.7411788291900562,110.56125176944559,3.7047482126272584,True
United_States_of_America.regions.Georgia:Bryan,32.69005613472334,0.5960304731355253,77.67329439379489,1.9585779552275921,True
United_States_of_America.regions.Georgia:Butts,77.13813151563754,3.1902566158781074,314.80887265972615,13.246191359219335,True
United_States_of_America.regions.Georgia:Calhoun,70.30773857257418,1.1202886928628708,1225.5141269718808,42.99287082492826,True
United_States_of_America.regions.Georgia:Candler,4.219125902165197,1.981355252606255,37.31561797757542,6.380765337518533,True
United_States_of_America.regions.Georgia:Catoosa,24.31936647955093,1.981355252606255,24.02255249864698,6.380765337518533,True
United_States_of_America.regions.Georgia:Chattahoochee,3.697874899759423,1.981355252606255,56.83776144705244,6.380765337518533,True
United_States_of_America.regions.Georgia:Chattooga,4.339414595028067,0.8596631916599841,20.154147581468646,2.3223298223541464,True
United_States_of_America.regions.Georgia:Clay,14.784081796311147,0.4055733761026464,743.5034187549388,75.55540716203566,True
United_States_of_America.regions.Georgia:Cook,13.714915797914996,1.0110264635124298,97.19435239822084,2.911312756145895,True
United_States_of_America.regions.Georgia:Crawford,9.727145148356056,1.981355252606255,109.10168569773188,6.380765337518533,True
United_States_of_America.regions.Georgia:Crisp,115.54731355252605,0.6281074578989575,525.1259015854705,4.738124814313866,True
United_States_of_America.regions.Georgia:Dade,6.565757818765037,0.9989975942261429,57.05967176079113,2.6547199117229696,True
United_States_of_America.regions.Georgia:Dawson,32.571170809943865,1.3177626303127505,128.9745099074369,4.14836490603971,True
United_States_of_America.regions.Georgia:Dooly,98.8504410585405,5.985966319165999,767.6283135899351,52.928797850452085,True
United_States_of_America.regions.Georgia:Dougherty,1057.8031275060143,69.09442662389735,1188.2364473887844,74.49105837281968,True
United_States_of_America.regions.Georgia:Early,137.1818364073777,7.713512429831596,1391.8524807855783,88.76023252742603,True
United_States_of_America.regions.Georgia:Echols,2.2902967121090616,1.981355252606255,175.70948860001775,6.380765337518533,True
United_States_of_America.regions.Georgia:Effingham,17.28588612670409,1.1423416198877305,17.57536884235621,5.075841807721151,True
United_States_of_America.regions.Georgia:Elbert,20.59983961507618,1.981355252606255,121.0885305181541,6.380765337518533,True
United_States_of_America.regions.Georgia:Evans,4.563470415442719,1.9347461183382293,24.411486342706485,6.230665072582213,True
United_States_of_America.regions.Georgia:Fannin,13.410986367281474,1.5633520449077787,55.34846904167257,4.818178511396564,True
United_States_of_America.regions.Georgia:Franklin,7.812550120288693,1.6204891740176421,40.810027812747826,4.8352341430836,True
United_States_of_America.regions.Georgia:Gilmer,46.934643143544506,1.9372493985565358,149.39827857900278,6.240162021984983,True
United_States_of_America.regions.Georgia:Glascock,0.0,1.0,30.438296291347076,3.2204044828030405,True
United_States_of_America.regions.Georgia:Glynn,34.175421010425026,1.6204891740176421,26.19472980422003,5.957670465093673,True
United_States_of_America.regions.Georgia:Gordon,33.6874498797113,2.2941058540497195,47.775023259221264,2.406710172057386,True
United_States_of_America.regions.Georgia:Grady,49.16960705693665,1.0290697674418605,205.41437361535822,5.6509002494784,True
United_States_of_America.regions.Georgia:Greene,35.469927826784286,0.8215717722534083,209.04634175214795,4.165914080342691,True
United_States_of_America.regions.Georgia:Habersham,194.01964715316763,4.195669607056937,421.0537856084902,7.6484289120880256,True
United_States_of_America.regions.Georgia:Hancock,86.09863672814755,1.474137931034483,1077.6004535938296,30.3630332651537,True
United_States_of_America.regions.Georgia:Haralson,16.904370489174017,0.9899759422614275,57.68357648948666,3.1172644180829656,True
United_States_of_America.regions.Georgia:Harris,34.34041700080193,0.6381315156375301,94.83014896604368,2.5065900344185263,True
United_States_of_America.regions.Georgia:Hart,2.6196872493985564,1.981355252606255,11.614700864796674,6.380765337518533,True
United_States_of_America.regions.Georgia:Heard,2.370689655172414,1.019045709703288,31.297127255659657,2.9419578900010577,True
United_States_of_America.regions.Georgia:Irwin,7.14214113873296,1.4250200481154773,124.27665343986966,2.572430440358276,True
United_States_of_America.regions.Georgia:Jackson,61.06575781876503,0.6401363271852446,70.91825044130302,4.542900084875906,True
United_States_of_America.regions.Georgia:Jasper,9.358660785886126,1.981355252606255,92.19322437265409,6.380765337518533,True
United_States_of_America.regions.Georgia:Jeff Davis,11.587810745789897,1.0942261427425821,100.1553488750619,2.6269616414778554,True
United_States_of_America.regions.Georgia:Jenkins,7.738572574178028,1.0551323175621492,138.61387587388353,4.770109458152908,True
United_States_of_America.regions.Georgia:Johnson,38.43424218123497,0.5138331996792301,448.0352790773762,10.385389219537268,True
United_States_of_America.regions.Georgia:Jones,14.332197273456295,1.981355252606255,51.673608142800624,6.380765337518533,True
United_States_of_America.regions.Georgia:Lamar,17.071571772253407,1.689655172413793,103.47293400122443,4.985282774179187,True
United_States_of_America.regions.Georgia:Lanier,4.119887730553328,0.7925020048115478,58.944016736892536,5.676399471106811,True
United_States_of_America.regions.Georgia:Lee,177.43083400160384,9.624699278267844,592.381287649482,32.29390344110814,True
United_States_of_America.regions.Georgia:Liberty,21.488572574178026,1.981355252606255,25.322586082535622,6.380765337518533,True
United_States_of_America.regions.Georgia:Lincoln,3.934442662389735,1.981355252606255,87.5739321290166,6.380765337518533,True
United_States_of_America.regions.Georgia:Long,4.169005613472334,1.981355252606255,9.646153514209681,6.380765337518533,True
United_States_of_America.regions.Georgia:Lumpkin,18.569767441860467,1.4831595829991981,53.55939710563615,4.8984812863222915,True
United_States_of_America.regions.Georgia:Macon,47.338612670408985,0.5148356054530874,396.7892222626484,8.968876588159235,True
United_States_of_America.regions.Georgia:Madison,10.30693664795509,1.0170408981555734,35.36831118493011,3.2491994262091333,True
United_States_of_America.regions.Georgia:Marion,27.795910184442665,1.0942261427425821,393.010858267907,4.959076207942245,True
United_States_of_America.regions.Georgia:McDuffie,30.10024057738573,1.2345629510825984,151.41824098062085,8.603897559516835,True
United_States_of_America.regions.Georgia:McIntosh,3.897353648757017,1.981355252606255,14.346069893480081,6.380765337518533,True
United_States_of_America.regions.Georgia:Miller,13.387129109863675,1.981355252606255,332.8330866794648,6.380765337518533,True
United_States_of_America.regions.Georgia:Monroe,8.387129109863674,0.7684442662389736,33.21892797961157,2.630041750006567,True
United_States_of_America.regions.Georgia:Montgomery,2.717121090617482,1.981355252606255,32.43323067139095,6.380765337518533,True
United_States_of_America.regions.Georgia:Morgan,13.173616680032076,1.981355252606255,81.95289734897759,6.380765337518533,True
United_States_of_America.regions.Georgia:Murray,19.82758620689655,1.5854049719326384,44.42497004472557,5.39325964948577,True
United_States_of_America.regions.Georgia:Newton,89.90056134723338,1.4450681635926224,64.43559000787154,3.6689663555861802,True
United_States_of_America.regions.Georgia:Oconee,37.781876503608665,1.8991579791499602,88.70698881801582,6.176700606991484,True
United_States_of_America.regions.Georgia:Oglethorpe,35.95529270248597,0.8769045709703288,258.6924476227357,12.292063520503708,True
United_States_of_America.regions.Georgia:Peach,22.008420208500404,0.6942662389735365,82.73265254261676,2.3073099686934517,True
United_States_of_America.regions.Georgia:Pickens,9.616078588612671,0.6852445870088212,28.45324907028773,2.3267339080910636,True
United_States_of_America.regions.Georgia:Pierce,38.441259021651966,0.4346431435445069,210.75147568365134,4.809577548360602,True
United_States_of_America.regions.Georgia:Pike,26.421611868484362,0.7052927024859663,153.5449480115122,2.8763705028533804,True
United_States_of_America.regions.Georgia:Polk,10.075180433039295,1.981355252606255,17.79622063686733,6.380765337518533,True
United_States_of_America.regions.Georgia:Pulaski,12.96251002405774,1.1994787489975942,156.2310797927323,2.5848399829444593,True
United_States_of_America.regions.Georgia:Putnam,31.61407377706496,2.2489975942261426,151.92501399293295,12.370230397517519,True
United_States_of_America.regions.Georgia:Quitman,3.781074578989575,1.0671611868484363,202.68852105121783,33.93675143780142,True
United_States_of_America.regions.Georgia:Rabun,5.313352044907779,1.5563352044907781,40.9884934612174,3.9006343454226173,True
United_States_of_America.regions.Georgia:Randolph,110.35485164394547,9.933440256615878,1707.9220513453058,165.6921568561715,True
United_States_of_America.regions.Georgia:Rockdale,113.03408179631111,2.575781876503609,109.74250587951774,1.8987590590236125,True
United_States_of_America.regions.Georgia:Schley,8.8658781074579,1.0170408981555734,256.46070535191916,12.192513641268908,True
United_States_of_America.regions.Georgia:Seminole,16.30573376102646,0.7203287890938253,264.79027000398315,13.238421706456169,True
United_States_of_America.regions.Georgia:Spalding,115.65096230954289,4.186647955092221,161.48006503232196,3.3212021669383986,True
United_States_of_America.regions.Georgia:Stephens,43.51303127506014,1.2896952686447474,172.24801095346436,3.8481812503502635,True
United_States_of_America.regions.Georgia:Stewart,14.773456295108259,1.981355252606255,305.33967635702254,6.380765337518533,True
United_States_of_America.regions.Georgia:Sumter,263.29350441058546,13.835805934242181,892.9478859881509,47.17857603021491,True
United_States_of_America.regions.Georgia:Talbot,14.02866880513232,1.0250601443464316,315.84604981432585,9.337293011919332,True
United_States_of_America.regions.Georgia:Taliaferro,0.0,1.0,61.841404235479345,3.22040448280304,True
United_States_of_America.regions.Georgia:Tattnall,3.2187249398556532,1.981355252606255,9.744789061461706,6.380765337518533,True
United_States_of_America.regions.Georgia:Taylor,6.571772253408178,0.8065356856455493,139.40038792607518,16.919755994050817,True
United_States_of_America.regions.Georgia:Telfair,16.44566960705694,1.8520449077786687,125.03378441454804,5.56544159963968,True
United_States_of_America.regions.Georgia:Terrell,123.26142742582199,11.10525260625501,1503.6803925872334,146.7198914687575,True
United_States_of_America.regions.Georgia:Tift,71.48576583801123,1.050120288692863,170.6314567975919,2.1179109745996145,True
United_States_of_America.regions.Georgia:Toombs,17.356054530874097,0.4817562149157979,68.19489898337015,2.763503897907791,True
United_States_of_America.regions.Georgia:Towns,11.018444266238975,1.314755412991179,126.73319657011781,2.376358712668059,True
United_States_of_America.regions.Georgia:Treutlen,3.2147153167602247,1.981355252606255,41.38010683177354,6.380765337518533,True
United_States_of_America.regions.Georgia:Troup,67.12830793905373,1.1483560545308742,83.64824841695993,2.444023896892219,True
United_States_of_America.regions.Georgia:Turner,39.04871692060946,2.2279470729751405,553.3864669729041,40.59733273153488,True
United_States_of_America.regions.Georgia:Twiggs,2.8492381716118684,1.981355252606255,40.21046301054436,6.380765337518533,True
United_States_of_America.regions.Georgia:Union,19.80252606255012,1.1273055332798718,86.7358432686351,3.533895831990847,True
United_States_of_America.regions.Georgia:Upson,171.6150761828388,11.94426623897354,656.0385184706794,46.38001779640936,True
United_States_of_America.regions.Georgia:Walker,41.70068163592622,1.981355252606255,47.436088812077,6.380765337518533,True
United_States_of_America.regions.Georgia:Walton,91.01984763432236,1.635525260625501,81.26659949992278,2.649547668397771,True
United_States_of_America.regions.Georgia:Warren,5.677225340817963,1.981355252606255,197.6088048008197,6.380765337518533,True
United_States_of_America.regions.Georgia:Webster,4.056736166800322,0.7834803528468325,290.5773107820931,44.036100259145506,True
United_States_of_America.regions.Georgia:Wheeler,4.204089815557338,1.981355252606255,25.421649785704872,6.380765337518533,True
United_States_of_America.regions.Georgia:White,35.35685645549319,1.8079390537289493,114.98618795860578,5.817689167386365,True
United_States_of_America.regions.Georgia:Whitfield,31.232959101844425,1.0130312750601445,14.341924671119,3.6828501913033356,True
United_States_of_America.regions.Georgia:Wilcox,63.85825982357658,5.944867682437852,797.3669496077831,82.41753720533664,True
United_States_of_America.regions.Georgia:Wilkes,10.861066559743385,1.981355252606255,159.56849672648679,6.380765337518533,True
United_States_of_America.regions.Georgia:Wilkinson,23.15757818765036,0.5258620689655172,313.61272204037857,14.667092028281463,True
United_States_of_America.regions.Idaho:Madison,3.7349639133921415,1.981355252606255,12.901382987187745,6.380765337518533,True
United_States_of_America.regions.Idaho:Payette,5.869085805934242,1.0130312750601445,28.197038068225833,2.9025070511415954,True
United_States_of_America.regions.Idaho:Teton,3.2417802726543705,1.981355252606255,25.953562942828587,6.380765337518533,True
United_States_of_America.regions.Illinois:Alexander,2.597683594247168,1.7114674812269313,96.41655935323341,5.511617548714837,True
United_States_of_America.regions.Illinois:Bond,3.635926222935044,1.1603849238171613,14.77933221540308,2.7337419898107314,True
United_States_of_America.regions.Illinois:Boone,147.29891740176424,7.7919005613472345,265.7400111423863,12.10414430326498,True
United_States_of_America.regions.Illinois:Brown,7.968853545394302,1.0,133.12580326110546,3.22040448280304,True
United_States_of_America.regions.Illinois:Calhoun,5.918203688853248,1.981355252606255,16.777685604736472,6.380765337518533,True
United_States_of_America.regions.Illinois:Carroll,3.862670408981556,0.5110264635124299,32.7775740497477,5.440040443670292,True
United_States_of_America.regions.Illinois:Cass,52.61623325453113,1.4081954294720254,448.60937567393654,4.534958873734462,True
United_States_of_America.regions.Illinois:Clay,3.8079317500576435,1.831219737145492,11.506344161145853,5.897268250500748,True
United_States_of_America.regions.Illinois:Clinton,29.98115477145149,1.810946271050521,75.9663052987331,5.927091460846009,True
United_States_of_America.regions.Illinois:Coles,33.043504410585406,1.0681635926222937,56.67451247785822,2.9851372385725026,True
United_States_of_America.regions.Illinois:Crawford,4.28728949478749,1.981355252606255,23.382285731084814,6.380765337518533,True
United_States_of_America.regions.Illinois:Cumberland,5.190457097032879,1.981355252606255,12.604478769094246,6.380765337518533,True
United_States_of_America.regions.Illinois:De Witt,4.768644747393745,1.981355252606255,13.002936335795784,6.380765337518533,True
United_States_of_America.regions.Illinois:Douglas,6.920609462710504,1.981355252606255,47.92040368985414,6.380765337518533,True
United_States_of_America.regions.Illinois:Edwards,1.0,1.0,28.054028668096095,3.2204044828030396,True
United_States_of_America.regions.Illinois:Effingham,4.614073777064956,1.0100240577385726,15.020973981014158,3.5245809254164318,True
United_States_of_America.regions.Illinois:Ford,3.493384121892542,1.0170408981555734,47.331367466077765,2.830050140416322,True
United_States_of_America.regions.Illinois:Franklin,3.1168805132317563,1.981355252606255,11.014105227682373,6.380765337518533,True
United_States_of_America.regions.Illinois:Gallatin,5.584402566158782,1.981355252606255,23.81064249570584,6.380765337518533,True
United_States_of_America.regions.Illinois:Grundy,20.883921411387327,1.981355252606255,32.199156226967254,6.380765337518533,True
United_States_of_America.regions.Illinois:Hamilton,2.7143058889987297,1.5719531139669543,14.519122115193424,5.062324854975376,True
United_States_of_America.regions.Illinois:Hardin,1.7373164218958614,1.315420560747664,17.35589330643683,4.236186270603064,True
United_States_of_America.regions.Illinois:Henderson,2.7995712754555195,1.6444265809217578,83.06419931273844,5.295718732840904,True
United_States_of_America.regions.Illinois:Jasper,31.58700882117081,2.599839615076183,378.39917594218696,40.532632098407646,True
United_States_of_America.regions.Illinois:Jersey,6.814554931836407,1.2425821972734563,38.389776139952,3.408672629074871,True
United_States_of_America.regions.Illinois:Johnson,2.6449769180039575,1.884809848318312,23.929398200348977,6.06985008475561,True
United_States_of_America.regions.Illinois:Lawrence,4.805132317562149,1.981355252606255,13.244779971359035,6.380765337518533,True
United_States_of_America.regions.Illinois:Marshall,4.325380914194066,1.981355252606255,13.648411911028436,6.380765337518533,True
United_States_of_America.regions.Illinois:Massac,4.138933440256616,1.981355252606255,13.053989624337392,6.380765337518533,True
United_States_of_America.regions.Illinois:Menard,2.3746992782678427,1.981355252606255,48.19638566771878,6.380765337518533,True
United_States_of_America.regions.Illinois:Monroe,45.272854851643956,4.897353648757017,128.40654412441856,13.65280277443665,True
United_States_of_America.regions.Illinois:Moultrie,3.8261828388131516,1.981355252606255,14.471060445712288,6.380765337518533,True
United_States_of_America.regions.Illinois:Perry,23.94145950280674,1.981355252606255,125.26152669408171,6.380765337518533,True
United_States_of_America.regions.Illinois:Piatt,4.793504410585405,1.981355252606255,23.53699318315662,6.380765337518533,True
United_States_of_America.regions.Illinois:Pope,0.0,1.0,20.720222761630765,3.22040448280304,True
United_States_of_America.regions.Illinois:Pulaski,19.707497995188454,1.981355252606255,476.7965311703347,6.380765337518533,True
United_States_of_America.regions.Illinois:Putnam,0.06666666666666667,1.0,15.365876518532849,3.2204044828030396,True
United_States_of_America.regions.Illinois:Richland,5.132317562149158,1.981355252606255,15.31846657064982,6.380765337518533,True
United_States_of_America.regions.Illinois:Saline,4.604049719326384,1.981355252606255,13.516258964165765,6.380765337518533,True
United_States_of_America.regions.Illinois:Schuyler,2.6222935044105853,1.981355252606255,45.489614474949825,6.380765337518533,True
United_States_of_America.regions.Illinois:Stark,5.7477947072975155,1.981355252606255,13.564779506022987,6.380765337518533,True
United_States_of_America.regions.Illinois:Union,74.68159806295398,1.1501210653753027,461.3584811754312,9.593147604221501,True
United_States_of_America.regions.Illinois:Wabash,5.957698476343223,1.981355252606255,17.867136722692695,6.380765337518533,True
United_States_of_America.regions.Illinois:White,2.1386918833727346,1.4081954294720254,9.049610312591078,4.534958873734462,True
United_States_of_America.regions.Illinois:Williamson,7.2403769045709705,1.981355252606255,6.543689163614522,6.380765337518533,True
United_States_of_America.regions.Illinois:Woodford,3.5795910184442663,1.7317562149157977,9.647842541505842,5.7317650055014315,True
United_States_of_America.regions.Indiana:Adams,3.311948676824379,1.5513231756214916,12.177430826774359,5.178786197331365,True
United_States_of_America.regions.Indiana:Bartholomew,105.32377706495589,3.6533680834001605,111.79632371726623,2.304751343989198,True
United_States_of_America.regions.Indiana:Benton,9.02486361728913,1.9347461183382293,154.6519467444137,6.230665072582213,True
United_States_of_America.regions.Indiana:Blackford,3.9677225340817963,1.0801924619085808,58.48765352919798,2.835805226278072,True
United_States_of_America.regions.Indiana:Boone,76.0906174819567,2.5747794707297516,100.30661461437052,4.3061259494274395,True
United_States_of_America.regions.Indiana:Brown,6.958099438652766,1.0942261427425821,67.95171780369063,2.627921793614714,True
United_States_of_America.regions.Indiana:Carroll,18.461708099438653,1.0731756214915797,103.01017356648568,2.7429756632176203,True
United_States_of_America.regions.Indiana:Cass,886.1405372894949,0.5288692862870891,2347.2780477433967,1.5513902600858525,True
United_States_of_America.regions.Indiana:Clark,145.99157979149962,7.073576583801123,107.03719986157162,2.1401743008430136,True
United_States_of_America.regions.Indiana:Clay,11.639935846030472,1.2896952686447474,48.485655550575316,3.869323853054388,True
United_States_of_America.regions.Indiana:Clinton,30.165396952686446,0.5850040096230954,92.18923191517639,2.070906258586592,True
United_States_of_America.regions.Indiana:Crawford,8.886327185244589,1.455092221331195,127.1441546475333,2.1906624353963986,True
United_States_of_America.regions.Indiana:Daviess,42.56074578989575,11.065757818765038,126.07880440787187,32.78372241961943,True
United_States_of_America.regions.Indiana:DeKalb,7.443865276663993,0.7904971932638334,12.98853869311285,3.6415863626078453,True
United_States_of_America.regions.Indiana:Dearborn,74.95469125902166,3.4875701684041704,143.26083199164185,4.983540822352151,True
United_States_of_America.regions.Indiana:Decatur,159.55914194065755,18.717522052927027,604.541421060391,71.51580605252704,True
United_States_of_America.regions.Indiana:Delaware,100.41038492381718,5.593424218123497,71.79596244566832,1.8252245689597246,True
United_States_of_America.regions.Indiana:Dubois,9.083801122694465,1.981355252606255,16.394507855232977,6.380765337518533,True
United_States_of_America.regions.Indiana:Fayette,13.703889334402566,1.35084202085004,66.98598719209811,7.903998686654886,True
United_States_of_America.regions.Indiana:Floyd,98.21471531676022,3.908981555733761,111.69389212970108,2.481243833442108,True
United_States_of_America.regions.Indiana:Fountain,2.9410585404971936,0.607056936647955,29.537102570310367,4.4029781266268095,True
United_States_of_America.regions.Indiana:Franklin,64.4522854851644,4.301924619085806,291.32674266910027,21.104573072569945,True
United_States_of_America.regions.Indiana:Fulton,11.070569366479551,1.5854049719326384,67.78153033199234,4.398436907191024,True
United_States_of_America.regions.Indiana:Gibson,4.083199679230153,1.981355252606255,13.414837409370886,6.380765337518533,True
United_States_of_America.regions.Indiana:Grant,68.18283881315155,3.1120689655172415,91.94127988458143,2.9021897959543255,True
United_States_of_America.regions.Indiana:Hancock,137.83620689655174,4.897353648757018,162.92726707080215,3.0212992601964332,True
United_States_of_America.regions.Indiana:Harrison,78.77806736166801,1.9753408179631113,189.26451757501425,4.112991033852296,True
United_States_of_America.regions.Indiana:Henry,30.061948676824386,0.9689254210104251,54.83896233353497,4.270305420075379,True
United_States_of_America.regions.Indiana:Howard,34.888732959101844,1.0972333600641542,28.49324397103627,3.015859220387384,True
United_States_of_America.regions.Indiana:Huntington,3.3183640737770648,0.4797514033680834,10.123480154434498,2.2158679164484805,True
United_States_of_America.regions.Indiana:Jackson,98.0499198075381,1.6204891740176421,215.05551202850484,5.564898460014944,True
United_States_of_America.regions.Indiana:Jay,8.279671210906175,1.981355252606255,52.08873468125709,6.380765337518533,True
United_States_of_America.regions.Indiana:Jefferson,19.166399358460307,1.981355252606255,58.460082700360346,6.380765337518533,True
United_States_of_America.regions.Indiana:Jennings,46.89354450681636,1.2305533279871694,171.74167180428734,3.9725313199600514,True
United_States_of_America.regions.Indiana:Knox,11.427425821972736,1.981355252606255,29.1632452896499,6.380765337518533,True
United_States_of_America.regions.Indiana:LaGrange,15.254210104250202,0.559943865276664,33.69174196697732,2.7926111815898436,True
United_States_of_America.regions.Indiana:Lawrence,73.72393744987971,8.056936647955093,155.48182889247656,15.872177561307588,True
United_States_of_America.regions.Indiana:Marshall,16.93143544506816,1.3678829190056134,29.394722151193232,5.054568066558609,True
United_States_of_America.regions.Indiana:Martin,4.70709703287891,1.981355252606255,41.035877486009774,6.380765337518533,True
United_States_of_America.regions.Indiana:Miami,37.93404170008019,1.8941459502806737,104.05070522197913,6.135216001091061,True
United_States_of_America.regions.Indiana:Montgomery,38.20188452285485,1.8069366479550923,95.42163384065095,5.925815667084076,True
United_States_of_America.regions.Indiana:Morgan,108.26704089815559,1.688652766639936,141.14530138117837,1.8960991271474348,True
United_States_of_America.regions.Indiana:Newton,37.2163191659984,4.286888532477947,293.3278716888258,38.0291358694175,True
United_States_of_America.regions.Indiana:Noble,7.751603849238172,1.155372894947875,8.892583035377887,4.285421498901026,True
United_States_of_America.regions.Indiana:Ohio,4.101844426623898,1.981355252606255,25.658615822865674,6.380765337518533,True
United_States_of_America.regions.Indiana:Orange,51.02445870088212,5.2582197273456295,272.6542231568799,30.272192119359673,True
United_States_of_America.regions.Indiana:Owen,11.746190858059343,1.2425821972734563,67.45756619630075,3.3157505198814388,True
United_States_of_America.regions.Indiana:Parke,7.45729751403368,1.981355252606255,62.087913608869435,6.380765337518533,True
United_States_of_America.regions.Indiana:Perry,14.899959903769048,1.6204891740176421,91.54062647968328,4.4982149771000834,True
United_States_of_America.regions.Indiana:Pike,3.4717792698279477,1.9347461183382293,8.66423826324611,6.230665072582213,True
United_States_of_America.regions.Indiana:Posey,3.36327185244587,1.981355252606255,14.884093397312999,6.380765337518533,True
United_States_of_America.regions.Indiana:Pulaski,17.619286287089015,1.981355252606255,176.35646355711114,6.380765337518533,True
United_States_of_America.regions.Indiana:Putnam,41.82878909382518,1.2786688051323174,107.46444559211928,2.495251361973765,True
United_States_of_America.regions.Indiana:Randolph,10.818965517241379,0.5128307939053729,49.63288749418493,1.6908112855669883,True
United_States_of_America.regions.Indiana:Ripley,73.08380112269445,1.8670809943865279,260.1736461704598,7.17371819400854,True
United_States_of_America.regions.Indiana:Rush,20.120489174017642,0.9047714514835605,140.79092454570952,2.5429132775019174,True
United_States_of_America.regions.Indiana:Scott,20.646551724137932,0.6495589414595028,93.18473115060395,2.338997490435146,True
United_States_of_America.regions.Indiana:Shelby,111.82036888532477,5.238171611868484,243.2273689503896,10.18941041426936,True
United_States_of_America.regions.Indiana:Spencer,3.3831194867682437,1.455092221331195,17.142026115133447,3.785396045833077,True
United_States_of_America.regions.Indiana:Starke,5.838011226944668,0.9889735364875701,30.918929388439757,2.508508022412119,True
United_States_of_America.regions.Indiana:Steuben,23.813552526062548,0.914795509222133,66.564821305179,3.2976880889085955,True
United_States_of_America.regions.Indiana:Sullivan,4.319366479550923,1.981355252606255,27.870458318392966,6.380765337518533,True
United_States_of_America.regions.Indiana:Switzerland,8.10485164394547,1.981355252606255,107.72285263885506,6.380765337518533,True
United_States_of_America.regions.Indiana:Tipton,6.54691259021652,1.314755412991179,65.45954591737613,2.5901450892945004,True
United_States_of_America.regions.Indiana:Union,6.633720930232557,1.981355252606255,167.36484460879717,6.380765337518533,True
United_States_of_America.regions.Indiana:Vermillion,3.67682437850842,1.981355252606255,21.73708579496158,6.380765337518533,True
United_States_of_America.regions.Indiana:Vigo,39.577185244587014,1.9131916599839618,22.349430383156356,2.808972496199021,True
United_States_of_America.regions.Indiana:Wabash,25.706696070569365,0.9899759422614275,82.9757792699251,3.18329968907661,True
United_States_of_America.regions.Indiana:Warren,3.3594627105052126,1.0040096230954292,80.16851773034305,5.59026061974279,True
United_States_of_America.regions.Indiana:Warrick,60.09983961507618,7.098636728147554,84.13062039349856,8.567338380331808,True
United_States_of_America.regions.Indiana:Washington,23.210906174819566,1.981355252606255,85.1863793203845,6.380765337518533,True
United_States_of_America.regions.Indiana:Wayne,21.88953488372093,0.2983159582999198,21.742523783465664,3.8262159866801886,True
United_States_of_America.regions.Indiana:Wells,3.804129911788292,1.981355252606255,11.756759725351262,6.380765337518533,True
United_States_of_America.regions.Indiana:Whitley,9.505813953488373,1.0340817963111468,26.585259632128402,3.591713823282553,True
United_States_of_America.regions.Iowa:Adams,2.4722222222222223,1.0,93.17665887705877,3.2204044828030396,True
United_States_of_America.regions.Iowa:Appanoose,4.688251804330394,0.3785084202085004,9.093285432828731,9.019957592760754,True
United_States_of_America.regions.Iowa:Audubon,2.9530874097834805,1.9372493985565358,50.145005905965355,6.331041458378873,True
United_States_of_America.regions.Iowa:Bremer,37.628107457898956,1.7147153167602245,155.46502420729934,7.99875811373016,True
United_States_of_America.regions.Iowa:Chickasaw,3.805533279871692,1.981355252606255,23.890211564729764,6.380765337518533,True
United_States_of_America.regions.Iowa:Clarke,1.7612269446672013,1.981355252606255,39.78118640456798,6.380765337518533,True
United_States_of_America.regions.Iowa:Davis,11.381653454133636,1.0,134.35352278534845,3.2204044828030396,True
United_States_of_America.regions.Iowa:Des Moines,7.230352846832397,1.48616680032077,14.132735672626385,5.109976074076428,True
United_States_of_America.regions.Iowa:Dickinson,3.180633520449078,1.981355252606255,8.948717007529318,6.380765337518533,True
United_States_of_America.regions.Iowa:Emmet,3.7084398976982094,1.0,47.91382550957544,3.2204044828030396,True
United_States_of_America.regions.Iowa:Fremont,2.4268054651919324,1.0,46.015306223977596,3.22040448280304,True
United_States_of_America.regions.Iowa:Grundy,5.829991980753809,1.981355252606255,76.23694661068379,6.380765337518533,True
United_States_of_America.regions.Iowa:Henry,17.034883720930228,1.109262229350441,97.76211840130969,3.0372345993128778,True
United_States_of_America.regions.Iowa:Howard,4.177024859663191,1.981355252606255,75.3845491144212,6.380765337518533,True
United_States_of_America.regions.Iowa:Humboldt,4.200267022696929,1.315420560747664,63.76878335484404,4.236186270603064,True
United_States_of_America.regions.Iowa:Ida,6.42935377875137,1.0,105.07921328325193,3.2204044828030405,True
United_States_of_America.regions.Iowa:Jefferson,4.289294306335204,1.981355252606255,14.904098895762706,6.380765337518533,True
United_States_of_America.regions.Iowa:Lee,5.305733761026464,1.981355252606255,14.978990355389035,6.380765337518533,True
United_States_of_America.regions.Iowa:Louisa,244.34582999198076,0.4206094627105052,2254.6941579238387,13.59539935496469,True
United_States_of_America.regions.Iowa:Lucas,2.7777777777777777,1.0,40.70724409600833,3.2204044828030396,True
United_States_of_America.regions.Iowa:Mills,2.607257417802727,1.981355252606255,11.055695566948412,6.380765337518533,True
United_States_of_America.regions.Iowa:Mitchell,5.110866078588613,1.981355252606255,13.090101297387493,6.380765337518533,True
United_States_of_America.regions.Iowa:Monroe,18.753930817610062,1.0393081761006289,253.091141094076,17.150973160395278,True
United_States_of_America.regions.Iowa:Montgomery,5.657578187650361,1.981355252606255,14.548430052118938,6.380765337518533,True
United_States_of_America.regions.Iowa:Muscatine,172.82858861267042,2.7692461908580595,399.04392567981034,5.545962070333799,True
United_States_of_America.regions.Iowa:Osceola,11.515437048917402,1.981355252606255,287.11368313815814,6.380765337518533,True
United_States_of_America.regions.Iowa:Union,5.025060144346432,1.981355252606255,10.371681902334432,6.380765337518533,True
United_States_of_America.regions.Iowa:Van Buren,4.982157177225341,1.981355252606255,86.95207701108316,6.380765337518533,True
United_States_of_America.regions.Iowa:Wapello,11.125701684041701,1.981355252606255,30.09485334480088,6.380765337518533,True
United_States_of_America.regions.Iowa:Warren,12.147153167602246,1.981355252606255,16.134382113653615,6.380765337518533,True
United_States_of_America.regions.Iowa:Winnebago,3.975541299117883,1.981355252606255,12.74824767427978,6.380765337518533,True
United_States_of_America.regions.Iowa:Worth,5.205493183640738,1.981355252606255,8.139851910732306,6.380765337518533,True
United_States_of_America.regions.Kansas:Atchison,3.452285485164395,1.981355252606255,31.552264279698587,6.380765337518533,True
United_States_of_America.regions.Kansas:Doniphan,4.595028067361668,1.981355252606255,10.904427132028873,6.380765337518533,True
United_States_of_America.regions.Kansas:Geary,7.232558139534885,1.981355252606255,22.717339306169333,6.380765337518533,True
United_States_of_America.regions.Kansas:Leavenworth,109.4208099438653,0.37349639133921414,120.03103880623833,3.9972960447539005,True
United_States_of_America.regions.Kansas:Woodson,4.518845228548517,1.981355252606255,131.4228044855853,6.380765337518533,True
United_States_of_America.regions.Kentucky:Adair,70.44306335204492,8.437048917401766,380.60188486350074,47.841042474674474,True
United_States_of_America.regions.Kentucky:Allen,1.7622293504410589,1.981355252606255,8.562831374705585,6.380765337518533,True
United_States_of_America.regions.Kentucky:Anderson,3.2656375300721736,0.981355252606255,11.17438045070332,2.959526002221866,True
United_States_of_America.regions.Kentucky:Ballard,4.255212510024058,1.981355252606255,79.62082591687161,6.380765337518533,True
United_States_of_America.regions.Kentucky:Barren,9.65196471531676,1.981355252606255,15.210117438157807,6.380765337518533,True
United_States_of_America.regions.Kentucky:Bath,4.116880513231757,1.3959502806736166,13.89957337775546,2.2883176741272964,True
United_States_of_America.regions.Kentucky:Bell,0.0,1.0,0.6210214545048882,3.22040448280304,True
United_States_of_America.regions.Kentucky:Bourbon,3.544506816359262,0.9901764234161988,11.814610772714614,2.8594754192941343,True
United_States_of_America.regions.Kentucky:Boyd,22.46571772253408,0.6752205292702486,40.61694571314251,1.9923591422482894,True
United_States_of_America.regions.Kentucky:Boyle,9.413592622293505,1.981355252606255,31.661980666892767,6.380765337518533,True
United_States_of_America.regions.Kentucky:Bracken,3.5535284683239774,1.981355252606255,63.10677246101262,6.380765337518533,True
United_States_of_America.regions.Kentucky:Breathitt,5.162590216519647,1.981355252606255,15.349052140534683,6.380765337518533,True
United_States_of_America.regions.Kentucky:Bullitt,40.08500400962309,0.6972734562951083,35.28937909101637,3.9004013762991825,True
United_States_of_America.regions.Kentucky:Butler,101.85244587008822,1.6866479550922215,822.2787779149129,21.20146479814963,True
United_States_of_America.regions.Kentucky:Caldwell,7.004611066559743,1.981355252606255,70.06899694158024,6.380765337518533,True
United_States_of_America.regions.Kentucky:Calloway,13.278869286287087,1.1603849238171613,29.544259136513666,4.275767186729851,True
United_States_of_America.regions.Kentucky:Campbell,67.36968724939857,4.893344025661588,57.11124585407872,1.3208587346558023,True
United_States_of_America.regions.Kentucky:Carlisle,1.36568848758465,0.3039879608728367,60.56030995568554,15.963758688599409,True
United_States_of_America.regions.Kentucky:Carroll,5.623897353648757,1.981355252606255,16.631198369550688,6.380765337518533,True
United_States_of_America.regions.Kentucky:Carter,3.949478748997594,1.981355252606255,12.106685461683618,6.380765337518533,True
United_States_of_America.regions.Kentucky:Casey,3.6177080931519483,1.831219737145492,9.773266196360675,5.897268250500748,True
United_States_of_America.regions.Kentucky:Clark,7.989574979951887,1.981355252606255,20.538035812875126,6.380765337518533,True
United_States_of_America.regions.Kentucky:Clay,1.7635658914728685,1.4934406678592727,4.909603279380153,4.809483021574367,True
United_States_of_America.regions.Kentucky:Clinton,5.034081796311147,1.981355252606255,14.766158377944416,6.380765337518533,True
United_States_of_America.regions.Kentucky:Crittenden,4.774458700882117,1.1603849238171613,22.866147486841143,4.0951823657623585,True
United_States_of_America.regions.Kentucky:Cumberland,4.482758620689656,1.981355252606255,42.55111105051155,6.380765337518533,True
United_States_of_America.regions.Kentucky:Daviess,104.41980753809142,1.5032076984763432,87.44075688598589,3.117127817842601,True
United_States_of_America.regions.Kentucky:Edmonson,18.16178829190056,1.981355252606255,184.140272911866,15.028823664288785,True
United_States_of_America.regions.Kentucky:Elliott,0.0,1.0,10.082774977087873,3.2204044828030405,True
United_States_of_America.regions.Kentucky:Fleming,5.710906174819568,1.981355252606255,17.061962940266202,6.380765337518533,True
United_States_of_America.regions.Kentucky:Floyd,2.936046511627907,1.981355252606255,8.529550093680372,6.380765337518533,True
United_States_of_America.regions.Kentucky:Franklin,6.171812349639135,1.981355252606255,12.193992613168463,6.380765337518533,True
United_States_of_America.regions.Kentucky:Fulton,1.9290399522957662,1.4934406678592727,16.37268837287487,4.809483021574367,True
United_States_of_America.regions.Kentucky:Gallatin,4.680232558139535,1.981355252606255,8.107595336397125,6.380765337518533,True
United_States_of_America.regions.Kentucky:Garrard,2.7894858196910306,1.831219737145492,8.380147911834111,5.897268250500748,True
United_States_of_America.regions.Kentucky:Grant,12.779671210906178,0.3995589414595028,56.2952194377458,3.081854834138424,True
United_States_of_America.regions.Kentucky:Graves,98.13352044907779,9.074378508420208,259.6418844347169,23.459211144279386,True
United_States_of_America.regions.Kentucky:Grayson,34.22173215717723,1.2616279069767442,133.3944642322497,4.997396339014521,True
United_States_of_America.regions.Kentucky:Green,5.93644747393745,1.981355252606255,17.56192784430141,6.380765337518533,True
United_States_of_America.regions.Kentucky:Greenup,6.094426623897355,1.981355252606255,17.47641220444541,6.380765337518533,True
United_States_of_America.regions.Kentucky:Hancock,4.606054530874098,1.981355252606255,39.650920074287626,6.380765337518533,True
United_States_of_America.regions.Kentucky:Harlan,0.0,1.0,0.6242706421489017,3.2204044828030405,True
United_States_of_America.regions.Kentucky:Harrison,6.7387730553328,1.981355252606255,45.415617707861294,6.380765337518533,True
United_States_of_America.regions.Kentucky:Hart,3.6026463512429827,1.981355252606255,31.70673256387941,6.380765337518533,True
United_States_of_America.regions.Kentucky:Henderson,28.200481154771452,1.6204891740176421,55.40850179998644,5.5825656503063845,True
United_States_of_America.regions.Kentucky:Henry,2.9661186848436247,1.981355252606255,16.90805102287592,6.380765337518533,True
United_States_of_America.regions.Kentucky:Hickman,2.530707610146863,1.315420560747664,91.26490169724104,4.236186270603064,True
United_States_of_America.regions.Kentucky:Jackson,48.43925421010425,7.426423416198876,393.0364977410256,63.95499200845552,True
United_States_of_America.regions.Kentucky:Jessamine,23.20990376904571,1.981355252606255,33.41902583696711,6.380765337518533,True
United_States_of_America.regions.Kentucky:Johnson,3.973536487570169,1.981355252606255,10.473809212647094,6.380765337518533,True
United_States_of_America.regions.Kentucky:Knott,5.010024057738573,1.981355252606255,16.106419991723,6.380765337518533,True
United_States_of_America.regions.Kentucky:Knox,4.149959903769046,1.981355252606255,13.37482118891531,6.380765337518533,True
United_States_of_America.regions.Kentucky:Larue,4.53588612670409,1.981355252606255,16.44778722835503,6.380765337518533,True
United_States_of_America.regions.Kentucky:Laurel,6.204891740176424,0.8105453087409783,10.728035989123798,3.77302448141335,True
United_States_of_America.regions.Kentucky:Lawrence,5.918203688853248,1.981355252606255,18.12913371656902,6.380765337518533,True
United_States_of_America.regions.Kentucky:Leslie,3.8251804330392947,1.981355252606255,18.619207718965498,6.380765337518533,True
United_States_of_America.regions.Kentucky:Letcher,4.391539695268645,1.981355252606255,11.763982834908314,6.380765337518533,True
United_States_of_America.regions.Kentucky:Lewis,4.679230152365678,1.981355252606255,11.697201333517837,6.380765337518533,True
United_States_of_America.regions.Kentucky:Lincoln,4.336407377706496,1.0801924619085808,13.273695821390742,3.2486257299176606,True
United_States_of_America.regions.Kentucky:Livingston,2.7438321420336638,1.831219737145492,48.479952898091355,5.897268250500748,True
United_States_of_America.regions.Kentucky:Lyon,4.621090617481957,0.44967923015236566,99.2253519555831,18.089283037726943,True
United_States_of_America.regions.Kentucky:Madison,14.57016840417001,1.109262229350441,11.154129083882518,5.442899804427011,True
United_States_of_America.regions.Kentucky:Magoffin,0.37777777777777777,1.0,8.109073173456952,3.2204044828030396,True
United_States_of_America.regions.Kentucky:Marion,8.188652766639937,1.981355252606255,52.48415162879315,6.380765337518533,True
United_States_of_America.regions.Kentucky:Marshall,19.03668805132318,1.518243785084202,61.177263826535274,4.891660940341514,True
United_States_of_America.regions.Kentucky:Martin,4.97794707297514,1.981355252606255,12.882001791507465,6.380765337518533,True
United_States_of_America.regions.Kentucky:Mason,4.572975140336808,1.981355252606255,17.56964949069917,6.380765337518533,True
United_States_of_America.regions.Kentucky:McCracken,29.553528468323975,0.76242983159583,33.47817225158992,3.742129575828788,True
United_States_of_America.regions.Kentucky:McCreary,4.683239775461107,1.981355252606255,30.78295643016697,6.380765337518533,True
United_States_of_America.regions.Kentucky:McLean,7.691659983961508,1.981355252606255,132.61388943899013,6.380765337518533,True
United_States_of_America.regions.Kentucky:Meade,5.066960705693665,0.7293504410585406,18.643978794378484,2.2106658189847677,True
United_States_of_America.regions.Kentucky:Menifee,5.345429029671211,1.981355252606255,27.96665474627054,6.380765337518533,True
United_States_of_America.regions.Kentucky:Mercer,5.089013632718524,1.981355252606255,23.90192628066796,6.380765337518533,True
United_States_of_America.regions.Kentucky:Metcalfe,1.7192429022082019,1.0,24.732714739931968,3.2204044828030405,True
United_States_of_America.regions.Kentucky:Monroe,4.180834001603849,1.981355252606255,26.416080600724392,6.380765337518533,True
United_States_of_America.regions.Kentucky:Montgomery,3.23476343223737,1.981355252606255,11.184814357383374,6.380765337518533,True
United_States_of_America.regions.Kentucky:Morgan,5.270667226185479,1.9347461183382293,15.90710950180998,6.230665072582213,True
United_States_of_America.regions.Kentucky:Muhlenberg,111.75380914194065,1.1082598235765837,365.2589988337879,3.6908475020054348,True
United_States_of_America.regions.Kentucky:Nelson,3.4923817161186848,1.981355252606255,7.853525470671412,6.380765337518533,True
United_States_of_America.regions.Kentucky:Nicholas,5.918203688853248,1.981355252606255,16.707009283472665,6.380765337518533,True
United_States_of_America.regions.Kentucky:Oldham,14.522253408179632,1.981355252606255,13.351424929306537,6.380765337518533,True
United_States_of_America.regions.Kentucky:Owen,0.1971608832807571,1.0,6.071570476815816,3.2204044828030405,True
United_States_of_America.regions.Kentucky:Owsley,5.083088543852287,1.9347461183382293,29.047444846935786,6.230665072582213,True
United_States_of_America.regions.Kentucky:Pendleton,4.717722534081797,1.981355252606255,19.82569911992518,6.380765337518533,True
United_States_of_America.regions.Kentucky:Perry,5.031876503608661,1.981355252606255,22.759963819395693,6.380765337518533,True
United_States_of_America.regions.Kentucky:Powell,5.941259021651964,1.981355252606255,17.876480261578592,6.380765337518533,True
United_States_of_America.regions.Kentucky:Rockcastle,5.797914995990377,1.981355252606255,43.52451705937423,6.380765337518533,True
United_States_of_America.regions.Kentucky:Rowan,3.3299919807538094,1.981355252606255,8.72305006472064,6.380765337518533,True
United_States_of_America.regions.Kentucky:Russell,8.374097834803528,0.9288291900561347,60.123340442789605,9.09684526011148,True
United_States_of_America.regions.Kentucky:Scott,16.18885324779471,1.981355252606255,21.361925202182547,6.380765337518533,True
United_States_of_America.regions.Kentucky:Shelby,20.747995188452286,0.532878909382518,34.18581753711745,2.1419917741605747,True
United_States_of_America.regions.Kentucky:Simpson,14.396952686447472,0.5779871692060947,92.49097337485954,3.011855292372494,True
United_States_of_America.regions.Kentucky:Spencer,3.026263031275061,1.981355252606255,19.833446485523545,6.380765337518533,True
United_States_of_America.regions.Kentucky:Taylor,3.259422614274258,1.981355252606255,11.02111052503636,6.380765337518533,True
United_States_of_America.regions.Kentucky:Todd,7.028468323977546,1.981355252606255,85.48858317761191,6.380765337518533,True
United_States_of_America.regions.Kentucky:Trigg,4.4729332773814505,1.9347461183382293,36.86799483461909,6.230665072582213,True
United_States_of_America.regions.Kentucky:Trimble,4.964314354450682,1.981355252606255,16.79848484298992,6.380765337518533,True
United_States_of_America.regions.Kentucky:Union,3.857257417802727,1.981355252606255,27.569727975567616,6.380765337518533,True
United_States_of_America.regions.Kentucky:Washington,4.385124298315959,1.981355252606255,18.15830546492455,6.380765337518533,True
United_States_of_America.regions.Kentucky:Wayne,3.686848436246993,1.981355252606255,15.51369704573329,6.380765337518533,True
United_States_of_America.regions.Kentucky:Webster,10.717722534081796,1.981355252606255,113.98952589033017,6.380765337518533,True
United_States_of_America.regions.Kentucky:Whitley,5.94747393744988,1.981355252606255,16.544690152060014,6.380765337518533,True
United_States_of_America.regions.Kentucky:Wolfe,0.0,1.0,10.75193029433822,3.22040448280304,True
United_States_of_America.regions.Kentucky:Woodford,10.535284683239775,1.981355252606255,41.10111790604927,6.380765337518533,True
United_States_of_America.regions.Louisiana:Assumption,118.03428227746592,0.9619085805934242,548.5144553004028,4.517556963246899,True
United_States_of_America.regions.Louisiana:East Carroll,0.9983961507618284,1.981355252606255,78.26213331874348,6.380765337518533,True
United_States_of_America.regions.Louisiana:East Feliciana,93.00180433039296,8.382718524458701,499.90510644020407,47.38568962993549,True
United_States_of_America.regions.Louisiana:Iberia,159.26423416198878,7.7211307137129115,215.72094181391213,7.971158754061986,True
United_States_of_America.regions.Louisiana:Lincoln,51.16379310344828,2.3412189254210105,101.98141504381223,4.136411377001427,True
United_States_of_America.regions.Louisiana:Red River,17.26643945469126,2.362269446672013,264.2006041115818,44.16224317413548,True
United_States_of_America.regions.Louisiana:St. Bernard,309.3670809943865,7.686046511627906,647.2021802398422,14.300122549799775,True
United_States_of_America.regions.Louisiana:St. Charles,336.02706495589416,18.07297514033681,623.5803447405159,31.65065858967821,True
United_States_of_America.regions.Louisiana:St. Helena,19.60304731355253,1.1253007217321573,239.47789931351448,2.995378198194496,True
United_States_of_America.regions.Louisiana:St. James,189.2943063352045,10.930232558139535,907.8140159756415,54.82319660192871,True
United_States_of_America.regions.Louisiana:St. John the Baptist,468.806134723336,36.021050521251,1088.2972597773098,82.46393948790828,True
United_States_of_America.regions.Louisiana:St. Mary,131.13712910986368,10.167000801924619,257.5109020266321,18.80809987753952,True
United_States_of_America.regions.Louisiana:West Baton Rouge,65.29651162790697,8.432838813151564,250.58933820517973,32.95035808581767,True
United_States_of_America.regions.Louisiana:West Carroll,2.6844426623897357,1.981355252606255,36.67648441621843,6.380765337518533,True
United_States_of_America.regions.Louisiana:West Feliciana,95.52786688051323,1.0320769847634321,635.7760237088091,9.609770871478927,True
United_States_of_America.regions.Maine:Androscoggin,16.873496391339213,1.5854049719326384,8.922197191753066,6.0150826157275565,True
United_States_of_America.regions.Maine:Knox,6.464514835605453,1.981355252606255,15.461904505087015,6.380765337518533,True
United_States_of_America.regions.Maine:Lincoln,5.095629510825982,1.981355252606255,14.810685835790204,6.380765337518533,True
United_States_of_America.regions.Maine:Sagadahoc,8.93083400160385,1.8911387329591018,23.506692110516173,6.129157462554363,True
United_States_of_America.regions.Maryland:Allegany,98.39534883720931,5.884723336006415,127.2989433019682,5.5185245319151655,True
United_States_of_America.regions.Maryland:Calvert,89.52826784282277,2.011427425821973,82.03544459794787,2.4105393388706386,True
United_States_of_America.regions.Maryland:Caroline,33.946471531676025,1.981355252606255,100.06777378622178,6.380765337518533,True
United_States_of_America.regions.Maryland:Cecil,112.5120288692863,2.3191659983961506,93.8780726204441,2.3270330587449357,True
United_States_of_America.regions.Maryland:Kent,44.46050521251002,1.5433039294306332,242.25929914928932,10.388360364956123,True
United_States_of_America.regions.Maryland:Queen Anne's,28.944466720128307,1.611467522052927,48.97435503593143,3.094966994390516,True
United_States_of_America.regions.Maryland:Somerset,5.940256615878108,1.981355252606255,27.917573275674208,6.380765337518533,True
United_States_of_America.regions.Maryland:St. Mary's,100.03187650360866,2.129711307137129,72.00843329580819,3.2192706054165323,True
United_States_of_America.regions.Maryland:Talbot,9.359462710505213,1.1794306335204492,21.59121574091226,4.22395239788322,True
United_States_of_America.regions.Maryland:Wicomico,149.73817161186852,1.0,128.98271572835202,3.846911404238454,True
United_States_of_America.regions.Maryland:Worcester,26.01523656776263,1.5132317562149156,40.74281165433485,5.485280800845224,True
United_States_of_America.regions.Massachusetts:Dukes,7.740577385725742,1.3678829190056134,62.29698251901984,2.9843321746543627,True
United_States_of_America.regions.Massachusetts:Nantucket,4.7387730553328,1.981355252606255,57.41883592369428,6.380765337518533,True
United_States_of_America.regions.Michigan:Antrim,5.168003207698477,1.9542902967121092,21.934173193122238,6.322484210693053,True
United_States_of_America.regions.Michigan:Arenac,12.553528468323975,1.1994787489975942,108.55262343532858,2.6074943864258473,True
United_States_of_America.regions.Michigan:Barry,14.738372093023253,1.2656375300721732,14.136782650257215,5.21794206776373,True
United_States_of_America.regions.Michigan:Bay,45.96932638331997,0.9288291900561347,29.37600177638469,5.36014390107174,True
United_States_of_America.regions.Michigan:Benzie,2.939132890834628,1.5719531139669543,13.64957986682355,5.062324854975376,True
United_States_of_America.regions.Michigan:Branch,49.68464314354451,0.7654370489174018,107.79124058859514,2.937523871153791,True
United_States_of_America.regions.Michigan:Cass,18.314755412991175,0.44165998396150763,26.456464419248118,3.3352533770612274,True
United_States_of_America.regions.Michigan:Charlevoix,3.9224137931034475,1.48616680032077,15.222010656265244,4.486612209394426,True
United_States_of_America.regions.Michigan:Emmet,11.618684843624697,0.7874899759422614,34.03350729132982,2.6581684036916986,True
United_States_of_America.regions.Michigan:Gladwin,3.4651162790697683,1.4250200481154773,15.262353846944226,4.19468649555705,True
United_States_of_America.regions.Michigan:Grand Traverse,10.179029671210907,2.086607858861267,14.390111383071268,2.2891945592289646,True
United_States_of_America.regions.Michigan:Ionia,42.895549318364075,0.7684442662389736,54.72060044608655,3.619760825696295,True
United_States_of_America.regions.Michigan:Isabella,40.71251002405774,3.6553728949478748,45.89543002699412,1.9942659208425901,True
United_States_of_America.regions.Michigan:Leelanau,2.744587008821171,1.981355252606255,6.843355624463016,6.380765337518533,True
United_States_of_America.regions.Michigan:Mason,8.901363271852446,1.981355252606255,32.00128497894686,6.380765337518533,True
United_States_of_America.regions.Michigan:Oceana,2.3751002405773853,1.0671611868484363,12.332881602491549,3.293528401986025,True
United_States_of_America.regions.Michigan:Shiawassee,120.3793103448276,4.963512429831596,164.60802885250538,4.6589065095421285,True
United_States_of_America.regions.Michigan:St. Joseph,29.655573376102648,1.0942261427425821,37.71300277018604,4.9255965332017695,True
United_States_of_America.regions.Minnesota:Benton,4.4406575781876505,1.981355252606255,16.220214606224616,6.380765337518533,True
United_States_of_America.regions.Minnesota:Big Stone,5.488171611868485,1.981355252606255,13.239239225299531,6.380765337518533,True
United_States_of_America.regions.Minnesota:Carver,4.788492381716119,1.981355252606255,15.127414874908743,6.380765337518533,True
United_States_of_America.regions.Minnesota:Chisago,3.4887730553327985,1.0942261427425821,13.774632588570185,4.8128176716642885,True
United_States_of_America.regions.Minnesota:Dodge,9.502405773857257,1.981355252606255,56.16048963329315,6.380765337518533,True
United_States_of_America.regions.Minnesota:Isanti,4.390737770649559,1.981355252606255,14.719014453842133,6.380765337518533,True
United_States_of_America.regions.Minnesota:Le Sueur,14.612670408981554,1.981355252606255,52.2554080583542,6.380765337518533,True
United_States_of_America.regions.Minnesota:McLeod,1.9456696070569366,1.981355252606255,6.643532021564306,6.380765337518533,True
United_States_of_America.regions.Minnesota:Nicollet,3.4885725741780274,0.8195669607056937,11.73928415916117,2.991058002802535,True
United_States_of_America.regions.Minnesota:Pipestone,2.6142742582197274,1.981355252606255,30.59348121470997,6.380765337518533,True
United_States_of_America.regions.Minnesota:Red Lake,4.345362987830465,1.9347461183382293,27.751365174883723,6.230665072582213,True
United_States_of_America.regions.Minnesota:Rice,2.5591419406575784,1.455092221331195,13.925422916675506,5.594969734467915,True
United_States_of_America.regions.Minnesota:Rock,9.98762064624423,1.9347461183382293,154.34470068795636,6.230665072582213,True
United_States_of_America.regions.Minnesota:Sherburne,15.237570168404172,1.9372493985565358,5.662174362617161,6.335406677272828,True
United_States_of_America.regions.Minnesota:Steele,4.293905372894948,1.981355252606255,10.51081074609587,6.380765337518533,True
United_States_of_America.regions.Minnesota:Waseca,5.252606255012029,1.981355252606255,16.173920082832968,6.380765337518533,True
United_States_of_America.regions.Minnesota:Watonwan,4.582197273456296,1.981355252606255,83.25789850352591,6.380765337518533,True
United_States_of_America.regions.Mississippi:Adams,71.22834803528468,2.957698476343224,232.32766797694606,9.694594410603159,True
United_States_of_America.regions.Mississippi:Alcorn,4.801924619085806,1.455092221331195,13.85876555251736,4.9566237758724965,True
United_States_of_America.regions.Mississippi:Benton,3.811146752205292,1.981355252606255,83.69717203660227,6.380765337518533,True
United_States_of_America.regions.Mississippi:Choctaw,6.2401764234162,1.0230553327987169,120.0695314577647,5.8442441080024565,True
United_States_of_America.regions.Mississippi:Claiborne,14.065757818765038,1.981355252606255,211.18700224512142,6.380765337518533,True
United_States_of_America.regions.Mississippi:Clay,18.0793905372895,0.9047714514835605,107.13451327695861,1.9914171166058747,True
United_States_of_America.regions.Mississippi:Covington,43.73576583801123,1.8520449077786687,249.52767708559915,5.68689141163537,True
United_States_of_America.regions.Mississippi:Forrest,74.721932638332,0.8075380914194066,86.75705868039705,4.015849516583417,True
United_States_of_America.regions.Mississippi:George,3.778067361668003,1.3959502806736166,17.201473448128436,3.991357288813887,True
United_States_of_America.regions.Mississippi:Grenada,12.846030473135526,1.9372493985565358,72.93319861285052,6.1682889233663065,True
United_States_of_America.regions.Mississippi:Hancock,34.41439454691259,1.7955092221331197,64.51521599562255,2.134151325264482,True
United_States_of_America.regions.Mississippi:Humphreys,5.662590216519647,0.4025661587810746,133.7324150111641,21.60628842627203,True
United_States_of_America.regions.Mississippi:Jefferson,6.832397754611066,1.981355252606255,174.4387752904813,6.380765337518533,True
United_States_of_America.regions.Mississippi:Jefferson Davis,40.76283079390537,0.6742181234963913,406.198609576202,5.575307750854777,True
United_States_of_America.regions.Mississippi:Lamar,63.97754611066561,0.4366479550922214,89.65975335340428,3.9421260284961734,True
United_States_of_America.regions.Mississippi:Lawrence,13.703688853247794,1.981355252606255,141.56845283923985,6.380765337518533,True
United_States_of_America.regions.Mississippi:Lee,46.26343223736969,1.4310344827586208,39.98600695026344,2.883299200026148,True
United_States_of_America.regions.Mississippi:Lowndes,27.04831595829992,0.9278267842822775,35.68887603508945,4.582781775228274,True
United_States_of_America.regions.Mississippi:Montgomery,11.177425821972735,1.0340817963111468,162.84211534998894,3.649613304398626,True
United_States_of_America.regions.Mississippi:Oktibbeha,33.98857257417803,0.3293905372894948,60.21554673059482,2.3909950458200306,True
United_States_of_America.regions.Mississippi:Pike,84.66760224538893,1.4270248596631918,210.8404840038762,3.252303765362124,True
United_States_of_America.regions.Mississippi:Pontotoc,9.192862870890135,0.6120689655172414,27.79736841398503,2.0956175404071535,True
United_States_of_America.regions.Mississippi:Prentiss,17.124498797113073,1.3989574979951884,73.40912553123081,4.0628565792161115,True
United_States_of_America.regions.Mississippi:Quitman,7.179831595829993,1.981355252606255,172.44882878135093,6.380765337518533,True
United_States_of_America.regions.Mississippi:Sharkey,4.2281475541299125,1.981355252606255,71.06193902562245,6.380765337518533,True
United_States_of_America.regions.Mississippi:Stone,14.611066559743383,1.981355252606255,95.13589041187818,6.380765337518533,True
United_States_of_America.regions.Mississippi:Tate,23.82858861267041,1.981355252606255,86.28593416094819,6.380765337518533,True
United_States_of_America.regions.Mississippi:Tippah,37.282678428227754,4.0813953488372094,178.49679349079744,21.064065735314287,True
United_States_of_America.regions.Mississippi:Tishomingo,3.011226944667201,1.981355252606255,14.792828038655285,6.380765337518533,True
United_States_of_America.regions.Mississippi:Tunica,20.29530874097835,0.8696872493985566,260.25289926010953,5.274269302348692,True
United_States_of_America.regions.Mississippi:Union,4.960906174819566,1.1333199679230153,18.946023494218316,3.5254453020313385,True
United_States_of_America.regions.Mississippi:Walthall,14.214514835605454,1.981355252606255,125.6466569772604,6.380765337518533,True
United_States_of_America.regions.Mississippi:Webster,8.214514835605453,0.9945870088211709,131.2151985146003,3.8888757089809274,True
United_States_of_America.regions.Mississippi:Yalobusha,10.283881315156377,1.981355252606255,119.79264565576467,6.380765337518533,True
United_States_of_America.regions.Missouri:Andrew,3.433239775461107,1.981355252606255,35.67698018024252,6.380765337518533,True
United_States_of_America.regions.Missouri:Buchanan,135.7696471531676,0.7453889334402566,141.05448381365065,4.966033503850205,True
United_States_of_America.regions.Missouri:Caldwell,4.883720930232559,1.981355252606255,14.93843150111052,6.380765337518533,True
United_States_of_America.regions.Missouri:Carter,5.345629510825982,1.0340817963111468,30.861123646725254,9.79423338754208,True
United_States_of_America.regions.Missouri:Cedar,4.115878107457899,1.981355252606255,20.880118224868635,6.380765337518533,True
United_States_of_America.regions.Missouri:Clark,5.918203688853248,1.981355252606255,16.71620244418548,6.380765337518533,True
United_States_of_America.regions.Missouri:Clinton,5.769847634322375,1.981355252606255,29.724589390090003,6.380765337518533,True
United_States_of_America.regions.Missouri:Cole,30.97794707297514,1.1423416198877305,27.55979921848536,5.287516744491595,True
United_States_of_America.regions.Missouri:DeKalb,5.109262229350441,1.981355252606255,15.146148762851256,6.380765337518533,True
United_States_of_America.regions.Missouri:Gentry,5.539294306335205,1.981355252606255,11.068300028902904,6.380765337518533,True
United_States_of_America.regions.Missouri:Grundy,1.0,1.0,17.08416404511574,3.22040448280304,True
United_States_of_America.regions.Missouri:Holt,3.6331719128329296,1.7736077481840196,12.950612342376507,5.711734342986021,True
United_States_of_America.regions.Missouri:Howard,5.355854049719327,1.981355252606255,15.694036286017788,6.380765337518533,True
United_States_of_America.regions.Missouri:Lewis,3.4260697641576057,0.5932777856234996,52.73364488473058,5.086022957599708,True
United_States_of_America.regions.Missouri:Madison,4.931836407377707,1.981355252606255,9.927107637292501,6.380765337518533,True
United_States_of_America.regions.Missouri:Marion,3.0142635221013983,1.5719531139669543,10.223154068052262,5.062324854975376,True
United_States_of_America.regions.Missouri:Mississippi,41.0731102850062,1.2743848468755534,322.20637957476106,4.104034673694298,True
United_States_of_America.regions.Missouri:Moniteau,17.95489174017642,1.981355252606255,131.90540748027232,6.380765337518533,True
United_States_of_America.regions.Missouri:Perry,29.47373696872494,1.981355252606255,167.89586100294378,6.380765337518533,True
United_States_of_America.regions.Missouri:Platte,21.257618283881314,1.981355252606255,13.53834192060426,6.380765337518533,True
United_States_of_America.regions.Missouri:Pulaski,16.022453889334404,1.0671611868484363,21.37475871303603,4.64298506919337,True
United_States_of_America.regions.Missouri:Ralls,5.918203688853248,1.981355252606255,17.241992156332334,6.380765337518533,True
United_States_of_America.regions.Missouri:Randolph,4.821571772253408,1.981355252606255,17.75014331097124,6.380765337518533,True
United_States_of_America.regions.Missouri:Schuyler,0.37777777777777777,1.0,26.345642250625666,3.2204044828030396,True
United_States_of_America.regions.Missouri:Scotland,5.101643945469125,1.981355252606255,57.614493588800606,6.380765337518533,True
United_States_of_America.regions.Missouri:Scott,33.637730553327984,1.2145148356054531,83.7192292197348,4.377524958728559,True
United_States_of_America.regions.Missouri:Shelby,5.918203688853248,1.981355252606255,16.736902042924658,6.380765337518533,True
United_States_of_America.regions.Missouri:St. Francois,15.910986367281476,1.1253007217321573,18.005579710501653,5.107158953714176,True
United_States_of_America.regions.Missouri:Stone,5.329591018444266,1.981355252606255,17.243928422144986,6.380765337518533,True
United_States_of_America.regions.Missouri:Warren,12.069366479550922,1.981355252606255,31.040081737395738,6.380765337518533,True
United_States_of_America.regions.Missouri:Worth,5.620489174017643,1.981355252606255,42.18727806967841,6.380765337518533,True
United_States_of_America.regions.Nebraska:Burt,3.6066559743384126,1.981355252606255,49.94222244648677,6.380765337518533,True
United_States_of_America.regions.Nebraska:Colfax,192.9665196471532,1.5854049719326384,1844.2321493348627,2.683405353639397,True
United_States_of_America.regions.Nebraska:Dakota,1173.6954469156524,6.586445656735208,5871.976663890459,35.95464265734691,True
United_States_of_America.regions.Nebraska:Dixon,17.724192277383768,1.4081954294720254,359.23998782870564,4.534958873734462,True
United_States_of_America.regions.Nebraska:Dodge,42.67381716118685,1.981355252606255,113.3604578521715,6.380765337518533,True
United_States_of_America.regions.Nebraska:Gosper,2.8358059342421815,1.981355252606255,359.77319047057574,6.380765337518533,True
United_States_of_America.regions.Nebraska:Hall,740.159582999198,15.503608660785886,1195.405775658041,22.391137109062612,True
United_States_of_America.regions.Nebraska:Johnson,3.9454691259021653,1.981355252606255,59.27304610405501,6.380765337518533,True
United_States_of_America.regions.Nebraska:Kearney,4.296311146752206,1.981355252606255,38.76933531276527,6.380765337518533,True
United_States_of_America.regions.Nebraska:Merrick,9.155172413793105,1.981355252606255,184.98526800215143,6.380765337518533,True
United_States_of_America.regions.Nebraska:Nance,2.3354970090365277,1.7114674812269313,90.02077249473899,5.511617548714837,True
United_States_of_America.regions.Nebraska:Nemaha,5.918203688853248,1.981355252606255,16.71264876520997,6.380765337518533,True
United_States_of_America.regions.Nebraska:Polk,4.535284683239775,1.981355252606255,131.93685872858902,6.380765337518533,True
United_States_of_America.regions.Nebraska:Stanton,2.7937048917401768,1.981355252606255,122.67320183562175,6.380765337518533,True
United_States_of_America.regions.Nebraska:Thurston,15.10897435897436,1.1260683760683763,226.28617083080562,3.6263956462333375,True
United_States_of_America.regions.Nebraska:Washington,13.841218925421009,1.2205292702485966,77.8673493677989,3.273084143068252,True
United_States_of_America.regions.Nebraska:Wayne,3.482357658380112,1.981355252606255,14.409611918418468,6.380765337518533,True
United_States_of_America.regions.Nevada:Carson City,11.778267842822773,1.8520449077786687,12.88369675120884,6.14950712014321,True
United_States_of_America.regions.Nevada:Storey,0.0,1.0,21.03377936391052,3.22040448280304,True
United_States_of_America.regions.New Hampshire:Belknap,17.062750601443465,1.981355252606255,19.101964759536212,6.380765337518533,True
United_States_of_America.regions.New Jersey:Cape May,178.76583801122695,9.95850040096231,179.53216889591081,7.316697313338702,True
United_States_of_America.regions.New Jersey:Salem,133.9334402566159,4.127506014434644,203.5558645687673,3.7003173434638166,True
United_States_of_America.regions.New Jersey:Warren,471.05232558139545,32.75020048115478,431.8076916678419,27.128858061073863,True
United_States_of_America.regions.New Mexico:Los Alamos,5.04831595829992,1.981355252606255,18.047327137877872,6.380765337518533,True
United_States_of_America.regions.New York:Chemung,80.07758620689656,0.5729751403368084,81.99776599164726,3.6265997419296103,True
United_States_of_America.regions.New York:Cortland,15.745990376904569,1.981355252606255,26.894973173062674,6.380765337518533,True
United_States_of_America.regions.New York:Fulton,27.841820368885326,1.6204891740176421,43.066179892701086,5.704770959929014,True
United_States_of_America.regions.New York:Genesee,89.0336808340016,0.6712109061748196,145.30116272369636,4.010726212693716,True
United_States_of_America.regions.New York:Montgomery,20.13632718524459,1.1994787489975942,32.73986969256397,4.792263471224349,True
United_States_of_America.regions.New York:Orleans,52.00481154771451,1.7518043303929431,123.74312556916499,3.849226933751552,True
United_States_of_America.regions.New York:Putnam,481.12129109863673,21.804931836407377,474.15298864333,18.773150127943264,True
United_States_of_America.regions.New York:Schuyler,4.602846832397755,1.981355252606255,20.245654162714043,6.380765337518533,True
United_States_of_America.regions.New York:Seneca,27.890938251804332,1.4190056134723337,80.05225898321557,4.727573783150233,True
United_States_of_America.regions.New York:Tioga,17.81575781876504,1.3197674418604652,29.229305535493168,5.0082619440662794,True
United_States_of_America.regions.New York:Tompkins,89.52586206896552,0.8686848436246993,72.19878735767449,5.291833639552634,True
United_States_of_America.regions.New York:Yates,9.038291900561347,0.584001603849238,41.76945826120022,3.0771131717487337,True
United_States_of_America.regions.North Carolina:Alexander,2.989374498797113,1.981355252606255,11.22553551964493,6.380765337518533,True
United_States_of_America.regions.North Carolina:Alleghany,3.610866078588613,1.981355252606255,14.087637680967275,6.380765337518533,True
United_States_of_America.regions.North Carolina:Ashe,2.601643945469126,1.981355252606255,11.468825132416251,6.380765337518533,True
United_States_of_America.regions.North Carolina:Avery,0.7142857142857143,1.0,6.54371076630395,3.22040448280304,True
United_States_of_America.regions.North Carolina:Burke,71.61347233360064,4.588612670408982,64.5459443100537,1.700212510441811,True
United_States_of_America.regions.North Carolina:Caldwell,19.59943865276664,1.981355252606255,12.029617117025426,6.380765337518533,True
United_States_of_America.regions.North Carolina:Camden,1.0621634850709742,1.0,17.36634118592475,3.2204044828030405,True
United_States_of_America.regions.North Carolina:Carteret,14.362068965517242,0.2792702485966319,14.857757054092136,3.930770369675453,True
United_States_of_America.regions.North Carolina:Caswell,13.748997594226141,1.810946271050521,69.15219652946942,5.626876726849034,True
United_States_of_America.regions.North Carolina:Cherokee,6.675821972734565,1.0340817963111468,24.226287535071478,3.268771253564676,True
United_States_of_America.regions.North Carolina:Chowan,3.2959101844426626,1.981355252606255,32.816597363960156,6.380765337518533,True
United_States_of_America.regions.North Carolina:Clay,4.877906976744186,1.981355252606255,24.085155910901477,6.380765337518533,True
United_States_of_America.regions.North Carolina:Cleveland,33.47293504410585,0.6351242983159583,22.280110499165435,5.006316957996652,True
United_States_of_America.regions.North Carolina:Currituck,3.5144346431435443,1.981355252606255,10.293601725470321,6.380765337518533,True
United_States_of_America.regions.North Carolina:Dare,6.629911788291901,1.0170408981555734,16.715973093635387,3.7751441252440006,True
United_States_of_America.regions.North Carolina:Davie,16.85946271050521,0.785485164394547,33.256400877586394,3.029860031791913,True
United_States_of_America.regions.North Carolina:Edgecombe,72.97694466720128,1.4089815557337613,132.9749978113968,1.8983164172068703,True
United_States_of_America.regions.North Carolina:Franklin,57.73736968724939,6.957297514033681,70.50321247036929,7.655211878355609,True
United_States_of_America.regions.North Carolina:Gates,3.4091820368885326,1.981355252606255,47.06709008949167,6.380765337518533,True
United_States_of_America.regions.North Carolina:Graham,0.9279705573080967,1.0,19.16298712945168,3.2204044828030405,True
United_States_of_America.regions.North Carolina:Granville,99.75641539695269,2.1928628708901368,154.27949954885477,2.1563235221930244,True
United_States_of_America.regions.North Carolina:Greene,9.964113873295911,1.9372493985565358,57.84929417693926,6.171425292667239,True
United_States_of_America.regions.North Carolina:Haywood,4.762028869286287,1.981355252606255,7.705499218841342,6.380765337518533,True
United_States_of_America.regions.North Carolina:Henderson,113.84001603849241,9.18063352044908,80.63474200374111,4.294298417684108,True
United_States_of_America.regions.North Carolina:Hertford,15.379109863672815,1.0551323175621492,71.89346901590878,3.152606745420421,True
United_States_of_America.regions.North Carolina:Hoke,22.175220529270252,1.981355252606255,30.474462702178883,6.380765337518533,True
United_States_of_America.regions.North Carolina:Jackson,13.210375906792706,1.170367113651352,24.798797379600494,4.443825380247076,True
United_States_of_America.regions.North Carolina:Jones,10.58139534883721,0.7205292702485966,163.5109992226361,13.766735135736825,True
United_States_of_America.regions.North Carolina:Lee,67.9691259021652,1.8520449077786687,99.01125760341735,6.171454172191178,True
United_States_of_America.regions.North Carolina:Lenoir,36.952085004009625,0.9208099438652768,56.14443856371028,3.102060506049193,True
United_States_of_America.regions.North Carolina:Lincoln,9.997995188452288,1.981355252606255,9.618750849737756,6.380765337518533,True
United_States_of_America.regions.North Carolina:Macon,5.016038492381717,1.0040096230954292,16.69519626204583,3.655165389080734,True
United_States_of_America.regions.North Carolina:Madison,0.517094017094017,1.1260683760683763,2.8276449726054813,3.6263956462333375,True
United_States_of_America.regions.North Carolina:Martin,11.214314354450682,1.4540898155573376,58.52503343577875,4.358166384307008,True
United_States_of_America.regions.North Carolina:McDowell,13.175020048115474,1.48616680032077,22.75670888394768,5.298528139587146,True
United_States_of_America.regions.North Carolina:Mitchell,4.962910986367282,1.981355252606255,18.714071331633036,6.380765337518533,True
United_States_of_America.regions.North Carolina:Montgomery,15.249198075380916,0.7844827586206898,59.299365366846715,2.3088423218801823,True
United_States_of_America.regions.North Carolina:Pamlico,4.0968323977546115,1.981355252606255,31.00038234741402,6.380765337518533,True
United_States_of_America.regions.North Carolina:Pasquotank,15.830994386527667,1.518243785084202,34.919731888468725,5.2178699289155475,True
United_States_of_America.regions.North Carolina:Perquimans,4.417602245388934,1.3708901363271853,55.48726001323723,4.439366732954475,True
United_States_of_America.regions.North Carolina:Person,10.843023255813952,1.5513231756214916,22.721383812794535,5.291800847812878,True
United_States_of_America.regions.North Carolina:Polk,10.490176423416198,1.981355252606255,61.72164794033412,6.380765337518533,True
United_States_of_America.regions.North Carolina:Richmond,64.23376102646351,0.7654370489174018,136.45665440685363,2.971973162734542,True
United_States_of_America.regions.North Carolina:Rutherford,103.28107457898957,3.0559342421812348,142.14120752815467,1.615017629610705,True
United_States_of_America.regions.North Carolina:Scotland,8.238773055332798,1.981355252606255,21.271239640994775,6.380765337518533,True
United_States_of_America.regions.North Carolina:Stanly,12.1200882117081,0.8376102646351242,12.385066406053477,2.6795600552605,True
United_States_of_America.regions.North Carolina:Stokes,5.052927024859663,1.981355252606255,13.28625977698169,6.380765337518533,True
United_States_of_America.regions.North Carolina:Surry,8.045108259823577,1.6565757818765035,11.061734939481669,5.928319116644857,True
United_States_of_America.regions.North Carolina:Transylvania,4.662389735364877,1.981355252606255,15.168732816596968,6.380765337518533,True
United_States_of_America.regions.North Carolina:Tyrrell,3.6590961494120355,1.831219737145492,82.90737735733143,5.897268250500748,True
United_States_of_America.regions.North Carolina:Vance,44.91299117882919,1.6525661587810747,94.11224426016511,3.792979060673198,True
United_States_of_America.regions.North Carolina:Warren,8.07698476343224,1.981355252606255,53.718702761664794,6.380765337518533,True
United_States_of_America.regions.North Carolina:Washington,14.180834001603849,0.34943865276663993,159.92298384523667,13.067377731377004,True
United_States_of_America.regions.North Carolina:Watauga,4.3714915797915,1.981355252606255,15.13121319270727,6.380765337518533,True
United_States_of_America.regions.North Carolina:Wilson,68.54450681635926,1.4580994386527668,70.08307678814904,2.782000629576853,True
United_States_of_America.regions.North Carolina:Yadkin,14.254210104250198,1.1423416198877305,33.935025429706435,4.153315228089792,True
United_States_of_America.regions.North Carolina:Yancey,7.727987421383649,1.0,45.08325051406257,3.22040448280304,True
United_States_of_America.regions.Ohio:Allen,90.69005613472335,15.02465918203689,73.09795691900791,10.849128356520144,True
United_States_of_America.regions.Ohio:Ashland,4.220128307939054,1.981355252606255,15.547774178220168,6.380765337518533,True
United_States_of_America.regions.Ohio:Athens,4.980152365677626,0.9989975942261429,18.129204393749788,4.877010904619254,True
United_States_of_America.regions.Ohio:Auglaize,21.029671210906177,0.5569366479550922,38.94369684424979,2.118827151617458,True
United_States_of_America.regions.Ohio:Belmont,43.95809943865277,1.2085004009623095,53.68333042687464,2.4687408939810473,True
United_States_of_America.regions.Ohio:Brown,4.845829991980754,0.9857658380112271,10.713701078765567,4.088470682436962,True
United_States_of_America.regions.Ohio:Carroll,8.489374498797114,1.5513231756214916,34.96803394982649,4.782964650200545,True
United_States_of_America.regions.Ohio:Champaign,3.931234963913392,1.1603849238171613,10.015011241982613,4.269487650006398,True
United_States_of_America.regions.Ohio:Clinton,15.34422614274258,1.9633119486768245,30.78895410245005,6.337772333493013,True
United_States_of_America.regions.Ohio:Crawford,27.64133921411387,1.810946271050521,61.037229792824775,5.970081909659725,True
United_States_of_America.regions.Ohio:Defiance,7.625902165196471,1.5513231756214916,18.085883877906326,5.251686972237037,True
United_States_of_America.regions.Ohio:Erie,25.149358460304732,0.12830793905372895,20.971323321494122,3.618365778128956,True
United_States_of_America.regions.Ohio:Fayette,6.255012028869286,1.981355252606255,23.901885451390207,6.380765337518533,True
United_States_of_America.regions.Ohio:Fulton,11.685645549318364,1.981355252606255,21.882977790088464,6.380765337518533,True
United_States_of_America.regions.Ohio:Gallia,4.516840417000802,0.9901764234161988,14.467754557151443,3.166440292736029,True
United_States_of_America.regions.Ohio:Geauga,71.86246992782678,3.5952285485164395,61.999978858981336,2.6491919937862614,True
United_States_of_America.regions.Ohio:Guernsey,9.281275060144347,1.981355252606255,21.353461485501764,6.380765337518533,True
United_States_of_America.regions.Ohio:Hardin,15.641539695268648,1.981355252606255,49.64820913052333,6.380765337518533,True
United_States_of_America.regions.Ohio:Harrison,2.805084745762712,1.7736077481840196,32.60391185623357,5.711734342986021,True
United_States_of_America.regions.Ohio:Henry,2.858861267040898,1.981355252606255,10.448476225959316,6.380765337518533,True
United_States_of_America.regions.Ohio:Hocking,27.08540497193264,0.6160785886126705,98.02772091375145,1.9330735482213175,True
United_States_of_America.regions.Ohio:Holmes,3.6848436246992784,1.2205292702485966,13.588598856385596,4.650041992755889,True
United_States_of_America.regions.Ohio:Huron,10.20148356054531,1.031074578989575,10.158615776627995,4.74983018903283,True
United_States_of_America.regions.Ohio:Jackson,2.8714915797915,1.981355252606255,9.36716161320425,6.380765337518533,True
United_States_of_America.regions.Ohio:Jefferson,27.275661587810745,1.2385725741780271,30.094619726848098,5.243708041799852,True
United_States_of_America.regions.Ohio:Knox,6.092421812349639,1.0441058540497192,10.889469557608274,4.8768832436246665,True
United_States_of_America.regions.Ohio:Lawrence,12.987169206094627,1.981355252606255,17.414696082514734,6.380765337518533,True
United_States_of_America.regions.Ohio:Logan,6.430633520449079,1.981355252606255,12.052145817537669,6.380765337518533,True
United_States_of_America.regions.Ohio:Madison,33.417401764234164,0.820569366479551,67.91167755816237,2.326665210474041,True
United_States_of_America.regions.Ohio:Marion,1199.4033680834002,0.9368484362469927,1830.9929539877223,3.562639630977461,True
United_States_of_America.regions.Ohio:Meigs,4.952886928628709,1.981355252606255,14.940632884329274,6.380765337518533,True
United_States_of_America.regions.Ohio:Mercer,12.588011226944666,1.0441058540497192,25.111931018313694,4.104341072103844,True
United_States_of_America.regions.Ohio:Miami,104.23516439454693,16.131315156375297,81.67534886503445,10.773191289486821,True
United_States_of_America.regions.Ohio:Monroe,8.9971932638332,1.7237369687249398,90.47985609133937,5.3637447116963175,True
United_States_of_America.regions.Ohio:Morgan,4.564755412991179,1.981355252606255,16.52902940799734,6.380765337518533,True
United_States_of_America.regions.Ohio:Morrow,46.84522854851644,1.3408179631114676,129.91452939065996,4.5676502744105525,True
United_States_of_America.regions.Ohio:Noble,4.468724939855654,1.981355252606255,19.901528011065302,6.380765337518533,True
United_States_of_America.regions.Ohio:Ottawa,24.977746591820367,1.3748997594226142,56.44071515682194,4.884268130402825,True
United_States_of_America.regions.Ohio:Paulding,4.043504410585405,1.981355252606255,24.1720494282458,6.380765337518533,True
United_States_of_America.regions.Ohio:Perry,5.898356054530874,1.6204891740176421,16.456680380744825,5.382076903941811,True
United_States_of_America.regions.Ohio:Pickaway,1133.7650360866078,8.276463512429832,1929.0540872320357,11.955638191281333,True
United_States_of_America.regions.Ohio:Pike,4.430633520449079,1.981355252606255,13.595737796575726,6.380765337518533,True
United_States_of_America.regions.Ohio:Preble,16.629911788291903,1.0130312750601445,35.3481123666207,4.012182642087511,True
United_States_of_America.regions.Ohio:Putnam,55.575380914194064,7.315156375300721,162.30311969718775,21.151069447892503,True
United_States_of_America.regions.Ohio:Sandusky,11.812349639133924,1.3037289494787492,10.323897115348537,2.1349528927651282,True
United_States_of_America.regions.Ohio:Seneca,5.854450681635927,1.0100240577385726,12.466230993815898,4.62040578322573,True
United_States_of_America.regions.Ohio:Shelby,20.538091419406577,1.4250200481154773,34.90481178227062,5.2358071064199985,True
United_States_of_America.regions.Ohio:Union,6.41439454691259,1.981355252606255,9.008751492467319,6.380765337518533,True
United_States_of_America.regions.Ohio:Van Wert,5.0771852445870085,1.981355252606255,16.10031114521192,6.380765337518533,True
United_States_of_America.regions.Ohio:Vinton,13.325972660357518,1.0,106.89124807376336,3.2204044828030405,True
United_States_of_America.regions.Ohio:Williams,24.05172413793104,1.0801924619085808,62.16897822038407,3.924745522033757,True
United_States_of_America.regions.Ohio:Wyandot,12.098035284683242,0.7794707297514034,65.06322303827757,2.728987576005719,True
United_States_of_America.regions.Oklahoma:Coal,0.0,1.0,14.977957664603693,3.22040448280304,True
United_States_of_America.regions.Oklahoma:Love,5.3742983159583,1.981355252606255,14.2204707728515,6.380765337518533,True
United_States_of_America.regions.Oklahoma:Marshall,4.8055332798716925,1.981355252606255,11.969499232496872,6.380765337518533,True
United_States_of_America.regions.Oklahoma:Murray,5.3829190056134735,1.981355252606255,14.905016019099557,6.380765337518533,True
United_States_of_America.regions.Oklahoma:Ottawa,20.130713712910985,1.4250200481154773,64.61929117450643,4.593457840841123,True
United_States_of_America.regions.Oklahoma:Washington,135.75120288692864,6.603448275862069,254.6372625772553,10.786965276225514,True
United_States_of_America.regions.Pennsylvania:Cameron,5.668604651162791,1.981355252606255,12.677836532142898,6.380765337518533,True
United_States_of_America.regions.Pennsylvania:Carbon,130.10204490777866,7.620890136327185,191.23878748749556,9.062322668840274,True
United_States_of_America.regions.Pennsylvania:Columbia,181.30813953488374,5.108861267040899,267.5193632306592,5.152289004831155,True
United_States_of_America.regions.Pennsylvania:Forest,4.926022453889335,1.981355252606255,70.33695923154897,6.380765337518533,True
United_States_of_America.regions.Pennsylvania:Fulton,2.4388532477947074,1.9031676022453892,20.93924522806556,5.872747961585224,True
United_States_of_America.regions.Pennsylvania:Juniata,55.491178829190055,1.6565757818765035,229.74732942898808,5.069213947421407,True
United_States_of_America.regions.Pennsylvania:Lawrence,48.58159582999199,3.2062951082598232,42.65970691819251,1.798518721426283,True
United_States_of_America.regions.Pennsylvania:Mifflin,24.481355252606253,1.981355252606255,45.77632933924044,6.380765337518533,True
United_States_of_America.regions.Pennsylvania:Montour,32.989975942261424,1.981355252606255,196.63544941010923,6.380765337518533,True
United_States_of_America.regions.Pennsylvania:Northumberland,71.65196471531677,1.981355252606255,64.30668594595872,6.380765337518533,True
United_States_of_America.regions.Pennsylvania:Pike,178.0212510024058,3.806736166800321,309.1817633531751,4.943062367257761,True
United_States_of_America.regions.Pennsylvania:Snyder,21.16800320769848,0.9945870088211709,47.29567375409285,3.936575691761365,True
United_States_of_America.regions.Pennsylvania:Sullivan,5.788893344025662,1.981355252606255,14.60154030310279,6.380765337518533,True
United_States_of_America.regions.Pennsylvania:Union,24.82337610264635,1.6565757818765035,48.37833306496685,5.657796099645393,True
United_States_of_America.regions.Pennsylvania:Wyoming,16.386728147554127,0.5589414595028067,64.69875943502409,2.679822145661014,True
United_States_of_America.regions.Rhode Island:Bristol,86.89294306335205,1.981355252606255,171.22941800677754,6.380765337518533,True
United_States_of_America.regions.Rhode Island:Newport,108.8223736968725,1.5603448275862069,118.72662538026815,5.354936471213988,True
United_States_of_America.regions.South Carolina:Abbeville,9.202085004009623,1.981355252606255,43.44525126907915,6.380765337518533,True
United_States_of_America.regions.South Carolina:Allendale,7.269847634322374,0.5569366479550922,141.0268855877812,11.696989275994527,True
United_States_of_America.regions.South Carolina:Bamberg,4.606856455493184,1.981355252606255,53.45616894343022,6.380765337518533,True
United_States_of_America.regions.South Carolina:Calhoun,4.283279871692061,1.0942261427425821,18.458982090724422,2.6512916801664415,True
United_States_of_America.regions.South Carolina:Cherokee,9.817361668003208,1.9372493985565358,13.832636572330546,6.303791770241536,True
United_States_of_America.regions.South Carolina:Darlington,62.19987971130714,1.4831595829991981,81.49054172761775,5.632925910326097,True
United_States_of_America.regions.South Carolina:Dillon,18.597634322373697,1.981355252606255,61.436711721455026,6.380765337518533,True
United_States_of_America.regions.South Carolina:Edgefield,9.705292702485966,1.3678829190056137,38.70186385879755,4.130316571558733,True
United_States_of_America.regions.South Carolina:Greenwood,25.152967121090615,1.981355252606255,23.040074839205197,6.380765337518533,True
United_States_of_America.regions.South Carolina:Lee,27.978147554129915,2.1527666399358463,185.0913443429417,17.57167274150152,True
United_States_of_America.regions.South Carolina:Marion,16.51162790697675,0.64915797914996,54.14630131114665,2.067300716051455,True
United_States_of_America.regions.South Carolina:Marlboro,19.9037690457097,1.981355252606255,80.41594050456472,6.380765337518533,True
United_States_of_America.regions.South Carolina:McCormick,4.345429029671211,1.0240577385725742,41.83514978021934,4.216701991225452,True
United_States_of_America.regions.South Carolina:Saluda,10.836006415396954,1.981355252606255,64.44070551804153,6.380765337518533,True
United_States_of_America.regions.South Carolina:Union,15.579390537289497,1.981355252606255,60.08108599639453,6.380765337518533,True
United_States_of_America.regions.South Dakota:Buffalo,1.9768664563617244,1.0,155.2838211590933,3.2204044828030405,True
United_States_of_America.regions.South Dakota:Clay,3.963311948676824,1.981355252606255,22.15606728580714,6.380765337518533,True
United_States_of_America.regions.South Dakota:Davison,4.940457097032879,0.981355252606255,14.618982166826948,2.8466708644542695,True
United_States_of_America.regions.South Dakota:Douglas,0.1346059716103769,1.0,34.75569063916684,3.2204044828030405,True
United_States_of_America.regions.South Dakota:Hamlin,5.439053728949479,1.981355252606255,16.4908276663441,6.380765337518533,True
United_States_of_America.regions.South Dakota:Moody,8.66233931526028,1.7114674812269313,182.1726139789799,5.511617548714837,True
United_States_of_America.regions.South Dakota:Union,12.562149157979153,1.981355252606255,99.99244652815285,6.380765337518533,True
United_States_of_America.regions.Tennessee:Anderson,11.011427425821974,1.1794306335204492,9.619429356756722,5.339007148054264,True
United_States_of_America.regions.Tennessee:Bedford,110.82297514033682,0.5258620689655172,214.63172862943046,2.9779609976847454,True
United_States_of_America.regions.Tennessee:Benton,4.188051323175622,1.3959502806736166,15.666353570607358,2.758209818133395,True
United_States_of_America.regions.Tennessee:Bledsoe,374.764033680834,1.981355252606255,2511.4582210484446,6.380765337518533,True
United_States_of_America.regions.Tennessee:Bradley,27.945870088211706,1.314755412991179,14.038006289006594,5.76417127627066,True
United_States_of_America.regions.Tennessee:Campbell,4.056736166800321,1.518243785084202,10.234041534570904,5.21839530709322,True
United_States_of_America.regions.Tennessee:Cannon,4.853247794707297,1.981355252606255,44.451116536792775,6.380765337518533,True
United_States_of_America.regions.Tennessee:Carter,3.8903368083400167,1.1603849238171613,8.158184320802414,4.924911870140593,True
United_States_of_America.regions.Tennessee:Cheatham,16.27185244587009,1.981355252606255,34.758279640009825,6.380765337518533,True
United_States_of_America.regions.Tennessee:Chester,3.9534883720930236,1.981355252606255,24.980914181624513,6.380765337518533,True
United_States_of_America.regions.Tennessee:Claiborne,4.480553327987169,1.981355252606255,14.491693991959155,6.380765337518533,True
United_States_of_America.regions.Tennessee:Clay,4.5138331996792305,1.981355252606255,43.9149085381567,6.380765337518533,True
United_States_of_America.regions.Tennessee:Cocke,3.8532477947072974,1.981355252606255,10.052802171308898,6.380765337518533,True
United_States_of_America.regions.Tennessee:Coffee,25.03708901363272,1.981355252606255,34.309814832004704,6.380765337518533,True
United_States_of_America.regions.Tennessee:Crockett,7.310690580426495,1.0381302075977972,65.4241706160707,2.495044245538753,True
United_States_of_America.regions.Tennessee:DeKalb,6.21411387329591,1.981355252606255,41.81193556953767,6.380765337518533,True
United_States_of_America.regions.Tennessee:Decatur,4.837610264635125,1.981355252606255,19.83496422055965,6.380765337518533,True
United_States_of_America.regions.Tennessee:Dickson,39.1756214915798,1.981355252606255,63.161798069692836,6.380765337518533,True
United_States_of_America.regions.Tennessee:Dyer,15.502004811547714,1.981355252606255,38.06580023454133,6.380765337518533,True
United_States_of_America.regions.Tennessee:Grainger,4.2764635124298325,1.981355252606255,13.409569407825233,6.380765337518533,True
United_States_of_America.regions.Tennessee:Grundy,16.907578187650362,1.2205292702485966,155.1673861291304,2.5789956508126575,True
United_States_of_America.regions.Tennessee:Hamblen,3.525661587810746,0.7904971932638334,8.91899050933757,4.546813849326797,True
United_States_of_America.regions.Tennessee:Hancock,0.0,1.0,11.885335698465841,3.22040448280304,True
United_States_of_America.regions.Tennessee:Hawkins,18.93724939855653,0.7022854851643945,25.55171503387328,3.388090228672273,True
United_States_of_America.regions.Tennessee:Henderson,3.5653568564554936,1.981355252606255,12.584596576348499,6.380765337518533,True
United_States_of_America.regions.Tennessee:Houston,4.365276663993585,1.981355252606255,23.745458739790543,6.380765337518533,True
United_States_of_America.regions.Tennessee:Jackson,4.125701684041701,1.981355252606255,41.80957673468423,6.380765337518533,True
United_States_of_America.regions.Tennessee:Jefferson,5.3728949478749,1.9121892542101044,9.96343167472829,6.253843604522569,True
United_States_of_America.regions.Tennessee:Johnson,4.450882117080995,1.981355252606255,10.557163638436055,6.380765337518533,True
United_States_of_America.regions.Tennessee:Lake,211.96900417674217,1.884809848318312,3082.7506457516197,6.06985008475561,True
United_States_of_America.regions.Tennessee:Lauderdale,15.200681635926223,1.981355252606255,64.01124757123821,6.380765337518533,True
United_States_of_America.regions.Tennessee:Lewis,5.632718524458701,1.981355252606255,16.695553165071733,6.380765337518533,True
United_States_of_America.regions.Tennessee:Loudon,16.192060946271052,1.981355252606255,20.487733280845305,6.380765337518533,True
United_States_of_America.regions.Tennessee:Macon,29.30352846832398,0.7463913392141138,124.95142948724497,4.5821532260881614,True
United_States_of_America.regions.Tennessee:Marion,17.89895749799519,1.0441058540497192,63.57232134775628,3.3066303258009238,True
United_States_of_America.regions.Tennessee:Marshall,12.879310344827585,1.0551323175621492,35.32159237608059,3.6862986173902264,True
United_States_of_America.regions.Tennessee:McMinn,26.087409783480354,1.7317562149157977,42.42921635516245,5.91677485960193,True
United_States_of_America.regions.Tennessee:Meigs,1.7682437850842019,1.981355252606255,30.94444287185282,6.380765337518533,True
United_States_of_America.regions.Tennessee:Moore,3.306295399515739,1.7736077481840196,30.46016824942998,5.711734342986021,True
United_States_of_America.regions.Tennessee:Overton,3.6898556535685647,1.981355252606255,13.955085414806929,6.380765337518533,True
United_States_of_America.regions.Tennessee:Perry,2.532076984763433,1.981355252606255,60.52953036519012,6.380765337518533,True
United_States_of_America.regions.Tennessee:Pickett,0.9377593360995851,1.0,35.166270162592866,3.22040448280304,True
United_States_of_America.regions.Tennessee:Polk,4.308340016038493,1.981355252606255,31.638010460279425,6.380765337518533,True
United_States_of_America.regions.Tennessee:Putnam,87.69687249398558,1.3688853247794708,95.62833856326763,3.101663640995011,True
United_States_of_America.regions.Tennessee:Rhea,39.211950696677384,1.6444265809217578,117.41685224117164,5.295718732840904,True
United_States_of_America.regions.Tennessee:Roane,3.8532477947072974,1.981355252606255,14.149086092909357,6.380765337518533,True
United_States_of_America.regions.Tennessee:Robertson,88.00741780272655,1.981355252606255,109.93268543551997,6.380765337518533,True
United_States_of_America.regions.Tennessee:Sequatchie,3.7522052927024863,1.981355252606255,13.558566013146406,6.380765337518533,True
United_States_of_America.regions.Tennessee:Smith,9.81355252606255,1.1794306335204492,60.72776058024223,3.156143005092517,True
United_States_of_America.regions.Tennessee:Stewart,4.70850040096231,1.981355252606255,28.007581705677513,6.380765337518533,True
United_States_of_America.regions.Tennessee:Tipton,58.38071371291098,1.981355252606255,83.74113017640212,6.380765337518533,True
United_States_of_America.regions.Tennessee:Trousdale,538.8959502806737,0.7493985565356858,4814.783276092688,4.884496837644325,True
United_States_of_America.regions.Tennessee:Unicoi,5.593424218123497,1.981355252606255,16.576306491419302,6.380765337518533,True
United_States_of_America.regions.Tennessee:Union,5.183440256615879,1.981355252606255,15.854891308353773,6.380765337518533,True
United_States_of_America.regions.Tennessee:Van Buren,3.5579248186414603,1.884809848318312,26.642482753048377,6.06985008475561,True
United_States_of_America.regions.Tennessee:Warren,2.6333199679230157,1.981355252606255,10.181184725471848,6.380765337518533,True
United_States_of_America.regions.Tennessee:White,2.2163191659983963,1.981355252606255,7.0958556390886125,6.380765337518533,True
United_States_of_America.regions.Texas:Aransas,5.408981555733761,1.981355252606255,16.602649231649867,6.380765337518533,True
United_States_of_America.regions.Texas:Camp,3.891339214113873,1.981355252606255,27.263652927630005,6.380765337518533,True
United_States_of_America.regions.Texas:Delta,5.918203688853248,1.981355252606255,16.755135887101176,6.380765337518533,True
United_States_of_America.regions.Texas:Franklin,5.272654370489175,1.981355252606255,11.324333665129211,6.380765337518533,True
United_States_of_America.regions.Texas:Hood,10.269045709703288,0.6581796311146753,15.257450382920972,2.92750159475798,True
United_States_of_America.regions.Texas:Madison,3.442261427425822,1.981355252606255,9.746037098423754,6.380765337518533,True
United_States_of_America.regions.Texas:Marion,10.09978363242968,1.7114674812269313,131.65044394844523,5.511617548714837,True
United_States_of_America.regions.Texas:Morris,3.494386527666399,1.981355252606255,14.817217482084368,6.380765337518533,True
United_States_of_America.regions.Texas:Orange,48.41720128307939,1.491178829190056,44.1647574862664,5.792995632237466,True
United_States_of_America.regions.Texas:Rains,5.4851643945469135,1.981355252606255,15.51406350574367,6.380765337518533,True
United_States_of_America.regions.Texas:Sabine,4.732357658380113,1.981355252606255,7.331686330398664,6.380765337518533,True
United_States_of_America.regions.Texas:Titus,21.958700882117082,1.8941459502806737,65.90023170392023,6.114477391486226,True
United_States_of_America.regions.Texas:Waller,21.025661587810745,1.981355252606255,28.30137950785475,6.380765337518533,True
United_States_of_America.regions.Vermont:Grand Isle,4.808139534883721,1.981355252606255,29.947774201404645,6.380765337518533,True
United_States_of_America.regions.Vermont:Lamoille,16.306134723336005,1.0942261427425821,69.29198560741591,3.318890740674574,True
United_States_of_America.regions.Virginia:Accomack,90.58841218925421,1.0591419406575782,279.45641284153106,3.3679353068171904,True
United_States_of_America.regions.Virginia:Alleghany,4.245188452285485,1.981355252606255,17.840260899290897,6.380765337518533,True
United_States_of_America.regions.Virginia:Amelia,7.2514033680834,1.3408179631114676,80.2077112617212,2.4336963385774304,True
United_States_of_America.regions.Virginia:Amherst,4.3744987971130715,1.8510425020048116,14.008894632139409,5.968448455375064,True
United_States_of_America.regions.Virginia:Appomattox,11.662790697674419,1.981355252606255,94.50139398866705,6.380765337518533,True
United_States_of_America.regions.Virginia:Bristol city,5.630513231756215,1.981355252606255,16.57100230396291,6.380765337518533,True
United_States_of_America.regions.Virginia:Buena Vista city,3.88672814755413,1.981355252606255,74.44856502447335,6.380765337518533,True
United_States_of_America.regions.Virginia:Campbell,5.889334402566158,1.981355252606255,13.428792320641387,6.380765337518533,True
United_States_of_America.regions.Virginia:Carroll,7.441860465116279,1.981355252606255,25.92327843251939,6.380765337518533,True
United_States_of_America.regions.Virginia:Charles City,3.550521251002406,1.5854049719326384,103.22069460498257,4.416534725539741,True
United_States_of_America.regions.Virginia:Charlotte,4.702285485164396,1.981355252606255,53.88486157073779,6.380765337518533,True
United_States_of_America.regions.Virginia:Charlottesville city,27.22233360064154,0.8596631916599841,50.00128556469406,4.007617491400244,True
United_States_of_America.regions.Virginia:Clarke,3.6461507618283884,1.981355252606255,44.0196584550518,6.380765337518533,True
United_States_of_America.regions.Virginia:Colonial Heights city,55.58520449077787,3.7415797914996,337.55598121970695,26.192178656536846,True
United_States_of_America.regions.Virginia:Covington city,1.3982430453879942,1.0,40.08481482720047,3.2204044828030405,True
United_States_of_America.regions.Virginia:Craig,4.486367281475541,1.981355252606255,42.057414797784695,6.380765337518533,True
United_States_of_America.regions.Virginia:Culpeper,70.54190056134723,0.8807137129109864,124.96914442494511,4.28848981295762,True
United_States_of_America.regions.Virginia:Cumberland,5.494987971130714,1.981355252606255,97.43399547336932,6.380765337518533,True
United_States_of_America.regions.Virginia:Danville city,19.71010425020048,1.4250200481154773,44.2309663755177,4.9914555670391145,True
United_States_of_America.regions.Virginia:Dinwiddie,17.520649558941457,1.981355252606255,63.338765647381074,6.380765337518533,True
United_States_of_America.regions.Virginia:Emporia city,24.598235765838012,0.43965517241379315,567.2536844936016,33.36101524654563,True
United_States_of_America.regions.Virginia:Essex,20.065801196385383,1.7114674812269313,208.06993858279384,5.511617548714837,True
United_States_of_America.regions.Virginia:Fairfax city,30.08319967923015,0.6501603849238171,131.77114316992387,4.436071117440126,True
United_States_of_America.regions.Virginia:Falls Church city,30.89887887447791,1.8144647175203343,231.58341052342863,18.89749627466019,True
United_States_of_America.regions.Virginia:Floyd,4.480753809141941,1.981355252606255,11.200114791033458,6.380765337518533,True
United_States_of_America.regions.Virginia:Fluvanna,46.22594226142743,1.8299919807538092,172.60194244749695,7.119573923263579,True
United_States_of_America.regions.Virginia:Franklin city,11.163592622293505,1.4430633520449079,204.67924418252147,4.208216173071699,True
United_States_of_America.regions.Virginia:Frederick,81.65396952686447,1.5854049719326384,76.89976766791627,5.937436504455466,True
United_States_of_America.regions.Virginia:Fredericksburg city,17.304530874097836,1.981355252606255,61.14369700997378,6.380765337518533,True
United_States_of_America.regions.Virginia:Galax city,4.33440256615878,1.981355252606255,127.90930407346231,6.380765337518533,True
United_States_of_America.regions.Virginia:Giles,4.259422614274259,1.981355252606255,17.08788954630971,6.380765337518533,True
United_States_of_America.regions.Virginia:Gloucester,11.577987169206095,1.518243785084202,27.836733482706954,5.1407753313011915,True
United_States_of_America.regions.Virginia:Goochland,35.51623897353648,0.7183239775461107,156.3693571927305,3.2060674540500465,True
United_States_of_America.regions.Virginia:Grayson,16.009463722397477,1.0,106.6209583668949,3.2204044828030405,True
United_States_of_America.regions.Virginia:Greene,3.429230152365678,1.3408179631114676,21.416368708004413,3.350091366341507,True
United_States_of_America.regions.Virginia:Greensville,23.836607858861264,2.9165998396150763,249.02273427237822,33.6417610050892,True
United_States_of_America.regions.Virginia:Hanover,36.69406575781877,2.0685645549318363,18.734637605387125,5.351068409303712,True
United_States_of_America.regions.Virginia:Harrisonburg city,124.40657578187653,2.4093825180433037,225.6573702547925,5.823981203221623,True
United_States_of_America.regions.Virginia:Henry,8.33279871692061,1.2425821972734563,11.560268822042495,4.919497747802374,True
United_States_of_America.regions.Virginia:Highland,1.410869180385909,1.2743848468755534,91.69815570902554,4.104034673694298,True
United_States_of_America.regions.Virginia:Hopewell city,15.577385725741781,1.981355252606255,77.57228547945451,6.380765337518533,True
United_States_of_America.regions.Virginia:Isle of Wight,59.70669607056937,1.0230553327987169,157.27288238490652,3.7983731420739284,True
United_States_of_America.regions.Virginia:James City,104.88171611868485,2.4757417802726547,123.82034643217705,3.123714969527443,True
United_States_of_America.regions.Virginia:King George,17.60906174819567,1.2455894145950281,69.1174610586877,5.280192119089516,True
United_States_of_America.regions.Virginia:King William,2.132117080994387,1.4991980753809142,14.60991330883245,3.5690253257075883,True
United_States_of_America.regions.Virginia:King and Queen,4.53588612670409,1.981355252606255,20.36528185238065,6.380765337518533,True
United_States_of_America.regions.Virginia:Lancaster,4.3093424218123495,1.981355252606255,7.3893488499711255,6.380765337518533,True
United_States_of_America.regions.Virginia:Lee,3.1742181234963915,1.981355252606255,12.045847588183284,6.380765337518533,True
United_States_of_America.regions.Virginia:Lexington city,4.406375300721733,1.981355252606255,33.20692891985586,6.380765337518533,True
United_States_of_America.regions.Virginia:Louisa,25.33139534883721,1.981355252606255,63.51627261335096,6.380765337518533,True
United_States_of_America.regions.Virginia:Lunenburg,3.787690457097033,1.981355252606255,20.65198276803237,6.380765337518533,True
United_States_of_America.regions.Virginia:Lynchburg city,38.9360465116279,1.3408179631114676,33.557615519031295,5.60121942001441,True
United_States_of_America.regions.Virginia:Madison,4.9955894145950275,1.810946271050521,62.96551752902637,5.095726640921491,True
United_States_of_America.regions.Virginia:Manassas Park city,53.742983159583,0.9408580593424218,324.7922579205966,2.236774105216742,True
United_States_of_America.regions.Virginia:Manassas city,141.38552526062549,1.1363271852445869,338.68864947473736,4.323985326902328,True
United_States_of_America.regions.Virginia:Mathews,4.649558941459503,1.981355252606255,19.317857347834053,6.380765337518533,True
United_States_of_America.regions.Virginia:Middlesex,3.706696070569367,1.981355252606255,57.797480258817586,6.380765337518533,True
United_States_of_America.regions.Virginia:Montgomery,40.6355252606255,1.3959502806736166,26.516134119799272,5.7866566736603735,True
United_States_of_America.regions.Virginia:Nelson,3.4687249398556537,1.981355252606255,20.830523532205177,6.380765337518533,True
United_States_of_America.regions.Virginia:New Kent,13.260825982357657,1.369887730553328,65.10974035179323,3.9686352135094283,True
United_States_of_America.regions.Virginia:Northampton,44.793504410585406,1.6455493183640737,419.3235584956078,6.296437515247943,True
United_States_of_America.regions.Virginia:Northumberland,3.3690858059342417,1.810946271050521,35.27583293064825,4.971844448260709,True
United_States_of_America.regions.Virginia:Norton city,1.9228971962616825,1.315420560747664,41.42336743324475,4.236186270603064,True
United_States_of_America.regions.Virginia:Nottoway,3.324979951884523,1.981355252606255,35.84722210748568,6.380765337518533,True
United_States_of_America.regions.Virginia:Orange,17.403769045709705,1.981355252606255,43.39506129611771,6.380765337518533,True
United_States_of_America.regions.Virginia:Page,71.90537289494786,3.4358460304731357,307.4987490933127,14.81062237732585,True
United_States_of_America.regions.Virginia:Patrick,3.8651535380507354,1.315420560747664,28.68172370114682,4.236186270603064,True
United_States_of_America.regions.Virginia:Petersburg city,24.189254210104252,0.8105453087409783,76.9595888867384,2.636382900928585,True
United_States_of_America.regions.Virginia:Poquoson city,4.6700080192461915,1.981355252606255,26.884071614808718,6.380765337518533,True
United_States_of_America.regions.Virginia:Portsmouth city,74.47574178027264,1.6746190858059342,64.0232733862648,2.9121134658467303,True
United_States_of_America.regions.Virginia:Powhatan,4.723336006415397,1.981355252606255,16.424215765134708,6.380765337518533,True
United_States_of_America.regions.Virginia:Prince Edward,3.6708099438652773,1.2846832397754613,23.904578888760096,3.3254543436110082,True
United_States_of_America.regions.Virginia:Prince George,23.38352044907779,1.981355252606255,56.728027586737824,6.380765337518533,True
United_States_of_America.regions.Virginia:Pulaski,4.718323977546111,1.981355252606255,14.89647198700524,6.380765337518533,True
United_States_of_America.regions.Virginia:Radford city,4.778468323977546,1.981355252606255,12.472480430003387,6.380765337518533,True
United_States_of_America.regions.Virginia:Rappahannock,2.1982758620689657,1.981355252606255,70.4614814804317,6.380765337518533,True
United_States_of_America.regions.Virginia:Richmond,122.48997594226144,0.890737770649559,1411.9240617347614,12.818221432712294,True
United_States_of_America.regions.Virginia:Roanoke,27.32457898957498,1.981355252606255,15.137127828646022,6.380765337518533,True
United_States_of_America.regions.Virginia:Roanoke city,41.37129109863673,1.8520449077786687,26.48602980856584,6.250337223756002,True
United_States_of_America.regions.Virginia:Russell,3.4242181234963915,1.981355252606255,10.097153708446738,6.380765337518533,True
United_States_of_America.regions.Virginia:Salem city,13.399157979149958,1.981355252606255,58.02318915541686,6.380765337518533,True
United_States_of_America.regions.Virginia:Shenandoah,70.73496391339215,0.6120689655172414,155.75884610408056,3.2413525369659526,True
United_States_of_America.regions.Virginia:Smyth,6.728949478748998,1.981355252606255,22.42915564690466,6.380765337518533,True
United_States_of_America.regions.Virginia:Staunton city,7.962109061748197,1.981355252606255,37.404176195679774,6.380765337518533,True
United_States_of_America.regions.Virginia:Suffolk city,90.80392943063353,3.1832397754611073,84.04086231766478,3.859759433178444,True
United_States_of_America.regions.Virginia:Surry,4.642943063352045,1.2205292702485966,40.83375160159945,7.006890108310938,True
United_States_of_America.regions.Virginia:Sussex,20.34101844426624,1.1994787489975942,222.00073757153098,2.585017431612214,True
United_States_of_America.regions.Virginia:Tazewell,4.067963111467522,1.981355252606255,14.168991131200555,6.380765337518533,True
United_States_of_America.regions.Virginia:Warren,32.78628708901363,1.981355252606255,76.57650350964279,6.380765337518533,True
United_States_of_America.regions.Virginia:Washington,23.15597433841219,0.6591820368885325,33.71893616255121,3.0654565484224343,True
United_States_of_America.regions.Virginia:Waynesboro city,5.994386527666399,1.981355252606255,34.78019791991458,6.380765337518533,True
United_States_of_America.regions.Virginia:Westmoreland,19.381114675220527,1.981355252606255,123.70625534772662,6.380765337518533,True
United_States_of_America.regions.Virginia:Williamsburg city,8.428428227746593,1.0040096230954292,76.28400710366842,2.6559709264303315,True
United_States_of_America.regions.Virginia:Winchester city,32.01603849238172,1.981355252606255,116.38517084504838,6.380765337518533,True
United_States_of_America.regions.Virginia:Wise,13.195669607056937,0.8546511627906976,32.60920840143185,3.366817581010074,True
United_States_of_America.regions.Virginia:Wythe,5.148757016840417,1.2656375300721732,17.874134464806428,3.954874122880776,True
United_States_of_America.regions.Virginia:York,24.501804330392943,1.2425821972734563,24.225802673651728,5.298789568138336,True
United_States_of_America.regions.Washington:Island,123.25441058540497,3.7135124298315962,130.62926641106418,1.364148049402077,True
United_States_of_America.regions.Washington:San Juan,6.6990777866880515,1.981355252606255,47.268686572411276,6.380765337518533,True
United_States_of_America.regions.Washington:Wahkiakum,4.9490777866880515,1.981355252606255,37.418227368597194,6.380765337518533,True
United_States_of_America.regions.West Virginia:Barbour,4.14635124298316,1.2425821972734563,15.400594787450132,2.765149043795264,True
United_States_of_America.regions.West Virginia:Brooke,5.3496391339214115,1.981355252606255,16.676970787217357,6.380765337518533,True
United_States_of_America.regions.West Virginia:Cabell,30.825982357658376,1.981355252606255,20.68205926355107,6.380765337518533,True
United_States_of_America.regions.West Virginia:Calhoun,0.5322064869803563,1.0662402923709455,15.951758610427335,3.433725017296617,True
United_States_of_America.regions.West Virginia:Clay,0.9795704557359873,1.0,20.04676119345445,3.22040448280304,True
United_States_of_America.regions.West Virginia:Gilmer,5.544871794871795,1.1260683760683763,86.30564369062108,3.6263956462333375,True
United_States_of_America.regions.West Virginia:Grant,2.4108266890474193,1.9347461183382293,16.727482109119993,6.230665072582213,True
United_States_of_America.regions.West Virginia:Hancock,4.046110665597434,1.981355252606255,13.972673264697951,6.380765337518533,True
United_States_of_America.regions.West Virginia:Harrison,21.143744987971132,1.0801924619085808,23.527328785122037,5.040865862828284,True
United_States_of_America.regions.West Virginia:Jackson,67.39274258219727,3.904971932638332,237.76729030343316,14.130479792814896,True
United_States_of_America.regions.West Virginia:Jefferson,41.98115477145149,1.8941459502806737,63.328671442881216,6.228157451882477,True
United_States_of_America.regions.West Virginia:Lewis,4.6381315156375305,1.981355252606255,13.544173298212014,6.380765337518533,True
United_States_of_America.regions.West Virginia:Lincoln,2.6331565598339863,1.831219737145492,7.941484666975122,5.897268250500748,True
United_States_of_America.regions.West Virginia:Logan,4.707297514033681,1.1603849238171613,14.733709308663707,3.816755440928715,True
United_States_of_America.regions.West Virginia:Marion,32.4817562149158,0.6100641539695268,47.99999002176129,3.3705229947563873,True
United_States_of_America.regions.West Virginia:Marshall,3.0819967923015237,1.981355252606255,10.07898058346196,6.380765337518533,True
United_States_of_America.regions.West Virginia:Mason,5.379310344827586,1.981355252606255,20.415845287387572,6.380765337518533,True
United_States_of_America.regions.West Virginia:Mercer,3.4386527666399362,1.981355252606255,13.598618113747548,6.380765337518533,True
United_States_of_America.regions.West Virginia:Mineral,10.036688051323177,1.981355252606255,40.824991589629775,6.380765337518533,True
United_States_of_America.regions.West Virginia:Mingo,4.1722618548048676,0.948279479647503,12.023919797752479,2.900143999506667,True
United_States_of_America.regions.West Virginia:Monongalia,71.59723336006415,1.4500801924619084,52.149044866130254,3.5570354643138034,True
United_States_of_America.regions.West Virginia:Monroe,4.629109863672816,1.981355252606255,23.1306379138096,6.380765337518533,True
United_States_of_America.regions.West Virginia:Morgan,4.327385725741781,1.981355252606255,36.21817081650542,6.380765337518533,True
United_States_of_America.regions.West Virginia:Ohio,18.15998396150762,1.1794306335204492,38.28693391842016,4.444263878761666,True
United_States_of_America.regions.West Virginia:Pleasants,5.32878909382518,1.981355252606255,13.113662000774926,6.380765337518533,True
United_States_of_America.regions.West Virginia:Putnam,8.782076984763433,1.93925421010425,9.303213776693783,6.306184217054398,True
United_States_of_America.regions.West Virginia:Ritchie,0.0,1.0,7.246415697226267,3.22040448280304,True
United_States_of_America.regions.West Virginia:Roane,3.1651964715316763,1.981355252606255,17.119028415843363,6.380765337518533,True
United_States_of_America.regions.West Virginia:Summers,5.788893344025662,1.981355252606255,16.70016599573173,6.380765337518533,True
United_States_of_America.regions.West Virginia:Taylor,4.187249398556536,1.981355252606255,22.788061029190676,6.380765337518533,True
United_States_of_America.regions.West Virginia:Tucker,4.788091419406576,1.981355252606255,31.995744765192924,6.380765337518533,True
United_States_of_America.regions.West Virginia:Tyler,5.329591018444266,1.981355252606255,20.8285184352707,6.380765337518533,True
United_States_of_America.regions.West Virginia:Upshur,4.470729751403368,1.981355252606255,13.778369514563236,6.380765337518533,True
United_States_of_America.regions.West Virginia:Wayne,81.7900962309543,5.141940657578187,202.85712691626878,11.757402092749686,True
United_States_of_America.regions.West Virginia:Wetzel,4.798917401764234,1.981355252606255,13.068033480022264,6.380765337518533,True
United_States_of_America.regions.West Virginia:Wirt,4.923817161186848,1.981355252606255,24.63920163795927,6.380765337518533,True
United_States_of_America.regions.West Virginia:Wood,23.081194867682434,0.7323576583801124,16.977924680527977,4.818069490441079,True
United_States_of_America.regions.Wisconsin:Calumet,2.6874498797113073,1.981355252606255,12.429849082464559,6.380765337518533,True
United_States_of_America.regions.Wisconsin:Door,6.272453889334403,0.221130713712911,25.39536383162041,1.3857047778724556,True
United_States_of_America.regions.Wisconsin:Florence,5.632718524458701,1.981355252606255,28.275100129477853,6.380765337518533,True
United_States_of_America.regions.Wisconsin:Green Lake,2.2917124642778637,1.884809848318312,22.667891055322276,6.06985008475561,True
United_States_of_America.regions.Wisconsin:Kewaunee,13.61968724939856,1.0250601443464316,78.22900776273629,2.9421391665089316,True
United_States_of_America.regions.Wisconsin:Marquette,5.212109061748196,1.1794306335204492,15.835724536194702,2.617606473121121,True
United_States_of_America.regions.Wisconsin:Menominee,5.593424218123497,1.981355252606255,13.228945551638263,6.380765337518533,True
United_States_of_America.regions.Wisconsin:Ozaukee,64.81355252606255,6.204891740176424,58.118425142113416,2.9780064057470774,True
United_States_of_America.regions.Wisconsin:Pepin,0.0,1.0,10.502663995308662,3.2204044828030396,True
Brazil.regions.AM:Apuí,19.28301886792453,1.0,89.0884239335467,3.22040448280304,False
Brazil.regions.AM:Atalaia do Norte,2.174311926605504,1.0,12.714096428825414,3.22040448280304,False
Brazil.regions.AM:Coari,490.02733118971065,25.844587352625943,567.8437824272864,27.304268849689077,False
Brazil.regions.AM:Japurá,18.248576850094878,1.0,695.4575211104773,3.2204044828030396,False
Brazil.regions.AM:Jutaí,13.844226142742583,1.5513231756214916,122.74000212694742,8.168619976562667,False
Brazil.regions.AM:Lábrea,21.080700945353932,1.831219737145492,40.43229680696547,5.897268250500748,False
Brazil.regions.AM:Santa Isabel do Rio Negro,5.456856376218049,1.0381302075977972,24.106951460500287,3.112956687095568,False
Brazil.regions.MS:Corumbá,3.6387329591018447,1.981355252606255,17.89800233036831,6.380765337518533,False
Brazil.regions.PA:Almeirim,9.175213675213675,0.1645299145299145,26.43775888902152,0.8073787840020746,False
Brazil.regions.PA:Itaituba,3.056335204490778,1.7317562149157977,16.384520583265644,6.134240464988526,False
Brazil.regions.PA:Jacareacanga,0.8978529603122967,0.10214703968770332,19.81458714618466,8.33510140024993,False
Sweden.regions.Västerbotten,140.5332798716921,3.598235765838011,32.30568695820785,4.645365600949616,False
United_States_of_America.regions.Alaska:Matanuska-Susitna Borough,9.186647955092223,1.2425821972734563,12.60335406788793,5.698718147019537,False
United_States_of_America.regions.Alaska:Nome Census Area,3.3958837772397095,1.7736077481840196,8.549053010036435,5.711734342986021,False
United_States_of_America.regions.Alaska:Southeast Fairbanks Census Area,5.358861267040898,1.981355252606255,8.832844249845547,6.380765337518533,False
Brazil.regions.RJ:Rio de Janeiro,1275.6583801122695,69.88732959101843,5.414864159784675,5.31590829003531,False
El_Salvador,182.71611868484365,4.222734562951083,19.32595079859926,6.287218306256227,False
Lebanon,248.28087409783478,4.453287890938252,18.55329543437974,6.292042161237254,False
United_States_of_America.regions.Maryland,4345.237570168404,128.619286287089,50.38541930153424,4.223804216170882,False
United_States_of_America.regions.Massachusetts,29.233159582999196,1.981355252606255,21.781438689015417,6.380765337518533,False
United_States_of_America.regions.Idaho,1247.5158380112268,27.436447473937452,48.167912647495235,4.745674934654672,False
United_States_of_America.regions.Kansas,867.7987169206094,34.833199679230155,9.09644905909964,5.1186546899584675,False
United_States_of_America.regions.Nebraska,54.754210104250205,1.5172413793103448,19.091233923422713,6.352212644322716,False
United_States_of_America.regions.Utah,648.357056936648,2.7131114675220527,3.9091772596358076,6.262388607074042,False
Bahamas,40.729751403368084,5.284282277465918,12.125869238321489,4.58020917231025,False
Brazil.regions.AC:Cruzeiro do Sul,139.8052319191031,1.0472631347548915,146.60286498654835,5.12214175493369,False
Brazil.regions.AC:Manoel Urbano,0.0,1.0,7.351537582954439,3.22040448280304,False
Brazil.regions.AC:Rio Branco,113.10665597433842,3.867882919005613,7.349213182031721,5.051833669997699,False
Brazil.regions.AM:Caapiranga,27.404366112557582,0.49529341077508515,217.28891674748238,5.3501559281621995,False
Brazil.regions.AM:Fonte Boa,76.76006408972562,2.6282795914279995,440.24341391692695,16.613199220613385,False
Brazil.regions.AM:Itacoatiara,93.29310344827587,8.161186848436246,76.6317412325504,5.1173240234817055,False
Brazil.regions.AM:Santo Antônio do Içá,66.04149959903769,1.388933440256616,315.4657172407256,5.41767975272125,False
Brazil.regions.AM:São Sebastião do Uatumã,16.047008547008545,1.1260683760683763,120.76942836684489,3.6263956462333375,False
Brazil.regions.AM:Uarini,20.490909090909092,1.0,155.50122838949457,3.22040448280304,False
Brazil.regions.AP:Pedra Branca do Amapari,72.0673438675696,0.7648607975921746,442.6135704432561,6.805686931277444,False
Brazil.regions.BA:Barra,5.608460304731356,1.981355252606255,18.93909181241827,6.380765337518533,False
Brazil.regions.BA:Cocos,3.1904761904761907,1.0,19.09666528593632,3.22040448280304,False
Brazil.regions.BA:Jaborandi,0.0,1.0,8.705653954883305,3.22040448280304,False
Brazil.regions.BA:Pilão Arcado,0.0,1.0,0.3671746266058249,3.22040448280304,False
Brazil.regions.BA:Sento Sé,0.0,1.0,0.7624357481653443,3.22040448280304,False
Brazil.regions.GO:Mineiros,9.841177648708191,1.1802523532946123,11.699836005552928,3.800889969388807,False
Brazil.regions.GO:Niquelândia,0.6829602558245774,1.0662402923709455,2.067600684341137,3.433725017296617,False
Brazil.regions.MA:Alto Parnaíba,3.950075642965204,1.0,41.01619643735071,3.2204044828030396,False
Brazil.regions.MA:Grajaú,29.58490566037736,1.0,40.81659694353299,3.22040448280304,False
Brazil.regions.MS:Três Lagoas,38.81214915797915,0.6672012830793905,16.37887008245825,4.4096128494659474,False
Brazil.regions.MT:Alta Floresta,3.9685244587008826,1.981355252606255,16.583073300888028,6.380765337518533,False
Brazil.regions.MT:Barra do Garças,30.956644541731393,0.6770230193475498,44.93589552177879,2.0371850746923887,False
Brazil.regions.MT:Campo Novo do Parecis,5.620489174017643,1.981355252606255,18.609407060435885,6.380765337518533,False
Brazil.regions.MT:Canarana,5.303728949478749,1.981355252606255,15.814087048794088,6.380765337518533,False
Brazil.regions.MT:Cotriguaçu,0.4879635653871178,0.8893949251789199,4.313588253334267,3.0680440205505044,False
Brazil.regions.MT:Marcelândia,0.0,1.0,6.304312156876929,3.22040448280304,False
Brazil.regions.MT:Nova Mutum,1.6168805132317565,1.455092221331195,8.659396974142123,5.221033680603156,False
Brazil.regions.MT:Nova Ubiratã,3.127272727272727,1.0,31.225203322844823,3.22040448280304,False
Brazil.regions.MT:Ribeirão Cascalheira,2.0,1.0,26.17406935611524,3.2204044828030405,False
Brazil.regions.MT:Rondolândia,1.0,1.0,46.7670986414159,3.22040448280304,False
Brazil.regions.MT:Santo Antônio do Leverger,0.22693997071742314,1.0,4.158354061323873,3.2204044828030405,False
Brazil.regions.MT:Sorriso,24.170616113744074,1.0,24.650019613112367,3.2204044828030405,False
Brazil.regions.MT:Tangará da Serra,3.1854450681635926,1.981355252606255,14.277093143962253,6.380765337518533,False
Brazil.regions.PA:Anapu,26.691768475866212,1.1802523532946123,96.3467061598239,3.800889969388807,False
Brazil.regions.PA:Breves,260.03467297084325,32.010244286840035,246.27491554920195,28.26021913704873,False
Brazil.regions.PA:Chaves,3.187893081761006,0.3121069182389937,14.437364551058774,1.6902385376413858,False
Brazil.regions.PA:Faro,0.0,1.0,10.680068133265907,3.22040448280304,False
Brazil.regions.PA:Moju,139.10815402038506,7.206115515288789,167.5065117606554,7.526256509027201,False
Brazil.regions.PA:Pacajá,18.444592790387187,1.5640854472630177,35.62394209018573,2.764883204190028,False
Brazil.regions.PA:Santa Maria das Barreiras,0.0,1.0,1.4418175322093147,3.2204044828030396,False
Brazil.regions.PA:Santana do Araguaia,15.08783344176968,0.3623942745608328,19.034143916720442,2.344776915834932,False
Brazil.regions.PA:Trairão,14.782037239868565,1.0,79.8910665786987,3.2204044828030405,False
Brazil.regions.PA:Uruará,15.655619596541788,1.0,33.526832571507136,3.220404482803041,False
Brazil.regions.RO:Nova Mamoré,5.565217391304348,0.7058823529411764,18.24648035944379,2.2877519653997656,False
Brazil.regions.RO:São Francisco do Guaporé,0.6,0.6666666666666666,4.674592063135972,2.718259108004974,False
Brazil.regions.RO:Vilhena,1.499599037690457,1.981355252606255,15.16638279547405,6.380765337518533,False
Brazil.regions.RR:Caroebe,18.474066206408214,0.5751460435475305,197.68472728595793,5.450400512151058,False
Brazil.regions.RR:Mucajaí,13.508842443729906,1.6444265809217578,85.09431941543058,5.295718732840904,False
Montenegro,249.87089013632723,2.036487570168404,21.838175956504088,5.752112462446848,False
Sweden.regions.Jönköping,151.96511627906978,8.558139534883722,21.943071782756853,3.644620539702382,False
Sweden.regions.Kalmar,56.94807538091419,1.915196471531676,8.349134287717304,4.905855955131593,False
Sweden.regions.Uppsala,209.3309943865277,7.524659182036888,35.42186398265848,4.006019784206676,False
Sweden.regions.Örebro,189.3133520449078,1.578388131515638,42.871660026018105,5.566243488004411,False
Sweden.regions.Östergötland,806.9875701684041,33.906976744186046,154.11020037239322,2.779209540797845,False
United_States_of_America.regions.Alaska:Ketchikan Gateway Borough,8.401363271852446,1.981355252606255,81.65177018435242,6.380765337518533,False
United_States_of_America.regions.Alaska:Prince of Wales-Hyder Census Area,5.623897353648757,1.981355252606255,19.372824371517865,6.380765337518533,False
United_States_of_America.regions.Arizona:Gila,4.303327987169206,1.8520449077786687,8.95522255968848,6.141381530588277,False
United_States_of_America.regions.Arizona:Graham,4.957898957497995,1.981355252606255,16.824226947428823,6.380765337518533,False
United_States_of_America.regions.Arizona:La Paz,2.665998396150762,0.7694466720128308,21.74893721360761,1.4422744692628666,False
United_States_of_America.regions.Arizona:Pinal,96.16920609462711,1.3358059342421813,5.413063994556602,6.006911947382289,False
United_States_of_America.regions.California:Humboldt,4.650160384923818,1.981355252606255,14.897617540748174,6.380765337518533,False
United_States_of_America.regions.California:Imperial,173.80994386527667,2.4354450681635926,77.48767196878636,4.102306389573803,False
United_States_of_America.regions.California:Lassen,2.3333333333333335,1.0,7.682461880763942,3.22040448280304,False
United_States_of_America.regions.California:Mendocino,2.9971932638332004,1.981355252606255,15.99106116515065,6.380765337518533,False
United_States_of_America.regions.California:Monterey,107.85565356856455,1.1563753007217321,9.17255291295252,5.666016518783791,False
United_States_of_America.regions.California:San Luis Obispo,104.33961507618284,1.2205292702485966,18.70184107537205,6.112027640163907,False
United_States_of_America.regions.California:Shasta,10.087209302325581,0.4426623897353649,13.171068313074343,5.194555484070168,False
United_States_of_America.regions.California:Tulare,230.07117080994388,9.559542902967122,28.813589946783086,3.9669669876174036,False
United_States_of_America.regions.Colorado:Las Animas,4.765437048917402,1.981355252606255,12.945433952947308,6.380765337518533,False
United_States_of_America.regions.Colorado:Moffat,4.428829190056135,1.981355252606255,21.50387172581503,6.380765337518533,False
United_States_of_America.regions.Colorado:Weld,728.9793504410584,40.86968724939856,204.6172935384132,7.507368117922777,False
United_States_of_America.regions.Hawaii:Hawaii,38.27886928628708,1.981355252606255,8.992130949090225,6.380765337518533,False
United_States_of_America.regions.Idaho:Custer,5.6144747393745,1.981355252606255,27.69276346301888,6.380765337518533,False
United_States_of_America.regions.Idaho:Lemhi,0.6132478632478632,1.1260683760683763,7.369464898989633,3.6263956462333375,False
United_States_of_America.regions.Idaho:Valley,5.618484362469929,1.981355252606255,16.57990339859314,6.380765337518533,False
United_States_of_America.regions.Maine:Piscataquis,2.398628503279666,1.4934406678592727,7.891044250597506,4.809483021574367,False
United_States_of_America.regions.Maine:Somerset,8.616680032076983,1.981355252606255,16.17462879953925,6.380765337518533,False
United_States_of_America.regions.Montana:Big Horn,3.403167602245389,1.981355252606255,15.532282250195143,6.380765337518533,False
United_States_of_America.regions.Montana:Lewis and Clark,7.64234161988773,1.981355252606255,13.601384029752527,6.380765337518533,False
United_States_of_America.regions.Montana:Lincoln,5.077987169206095,0.9857658380112271,20.52169165142917,2.86186607568926,False
United_States_of_America.regions.Montana:Madison,4.737369687249399,1.0551323175621492,64.34243174604916,4.864452772325328,False
United_States_of_America.regions.Nevada:Churchill,2.6434381182677518,0.9230600131897123,7.833165236774036,2.868745711432513,False
United_States_of_America.regions.Nevada:Mineral,2.5617850586075415,1.5719531139669543,70.21944062597467,5.062324854975376,False
United_States_of_America.regions.New Mexico:Cibola,33.59402566158781,0.3995589414595028,129.5939854542431,2.10988786661325,False
United_States_of_America.regions.New Mexico:Colfax,5.024057738572575,1.981355252606255,23.731985270933926,6.380765337518533,False
United_States_of_America.regions.New Mexico:Doña Ana,71.14695268644748,1.221531676022454,13.577415097409743,6.032533903900072,False
United_States_of_America.regions.New Mexico:Eddy,4.77064955894146,0.981355252606255,12.44966172191909,4.670194006694038,False
United_States_of_America.regions.New Mexico:Grant,7.659382518043304,1.981355252606255,29.63253396475548,6.380765337518533,False
United_States_of_America.regions.New Mexico:Lea,2.3336006415396957,1.981355252606255,14.375824761543248,6.380765337518533,False
United_States_of_America.regions.New Mexico:Lincoln,5.388933440256617,1.981355252606255,15.885325203166841,6.380765337518533,False
United_States_of_America.regions.New Mexico:San Miguel,5.27766639935846,1.981355252606255,16.585469338017617,6.380765337518533,False
United_States_of_America.regions.New Mexico:Sandoval,201.81996792301524,2.4735364875701684,120.05329855323238,3.5890186712916607,False
United_States_of_America.regions.New Mexico:Sierra,0.0,1.0,6.046577261242924,3.2204044828030396,False
United_States_of_America.regions.New Mexico:Union,1.6260683760683758,1.1260683760683763,68.39866538232458,3.6263956462333375,False
United_States_of_America.regions.Oregon:Grant,5.918203688853248,1.981355252606255,16.708296542630467,6.380765337518533,False
United_States_of_America.regions.Oregon:Lane,30.87971130713713,0.7708500400962309,14.423932231455298,6.063934726000129,False
United_States_of_America.regions.Texas:Pecos,6.155773857257418,1.981355252606255,59.802180023003935,6.380765337518533,False
United_States_of_America.regions.Texas:Webb,220.68704891740177,7.5376904570970344,60.16107712067308,3.0019956769995684,False
United_States_of_America.regions.Utah:Emery,4.5803929430633525,1.981355252606255,24.742043301214142,6.380765337518533,False
United_States_of_America.regions.Utah:Grand,4.317361668003208,1.981355252606255,12.783759053562074,6.380765337518533,False
United_States_of_America.regions.Utah:Kane,5.307137129109864,1.981355252606255,22.323758813352637,6.380765337518533,False
United_States_of_America.regions.Utah:Uintah,4.655172413793104,1.981355252606255,15.261220175672307,6.380765337518533,False
United_States_of_America.regions.Washington:Yakima,498.50521251002414,19.245789895749805,179.29244907401545,3.344407441744638,False
United_States_of_America.regions.Wyoming:Albany,3.92542101042502,1.981355252606255,13.470516956084001,6.380765337518533,False
United_States_of_America.regions.Wyoming:Campbell,9.19907778668805,1.981355252606255,15.419634525547067,6.380765337518533,False
United_States_of_America.regions.Wyoming:Converse,10.673616680032078,1.981355252606255,104.99464434928788,6.380765337518533,False
United_States_of_America.regions.Wyoming:Johnson,7.948476343223739,1.1603849238171613,140.37264407692183,4.493708061067611,False
United_States_of_America.regions.Wyoming:Lincoln,4.821571772253408,1.981355252606255,27.864127503490888,6.380765337518533,False
United_States_of_America.regions.Wyoming:Sublette,5.1714113873295915,1.981355252606255,16.708195092511748,6.380765337518533,False
United_States_of_America.regions.Wyoming:Teton,65.10805934242181,1.6565757818765035,284.6855663562615,4.99660462012273,False
Brazil.regions.CE,2831.4226142742586,155.20809943865277,9.067313708409188,4.660850620535476,False
Tajikistan,1455.2293577981652,31.287461773700308,13.006313288507057,2.8661674811943776,False
United_States_of_America.regions.Georgia,5639.226744186047,198.6273055332799,31.744989295235932,4.492518447637635,False
United_States_of_America.regions.Michigan,18922.677225340816,1215.17101042502,167.5594628402205,7.107339782514765,False
Bhutan,4.178027265437049,1.981355252606255,21.75141957249105,6.380765337518533,False
Brazil.regions.AM:Borba,86.27753303964758,5.650024473813021,208.60605966043985,13.329055921608482,False
Brazil.regions.AM:Canutama,14.34257602862254,1.4934406678592727,102.56969078662108,4.809483021574367,False
Brazil.regions.AM:Humaitá,16.251256281407034,0.7578803106441298,27.46780267226075,2.873884818083081,False
Brazil.regions.AM:Manicoré,7.698476343223737,0.4294306335204491,6.070316472134423,3.597093979003339,False
Brazil.regions.AM:Maués,195.78187650360866,13.644346431435446,295.00649037458953,18.225410207347235,False
Brazil.regions.AM:Novo Airão,5.144346431435445,0.40858059342421815,36.83443895369485,3.7769326521981768,False
Brazil.regions.AM:Novo Aripuanã,55.52153014219908,1.8972561586220709,217.70486812770363,7.978834131153417,False
Brazil.regions.AM:Pauini,2.4896265560165975,1.0,14.7432862204637,3.22040448280304,False
Brazil.regions.PA:Novo Progresso,5.340817963111467,1.981355252606255,16.631910001928887,6.380765337518533,False
Brazil.regions.RO:Porto Velho,166.9240176423416,2.999799518845228,11.137879422478235,5.460029443231807,False
Brazil.regions.RR:Caracaraí,8.883366467859512,1.0,41.855607867190166,3.22040448280304,False
Brazil.regions.RR:Rorainópolis,50.721596998928185,1.2746516613076098,168.5341518145361,4.069796511529537,False
Estonia,621.284081796311,6.249599037690457,25.90532903267919,5.829811134257407,False
Sweden.regions.Jämtland Härjedalen,120.9045709703288,2.0926222935044105,75.86420662738571,5.529012810914308,False
United_States_of_America.regions.Alaska:Kenai Peninsula Borough,8.181435445068162,1.981355252606255,12.878577349380858,6.380765337518533,False
United_States_of_America.regions.Arizona:Coconino,278.32738572574175,23.28548516439455,176.56962153697657,11.699199610167858,False
United_States_of_America.regions.Arizona:Mohave,79.81976744186046,5.453688853247795,18.642777030915198,2.935808954540264,False
United_States_of_America.regions.Nevada:Elko,4.961106655974338,1.1253007217321573,12.3572702302319,4.758774108456997,False
United_States_of_America.regions.Nevada:Nye,15.615477145148358,1.981355252606255,26.339941426739443,6.380765337518533,False
Albania,340.67762630312745,15.674819566960709,12.14060219989055,5.765713044758019,False
Armenia,496.9216118684843,3.1391339214113883,7.005626332525642,6.231649559322383,False
Brazil.regions.AL,44.459703287890946,2.3101443464314353,20.7399352682106,6.2692119422987265,False
Kuwait,223.56696070569367,1.8520449077786687,16.737731200930458,6.37763986768228,False
Moldova,1062.1038492381717,21.270649558941457,8.586100455323578,5.729180085505539,False
United_States_of_America.regions.Arizona:Maricopa,5.630513231756215,1.981355252606255,22.250705775552422,6.380765337518533,False
United_States_of_America.regions.Arkansas,1205.374498797113,21.59542902967121,18.145895422439473,5.606059297508221,False
United_States_of_America.regions.Iowa,1208.2373696872494,27.933640737770652,16.742841624553332,5.441733713747109,False
United_States_of_America.regions.Mississippi,2493.9965918203693,85.38853247794708,62.0318626963299,3.448033207941924,False
Kyrgyzstan,462.37670408981563,3.620288692862871,15.458132391719646,6.2956470284334385,False
United_States_of_America.regions.Missouri,2736.4003608660787,76.89915797914996,23.17052478463308,5.0979322174909845,False
United_States_of_America.regions.Washington,3.866279069767442,2.2109061748195673,22.185785656576783,6.363270708592609,False
Brazil.regions.AM:Tapauá,132.89585419587422,1.1682355297416385,779.2256006498842,9.634229993887208,False
Brazil.regions.PA:São Félix do Xingu,26.001577287066244,0.5951629863301788,17.63142262380969,2.6884261653553567,False
United_States_of_America.regions.Alaska:Northwest Arctic Borough,0.6,1.0,17.77421564578901,3.2204044828030405,False
United_States_of_America.regions.Alaska:Valdez-Cordova Census Area,0.20372526193247964,1.0,9.86072203243799,3.2204044828030405,False
United_States_of_America.regions.Maine,582.7752606255011,17.918604651162795,21.72149480002274,4.919377851743918,False
Brazil.regions.SE,58.79631114675222,2.612870890136328,19.42064055324053,6.198136778504458,False
Equatorial_Guinea,56.25801924619087,1.810946271050521,17.453021674659418,6.367746822135055,False
Guinea_Bissau,167.40537289494787,1.2365677626303127,12.978729142268318,6.341028693775376,False
Lesotho,0.3177004538577912,1.0,3.1578988876193512,3.2204044828030396,False
North_Macedonia,252.57417802726542,7.178829190056136,9.988817336242125,5.973009438364899,False
Slovenia,824.5765838011228,24.219727345629515,19.308985575305186,5.122965184491835,False
Sweden.regions.Västra Götaland,474.3197674418605,14.658781074578988,7.301152310085201,5.440805097851915,False
United_States_of_America.regions.California:Riverside,1071.3366078588613,28.38672814755413,22.145440974349736,5.155828408080644,False
United_States_of_America.regions.Nevada:Clark,1344.0601443464316,48.65336808340017,37.822301995455945,4.15343771997091,False
United_States_of_America.regions.New Hampshire,463.4153969526865,7.389334402566159,13.056704586301239,5.726777716627937,False
Brazil.regions.AM:Manaus,1086.0872093023254,79.672814755413,28.253566259907927,2.7440408225182376,False
Brazil.regions.PR:Curitiba,229.76884522854854,4.193664795509222,11.450209662349287,6.095823768004946,False
Gambia,3.6307137129109863,1.0100240577385726,21.944168404174803,6.338164997934266,False
Kosovo,388.5437048917402,8.012830793905374,6.156732884155149,5.8430308360600725,False
Sweden.regions.Stockholm,2156.481756214916,197.62489975942262,70.14188142212517,4.8295822874370655,False
United_States_of_America.regions.California:Santa Clara,15.444867682437852,1.6445469125902163,21.128150112771742,6.363294684168793,False
United_States_of_America.regions.Florida:Broward,1878.513833199679,43.65437048917401,74.61980623773044,4.05135709900558,False
United_States_of_America.regions.Texas:Bexar,17.72674418604651,1.6826383319967924,21.04935259820012,6.365855985406764,False
United_States_of_America.regions.Texas:Tarrant,652.8412189254211,17.784282277465923,9.950898020386663,5.446639477432625,False
United_States_of_America.regions.Washington:King,2070.2403769045713,141.66619887730556,70.09272772216728,1.2147850298190528,False
Cambodia,5.7477947072975155,1.981355252606255,22.27221156618402,6.380765337518533,False
Senegal,158.98757016840418,1.0250601443464313,21.23297789974668,6.374733589101948,False
Syria,27.262429831595835,0.5960304731355253,22.07723706759885,6.365942360554033,False
Brazil.regions.AC,140.3560545308741,4.424218123496391,7.121353176929994,5.703921082179991,False
Brazil.regions.AP,487.8939454691259,12.836407377706497,36.81615067893004,4.65894732720268,False
Brazil.regions.PA:Altamira,37.25581395348837,1.2546110665597434,17.985321664913304,5.746574903423806,False
Suriname,5.432036888532478,1.1994787489975942,20.654899737988107,6.245020767966463,False
United_States_of_America.regions.Alaska,217.84582999198076,2.9446672012830795,13.021331377494072,5.742361889965619,False
Brazil.regions.RO,209.74779470729752,4.46130713712911,10.122670609303206,6.025314497762823,False
Gabon,61.35825982357659,0.8937449879711308,19.057724513921173,6.329445416100354,False
United_States_of_America.regions.Wyoming,265.09242181234964,1.4931836407377705,24.882885192728466,6.14711965962265,False
Belarus,354.90076182838817,3.7425821972734568,18.464925594864575,6.339370886979579,False
Brazil.regions.PR,623.1054530874098,27.221932638331996,16.86133053958031,6.127594244278897,False
Benin,30.119687249398556,1.2205292702485966,21.95692626530893,6.374140846420563,False
Cuba,578.3951483560546,16.082197273456295,17.117073124597894,6.22207807127637,False
United_States_of_America.regions.Ohio,5496.412790697675,214.1144747393745,25.289666497760543,4.533332465337878,False
United_States_of_America.regions.Pennsylvania,13282.841018444267,329.49939855653565,82.16640717478786,3.7928148093571865,False
Barbados,58.37449879711307,2.4053728949478748,13.051602238770158,4.988578809518093,False
Brazil.regions.AP:Macapá,384.8155573376103,9.474338412189255,55.994598983998074,4.1555956741968485,False
Brazil.regions.BA:Camaçari,16.607858861267044,1.6565757818765035,14.534589891451322,6.272191373272064,False
Brazil.regions.BA:Vitória da Conquista,24.010024057738573,0.7945068163592621,14.940933640827003,5.611369745317767,False
Brazil.regions.CE:Caucaia,273.96050521251004,10.417602245388935,55.685725016381824,2.990781007667011,False
Brazil.regions.CE:Juazeiro do Norte,2.0328789093825184,1.9372493985565358,19.881451715626696,6.3646804622054605,False
Brazil.regions.CE:Sobral,38.15457097032879,1.3748997594226142,4.815795477154649,5.925464368609285,False
Brazil.regions.ES:Cariacica,126.41639935846031,2.1447473937449884,13.201470864422648,5.529225858775951,False
Brazil.regions.ES:Vitória,240.4206094627105,5.895749799518844,46.06115997842856,4.276000288750738,False
Brazil.regions.GO:Anápolis,15.133921411387327,1.981355252606255,16.58005665171833,6.380765337518533,False
Brazil.regions.MA:Imperatriz,219.57397754611068,10.281275060144347,65.5363536678425,2.5654335446816288,False
Brazil.regions.MG:Governador Valadares,8.690256615878106,0.4947874899759423,16.702673616680894,5.623996164408011,False
Brazil.regions.MG:Ipatinga,2.526062550120289,1.981355252606255,20.589164946923187,6.380765337518533,False
Brazil.regions.MG:Montes Claros,13.464314354450684,0.42502004811547717,17.335943512885724,6.000560275115603,False
Brazil.regions.MG:Ribeirão das Neves,3.2321571772253415,1.981355252606255,19.24817081979933,6.380765337518533,False
Brazil.regions.MG:Uberaba,20.77927024859663,0.493785084202085,14.611988896873097,5.809563154700204,False
Brazil.regions.MT:Várzea Grande,3.614474739374499,1.981355252606255,18.704365889712488,6.380765337518533,False
Brazil.regions.PE:Caruaru,11.050521251002406,0.8095429029671212,17.32333737255208,5.707068979776309,False
Brazil.regions.PE:Olinda,310.85064153969523,22.630914194065763,59.18297319108873,1.9013891164965981,False
Brazil.regions.PE:Paulista,540.7425821972736,32.51864474739374,142.87632935905742,4.881170346232707,False
Brazil.regions.PE:Petrolina,4.865477145148357,1.981355252606255,18.904403551151994,6.380765337518533,False
Brazil.regions.PR:Cascavel,56.575982357658376,0.9268243785084201,12.303352688313351,5.517080212655984,False
Brazil.regions.PR:Ponta Grossa,2.517040898155573,1.981355252606255,19.770207871067456,6.380765337518533,False
Brazil.regions.PR:São José dos Pinhais,13.73997594226143,1.3989574979951884,16.91987972519247,6.200646034428576,False
Brazil.regions.RJ:Macaé,44.72874899759423,7.309141940657579,7.541565961678632,2.8022510835858685,False
Brazil.regions.RJ:Petrópolis,51.46571772253408,3.367080994386528,8.776053897568746,4.634000655671979,False
Brazil.regions.RJ:Volta Redonda,176.28187650360866,6.3714915797915,44.85418797311503,3.3309421356197437,False
Brazil.regions.RN:Mossoró,99.00461106655975,6.545308740978348,13.937549837702495,3.537484159191298,False
Brazil.regions.RN:Parnamirim,61.13672814755414,1.3007217321571773,7.254753330736934,5.99010660414649,False
Brazil.regions.RR:Boa Vista,228.29550922213315,0.8616680032076984,36.764723959938955,5.735701065303125,False
Brazil.regions.RS:Canoas,11.029270248596632,1.070168404170008,17.292277963888914,6.117884556355446,False
Brazil.regions.RS:Gravataí,9.918805132317564,1.518243785084202,17.111884536019065,6.2162608218296995,False
Brazil.regions.RS:Pelotas,7.091218925421012,1.981355252606255,18.243777536998405,6.380765337518533,False
Brazil.regions.RS:Rio Grande,4.149759422614275,1.770850040096231,20.35569580535254,6.281002198014718,False
Brazil.regions.RS:Santa Maria,9.543103448275863,1.981355252606255,16.65324410190415,6.380765337518533,False
Brazil.regions.RS:Viamão,8.694867682437852,1.981355252606255,16.534750554865873,6.380765337518533,False
Brazil.regions.SC:Blumenau,102.6924619085806,1.981355252606255,9.374146458468646,6.380765337518533,False
Brazil.regions.SP:Araraquara,66.22914995990376,1.1333199679230153,11.725382467141717,5.098416970474193,False
Brazil.regions.SP:Barueri,112.14314354450684,4.164595028067361,21.600335566867333,4.244206649339946,False
Brazil.regions.SP:Bauru,92.97634322373699,4.198676824378508,8.75753336851805,4.752731821071226,False
Brazil.regions.SP:Carapicuíba,46.3462309542903,0.956896551724138,9.211951342658185,5.764211042514206,False
Brazil.regions.SP:Embu das Artes,76.55072173215719,5.494787489975943,8.927487997644967,3.6660674273441805,False
Brazil.regions.SP:Franca,9.940056134723337,1.128307939053729,17.50623174407558,6.139236823288813,False
Brazil.regions.SP:Guarujá,143.25741780272654,5.5789895749799525,24.917222903180622,4.111378648633402,False
Brazil.regions.SP:Itaquaquecetuba,117.70809943865277,12.470529270248598,11.778019585088945,2.6497995910322594,False
Brazil.regions.SP:Limeira,27.01744186046512,1.0942261427425821,11.520929923040516,6.090961829719584,False
Brazil.regions.SP:Marília,8.324979951884524,1.0671611868484363,16.04760488567357,5.998068413615595,False
Brazil.regions.SP:Piracicaba,72.00581395348836,5.3093424218123495,5.109919901468919,4.625683397058508,False
Brazil.regions.SP:Praia Grande,131.95128307939055,21.250601443464316,20.57586878054837,1.8573887929913242,False
Brazil.regions.SP:Sumaré,50.40958299919808,0.43865276663993585,5.787796121694167,5.759321386383941,False
Brazil.regions.SP:Suzano,64.1720128307939,4.499398556535686,4.464528110655434,4.3061511037503175,False
Brazil.regions.SP:São Carlos,20.10264635124298,0.7794707297514034,12.310479203948965,5.299128362358351,False
Brazil.regions.SP:São Vicente,146.84482758620692,2.5453087409783484,19.91976335818766,5.2606844841338365,False
Brazil.regions.SP:Taboão da Serra,137.2556134723336,9.034683239775461,27.637316825752638,2.5777250935179956,False
Brazil.regions.SP:Taubaté,5.3728949478749,1.5603448275862069,18.506403198135487,6.113392622184009,False
Brazil.regions.TO:Palmas,17.32698476343224,1.3087409783480353,14.766495475662042,6.155906239457102,False
Brunei_Darussalam,116.83199679230154,1.1794306335204492,16.337690978116996,6.19381996261684,False
French_Polynesia,43.75060144346431,1.981355252606255,14.52554213673737,6.380765337518533,False
Sweden.regions.Halland,140.49959903769047,10.568965517241379,22.522637740617277,2.6856002103717023,False
Sweden.regions.Sörmland,513.8682838813152,67.59883720930232,154.49937256750957,17.92363676516548,False
United_States_of_America.regions.Alabama:Madison,165.7157177225341,1.1253007217321571,25.467913357415082,5.575956956136312,False
United_States_of_America.regions.Alabama:Mobile,593.1808340016039,25.424619085805936,123.10779124532064,1.5567953833039958,False
United_States_of_America.regions.Alabama:Montgomery,132.41619887730556,0.9699278267842824,39.54768046654996,5.235783423859973,False
United_States_of_America.regions.Alabama:Shelby,197.61287089013632,3.669406575781877,71.73156239808586,3.917365419219056,False
United_States_of_America.regions.Alabama:Tuscaloosa,94.50481154771451,1.8229751403368086,26.326967486308195,6.30511387838479,False
United_States_of_America.regions.Alaska:Anchorage,101.21992782678427,1.2906976744186047,17.25318503003398,5.333460138373919,False
United_States_of_America.regions.Arkansas:Benton,57.62329591018445,1.981355252606255,10.451542469198245,6.380765337518533,False
United_States_of_America.regions.Arkansas:Pulaski,241.59562951082597,5.965918203688853,41.201227686046245,4.396727740255189,False
United_States_of_America.regions.Arkansas:Washington,42.46792301523657,1.0461106655974337,9.202338874944328,5.989755547267047,False
United_States_of_America.regions.California:Marin,67.91098636728147,2.428428227746592,9.257937148152461,5.189463010710204,False
United_States_of_America.regions.California:Placer,63.99178027265437,0.41178829190056143,6.639735304825715,5.784398715232201,False
United_States_of_America.regions.California:Santa Barbara,286.95348837209303,1.3628708901363273,43.66805143899265,5.711969483480613,False
United_States_of_America.regions.California:Santa Cruz,56.05633520449078,1.0320769847634321,9.1951267889658,6.033315447563508,False
United_States_of_America.regions.California:Solano,33.2107056936648,1.6876503608660784,13.381248335701837,6.315153925804249,False
United_States_of_America.regions.California:Yolo,48.742983159583,1.1483560545308742,4.884003269534703,5.202881727512114,False
United_States_of_America.regions.Colorado:Boulder,263.9961908580594,10.520850040096231,60.83235783122383,2.608637269087948,False
United_States_of_America.regions.Colorado:Douglas,177.28789093825182,4.279871692060946,30.53210768905608,4.850411887565306,False
United_States_of_America.regions.Colorado:Larimer,142.7676423416199,5.494787489975943,20.074273166079934,4.366679614574398,False
United_States_of_America.regions.Connecticut:Litchfield,372.5819967923016,25.183039294306337,188.2462488891767,10.118796279550388,False
United_States_of_America.regions.Connecticut:New London,316.9366479550922,15.251202886928631,99.92833580001971,2.4001811800806774,False
United_States_of_America.regions.Delaware:Sussex,857.3416198877306,20.412590216519646,346.76850098714937,4.429445974790536,False
United_States_of_America.regions.Florida:Alachua,134.25741780272654,1.8941459502806737,30.37785294119873,6.348350704048948,False
United_States_of_America.regions.Florida:Clay,134.1928628708901,5.66419406575782,42.28313539457206,2.9198109525644904,False
United_States_of_America.regions.Florida:Collier,275.3610665597434,2.408380112269447,51.23805455666913,5.343206529549931,False
United_States_of_America.regions.Florida:Escambia,256.7341619887731,3.873897353648757,60.74832872653099,4.665770852658638,False
United_States_of_America.regions.Florida:Lake,150.74398556535687,3.352646351242983,21.9698736318079,5.015528855165098,False
United_States_of_America.regions.Florida:Leon,133.1116680032077,0.9599037690457098,25.561980657176044,6.032838188183579,False
United_States_of_America.regions.Florida:Manatee,84.90577385725742,2.8374097834803536,3.781717843645017,5.286516759945733,False
United_States_of_America.regions.Florida:Marion,111.55032076984764,1.2405773857257418,13.563068797276857,5.569417124179248,False
United_States_of_America.regions.Florida:Okaloosa,58.98757016840417,1.1774258219727345,10.654173570148409,5.99928243902205,False
United_States_of_America.regions.Florida:Osceola,283.1206896551724,2.4785485164394547,55.0336391867084,5.279522484011088,False
United_States_of_America.regions.Florida:Sarasota,184.61166800320768,12.390336808340017,22.1150408994196,3.1129200187941253,False
United_States_of_America.regions.Florida:St. Johns,129.74839615076183,0.6792301523656776,29.61053069985164,5.46687753211503,False
United_States_of_America.regions.Florida:St. Lucie,175.26804330392943,11.755813953488374,33.2930519727666,2.2211679261784174,False
United_States_of_America.regions.Georgia:Chatham,155.70769847634324,3.639334402566159,33.9991232557843,4.482140988872753,False
United_States_of_America.regions.Georgia:Cherokee,141.7411788291901,3.2303528468323974,35.45096504459785,4.519845791194046,False
United_States_of_America.regions.Georgia:Clayton,381.94526864474744,11.181435445068164,110.84735991196895,2.009345639783612,False
United_States_of_America.regions.Georgia:Henry,243.32939053728953,3.1140737770649562,84.60213186374054,4.245704843152097,False
United_States_of_America.regions.Idaho:Ada,437.6846431435445,5.430633520449078,70.30348639880135,4.894808528143081,False
United_States_of_America.regions.Idaho:Canyon,174.2542101042502,2.8604651162790695,56.63251554053115,4.29918884224525,False
United_States_of_America.regions.Illinois:Champaign,93.10384923817163,2.0655573376102647,25.492339627639257,4.588100175318936,False
United_States_of_America.regions.Illinois:Madison,160.43243785084204,6.170408981555735,41.58981427257813,3.446729286706143,False
United_States_of_America.regions.Illinois:McHenry,181.01824378508422,5.802526062550121,39.08797802785495,3.9452151036116505,False
United_States_of_America.regions.Illinois:Sangamon,40.63592622293504,1.4029671210906174,7.080366405818563,4.665565600155932,False
United_States_of_America.regions.Illinois:St. Clair,183.46692060946273,8.611267040898156,51.3234224403341,2.3778742017238588,False
United_States_of_America.regions.Illinois:Winnebago,129.1349238171612,5.018644747393745,26.17525142051137,4.017464208801941,False
United_States_of_America.regions.Indiana:Allen,292.04831595829995,20.405172413793103,56.65045601598839,2.2083160288441412,False
United_States_of_America.regions.Indiana:Hamilton,437.8712910986367,23.166198877305533,109.46238094812655,2.488946941269668,False
United_States_of_America.regions.Indiana:St. Joseph,196.82638331996793,2.1698075380914195,53.01148946338334,4.969123587897238,False
United_States_of_America.regions.Iowa:Linn,403.56555733761024,23.476944667201284,158.82597461600884,5.43767247707875,False
United_States_of_America.regions.Kentucky:Fayette,118.85645549318366,3.0459101844426626,17.192288628096787,4.973094210072553,False
United_States_of_America.regions.Louisiana:Caddo,787.0372894947875,35.446672012830795,308.4307525352236,10.291261835566097,False
United_States_of_America.regions.Louisiana:Calcasieu,269.0258620689655,14.390136327185248,113.44563759273623,2.8546112310910354,False
United_States_of_America.regions.Louisiana:East Baton Rouge,1195.1154771451486,63.46692060946271,250.95298515611816,9.125431613095445,False
United_States_of_America.regions.Louisiana:Orleans,4126.965517241379,197.48556535685645,1037.3214566351269,45.05770206282481,False
United_States_of_America.regions.Louisiana:St. Tammany,718.61848436247,40.50681635926223,256.3927982136042,10.959444759851921,False
United_States_of_America.regions.Maine:Cumberland,274.5687650360866,9.645749799518844,73.18677178873112,2.5536421592255794,False
United_States_of_America.regions.Maine:York,138.44366479550922,2.506615878107458,47.79807592888344,4.3280737446052555,False
United_States_of_America.regions.Maryland:Frederick,433.59863672814765,20.025661587810745,147.71592475301884,3.84989622163142,False
United_States_of_America.regions.Maryland:Harford,83.1214915797915,1.7066960705693666,13.627484420027882,5.874541415643869,False
United_States_of_America.regions.Maryland:Howard,388.48195669607054,6.656575781876504,99.20284497335439,3.807116444093993,False
United_States_of_America.regions.Michigan:Genesee,1062.6028468323977,101.41098636728147,241.3364647829603,19.63015565162757,False
United_States_of_America.regions.Michigan:Ingham,207.07197273456296,1.9512830793905378,51.12782967647788,5.162407943932665,False
United_States_of_America.regions.Michigan:Kalamazoo,227.61006415396957,8.80372894947875,66.24839879801301,2.3672758213962934,False
United_States_of_America.regions.Michigan:Ottawa,81.55072173215717,2.1627906976744184,8.960141397435791,5.189199826943601,False
United_States_of_America.regions.Michigan:Saginaw,405.60505212510026,28.945068163592627,194.28597843462433,10.762387367158201,False
United_States_of_America.regions.Michigan:Washtenaw,604.2830793905373,17.266038492381714,144.1108971974348,1.7850881832074754,False
United_States_of_America.regions.Minnesota:Anoka,45.155372894947874,1.521251002405774,9.36633254841976,6.25185606902481,False
United_States_of_America.regions.Minnesota:Dakota,75.14995990376904,1.8119486768243787,9.272734783279045,5.618366750946727,False
United_States_of_America.regions.Minnesota:Washington,69.2830793905373,1.6916599839615079,12.581722399330234,5.163471022138607,False
United_States_of_America.regions.Mississippi:Hinds,246.61567762630312,1.8309943865276663,87.13936144842948,5.002370924536764,False
United_States_of_America.regions.Missouri:Clay,51.0443063352045,1.0942261427425821,11.341376073695633,6.025839869075629,False
United_States_of_America.regions.Missouri:Greene,56.85725741780272,4.576583801122695,11.388290324172784,4.2017710541871605,False
United_States_of_America.regions.Missouri:Jefferson,195.15637530072175,2.583801122694467,67.52073301622261,4.39938828308438,False
United_States_of_America.regions.Missouri:St. Charles,356.9873696872494,16.430032076984766,68.41828565320485,1.8756365990762458,False
United_States_of_America.regions.Missouri:St. Louis city,677.0942261427426,27.9607056936648,205.337806200945,4.55307757293519,False
United_States_of_America.regions.Nebraska:Lancaster,96.83059342421812,1.1794306335204492,10.548322523901277,6.129449213827472,False
United_States_of_America.regions.New Hampshire:Hillsborough,433.2768644747394,15.167000801924623,83.38551390009873,2.3382974002747186,False
United_States_of_America.regions.New Hampshire:Rockingham,229.30673616680033,1.3247794707297513,54.19499137359115,5.563033611446109,False
United_States_of_America.regions.New Jersey:Atlantic,392.89254210104247,15.12690457097033,129.46162795492427,1.977613839644775,False
United_States_of_America.regions.New Jersey:Burlington,841.5116279069767,24.582598235765836,168.46104534407021,2.659706976964017,False
United_States_of_America.regions.New Jersey:Gloucester,612.1194867682436,16.016038492381718,190.08518079819362,1.5756033444084816,False
United_States_of_America.regions.New Jersey:Mercer,1629.3085404971932,73.1832397754611,423.10999292256633,15.387064041354009,False
United_States_of_America.regions.New Jersey:Somerset,1850.571772253408,112.56776263031274,542.4504859448573,28.900192955339005,False
United_States_of_America.regions.New York:Albany,439.92121090617485,15.834603047313552,124.04189738602908,1.9467212245504681,False
United_States_of_America.regions.New York:Dutchess,1468.405573376103,27.1257016840417,479.2282373706807,4.735727063255168,False
United_States_of_America.regions.New York:Oneida,259.3590617481957,4.573576583801123,94.21035733190462,3.589278892834679,False
United_States_of_America.regions.New York:Onondaga,433.87349639133924,14.165597433841217,73.55009613178207,2.937095951901227,False
United_States_of_America.regions.New York:Orange,4199.970729751403,94.12951082598235,1070.6699300224209,19.776992031923623,False
United_States_of_America.regions.New York:Rockland,4794.29871692061,91.67161186848436,1451.579705818233,23.61785999025543,False
United_States_of_America.regions.New York:Saratoga,138.6453488372093,1.2425821972734563,41.289444837202076,6.031458565719826,False
United_States_of_America.regions.North Carolina:Buncombe,37.729149959903765,0.8095429029671212,12.382904162080852,5.3457034969141395,False
United_States_of_America.regions.North Carolina:Cumberland,137.59502806736165,2.580793905372895,20.90291817773852,5.127717039095142,False
United_States_of_America.regions.North Carolina:Durham,320.1621892542101,2.6148757016840416,79.51144755141067,5.104871858874261,False
United_States_of_America.regions.North Carolina:Forsyth,85.58901363271852,1.3518444266238974,10.669741376589512,5.612497660096185,False
United_States_of_America.regions.North Carolina:Johnston,65.04691259021654,3.4689254210104252,14.052680199912508,3.899399361695439,False
United_States_of_America.regions.North Carolina:Onslow,15.1032477947073,1.1794306335204492,12.298088087573113,5.975626041837154,False
United_States_of_America.regions.North Carolina:Union,155.29611066559744,3.7947072975140337,45.34961553011056,4.121936939293544,False
United_States_of_America.regions.Ohio:Butler,114.8548516439455,0.7674418604651162,11.348419219591408,5.873981814270399,False
United_States_of_America.regions.Ohio:Lorain,194.15938251804332,7.493584603047314,42.73275835000979,3.4052508177077976,False
United_States_of_America.regions.Ohio:Mahoning,471.7339615076183,38.19927826784282,187.0806524409316,11.749570432775972,False
United_States_of_America.regions.Ohio:Stark,128.8787089013633,10.700280673616682,14.691685909899062,3.005206372542637,False
United_States_of_America.regions.Ohio:Warren,89.92802726543704,4.781074578989576,19.07254449758984,3.740606567915549,False
United_States_of_America.regions.Oklahoma:Cleveland,245.62670408981558,14.779069767441861,66.73287216306142,1.1743446476819754,False
United_States_of_America.regions.Oregon:Clackamas,104.20910184442663,1.52626303127506,9.298044165398613,5.583034557891967,False
United_States_of_America.regions.Oregon:Marion,192.86427425821972,4.977546110665599,35.50257282157736,4.436867395299556,False
United_States_of_America.regions.Pennsylvania:Berks,1458.0052125100244,47.320168404170005,325.63354559204305,6.823958596126553,False
United_States_of_America.regions.Pennsylvania:Butler,136.52125100240576,2.7461908580593426,54.13045877234957,3.8882646216996477,False
United_States_of_America.regions.Pennsylvania:Cumberland,110.34562951082599,1.564354450681636,24.060168733895633,5.082310212681528,False
United_States_of_America.regions.Pennsylvania:Dauphin,376.3831194867683,11.09522854851644,115.51683069477632,1.816751730258409,False
United_States_of_America.regions.Pennsylvania:Erie,47.65757818765036,0.8987570168404171,8.595538816566336,5.979398688240061,False
United_States_of_America.regions.Pennsylvania:Lehigh,1591.271050521251,23.394747393744986,410.6271418347361,2.192401832850942,False
United_States_of_America.regions.Pennsylvania:Luzerne,1268.434242181235,27.019446672012833,379.71043766770185,4.126059708952149,False
United_States_of_America.regions.Pennsylvania:Northampton,916.789294306335,19.47634322373697,280.52462003194995,2.0320580942180535,False
United_States_of_America.regions.Pennsylvania:Washington,53.610665597433844,1.1934643143544508,11.634464294619539,5.999893301044599,False
United_States_of_America.regions.Pennsylvania:Westmoreland,248.75741780272654,15.733360064153969,51.09284687179524,1.7374538080409525,False
United_States_of_America.regions.Pennsylvania:York,383.1425421010425,4.986567762630313,64.68080058938335,4.886056622442041,False
United_States_of_America.regions.South Carolina:Anderson,92.39434643143547,2.4224137931034484,26.84911163920796,4.332978978934162,False
United_States_of_America.regions.South Carolina:Berkeley,111.25561347233362,2.9496792301523658,29.68206053864869,4.427035769109517,False
United_States_of_America.regions.South Carolina:Charleston,217.56214915797918,0.6772253408179632,32.98707338475805,6.063771926681479,False
United_States_of_America.regions.South Carolina:Horry,123.5970328789094,6.0831996792301535,16.341835685793438,4.132945814746449,False
United_States_of_America.regions.South Carolina:Lexington,181.80352846832398,4.429430633520449,41.02908261726992,4.240800971156419,False
United_States_of_America.regions.South Carolina:Richland,530.7652365677626,10.392542101042503,107.1039757766087,3.434732623671851,False
United_States_of_America.regions.South Carolina:Spartanburg,102.97514033680835,1.377906976744186,13.069482811016204,5.664190263941696,False
United_States_of_America.regions.South Carolina:York,124.76443464314355,0.6190858059342421,24.80633518940644,5.535613465575135,False
United_States_of_America.regions.South Dakota:Minnehaha,542.6116680032077,0.7724538893344025,262.49086873430207,5.618842695196387,False
United_States_of_America.regions.Tennessee:Hamilton,83.64073777064957,7.00541299117883,10.902851211536086,4.045114425087812,False
United_States_of_America.regions.Tennessee:Rutherford,209.2772654370489,2.788291900561347,43.104217220834634,5.064577007819866,False
United_States_of_America.regions.Tennessee:Williamson,189.4075781876504,1.0030072173215718,60.23076802037294,5.453250305922343,False
United_States_of_America.regions.Texas:Bell,83.64574979951885,0.42261427425821974,8.55904564442295,5.772843263403892,False
United_States_of_America.regions.Texas:Brazoria,231.0761828388131,0.3153568564554932,41.46048429126117,5.853132603806823,False
United_States_of_America.regions.Texas:Brazos,128.17361668003207,9.522453889334404,36.71809407058358,1.8433572035922363,False
United_States_of_America.regions.Texas:Cameron,238.83821170809944,5.76242983159583,35.954170924806796,4.663829535258552,False
United_States_of_America.regions.Texas:Ector,65.63251804330393,1.5834001603849235,22.431870209864424,4.3249720459286864,False
United_States_of_America.regions.Texas:Ellis,72.79831595829992,1.202485966319166,20.964311592371228,4.765101523812253,False
United_States_of_America.regions.Texas:Galveston,311.7261427425822,8.260425020048116,71.07927503836223,3.5400116136460813,False
United_States_of_America.regions.Texas:Hays,82.49899759422614,1.455092221331195,17.260951260522493,6.152145178053107,False
United_States_of_America.regions.Texas:Jefferson,204.5479149959904,11.395950280673617,61.79275820278479,1.289299289884385,False
United_States_of_America.regions.Texas:Lubbock,320.3875300721732,21.783881315156375,83.20315762492045,2.637930004595226,False
United_States_of_America.regions.Texas:McLennan,62.52786688051323,1.082197273456295,13.776031022074552,5.263999456261631,False
United_States_of_America.regions.Texas:Midland,45.518243785084195,1.5633520449077787,11.669688379126994,4.3961570006370545,False
United_States_of_America.regions.Texas:Nueces,81.09222133119488,0.5429029671210907,12.6791858619515,5.964910844176813,False
United_States_of_America.regions.Texas:Smith,78.06535685645551,0.3133520449077786,16.164878396083566,5.572814681342528,False
United_States_of_America.regions.Utah:Davis,120.04711307137131,0.5398957497995188,14.536700633450677,5.975269825013861,False
United_States_of_America.regions.Utah:Weber,65.56635926222935,1.2205292702485966,10.40135477806757,6.088379491170482,False
United_States_of_America.regions.Virginia:Chesapeake city,176.88512429831596,2.937650360866079,52.86332651595837,4.422914372343862,False
United_States_of_America.regions.Virginia:Chesterfield,214.47032878909383,3.5952285485164395,40.684811778556984,5.102193792471267,False
United_States_of_America.regions.Virginia:Henrico,465.3348035284683,49.291900561347234,120.58405569354068,9.921368834139022,False
United_States_of_America.regions.Virginia:Loudoun,235.00100240577385,2.057538091419407,36.519371658273855,5.787861052336797,False
United_States_of_America.regions.Washington:Kitsap,86.77706495589413,1.2896952686447474,15.472144004226191,6.125984941692242,False
United_States_of_America.regions.Washington:Thurston,60.53388131515638,1.2896952686447474,10.730698550720156,6.142701901675297,False
United_States_of_America.regions.West Virginia:Kanawha,103.09402566158782,1.5152365677626305,39.57094058137123,5.124128335753889,False
United_States_of_America.regions.Wisconsin:Brown,332.18985565356854,0.7173215717722535,106.21952026712019,5.902945679077152,False
United_States_of_America.regions.Wisconsin:Waukesha,169.55874097834803,4.699879711307138,21.60444346296908,4.835733454349712,False
Brazil.regions.AM:Barcelos,101.36838378474066,4.060895733758188,369.59209925701754,15.295574738834757,False
Brazil.regions.AM:São Gabriel da Cachoeira,99.67020850040096,3.831796311146752,212.18766170678526,7.470582780706806,False
Brazil.regions.PA:Oriximiná,3.8691883372734437,1.6319936958234833,3.3153798450526266,2.238583890630022,False
Iceland,946.5184442662389,1.3508420208500402,247.4636621223044,5.56171464921181,False
Sweden.regions.Norrbotten,110.28688853247796,6.981355252606255,24.58925940005517,3.042981175518443,False
United_States_of_America.regions.Alaska:Bethel Census Area,5.707698476343225,1.981355252606255,17.290519913007074,6.380765337518533,False
Bahrain,381.6108660785887,0.8546511627906976,7.355020337088324,6.233352629789049,False
Brazil.regions.AL:Maceió,34.086808340016034,1.3458299919807537,18.25516445332014,6.110033102933926,False
Brazil.regions.GO:Goiânia,123.78849238171611,3.8748997594226147,13.87618431936068,6.028957713502746,False
Brazil.regions.MA:São Luís,1191.7036888532477,64.30392943063353,86.7941984004146,2.6187305235270464,False
Brazil.regions.PA:Belém,575.9500801924619,29.803127506014437,17.465080190088944,4.278039688007579,False
Brazil.regions.PE:Recife,713.6569767441861,50.474739374498796,22.04532163502473,3.2053650306328594,False
Brazil.regions.RJ:São Gonçalo,146.65517241379314,10.936848436246992,9.643427831835526,5.199691408443025,False
Brazil.regions.RS:Porto Alegre,261.2020850040096,4.000200481154772,10.698837666359745,5.992847393746322,False
Brazil.regions.SP:Campinas,154.2191259021652,5.452686447473938,10.063468425816902,5.7797745934792975,False
Brazil.regions.SP:Guarulhos,258.23977546110666,23.581194867682438,6.414853997913872,4.533645788625904,False
Mauritius,281.5348837209303,6.216118684843625,13.798366112940965,5.734293180586164,False
Trinidad_and_Tobago,91.20088211708098,4.5114274258219735,16.905960315952125,5.927833580474031,False
United_States_of_America.regions.California:Alameda,390.26042502004816,7.53568564554932,4.907494606073957,5.842595593032488,False
United_States_of_America.regions.California:Contra Costa,289.94907778668806,3.4879711307137127,6.79883464542863,5.934537541287065,False
United_States_of_America.regions.California:Sacramento,116.45449077786688,2.5547313552526063,14.330439684027734,6.111572609834578,False
United_States_of_America.regions.Florida:Hillsborough,341.7179230152365,3.427826784282278,5.381680804654937,6.058585662680581,False
United_States_of_America.regions.Florida:Orange,844.5705693664797,12.81595829991981,39.08310575778041,5.32074676206016,False
United_States_of_America.regions.Florida:Palm Beach,1411.3494386527666,74.14655172413794,72.69367617581078,1.5418469041505514,False
United_States_of_America.regions.Georgia:Fulton,737.7652365677627,22.1186848436247,48.305828480579066,4.145852240063702,False
United_States_of_America.regions.Maryland:Montgomery,867.9346431435445,20.33941459502807,61.44201527096466,4.283769948841542,False
United_States_of_America.regions.Massachusetts:Middlesex,2973.6479550922213,77.7401764234162,162.8015616889745,3.2982853867605204,False
United_States_of_America.regions.Michigan:Oakland,3740.1160785886123,252.82939053728947,275.9178689223978,14.903354794413891,False
United_States_of_America.regions.Michigan:Wayne,8560.770850040097,567.8354049719327,467.7584917129785,27.141923861513387,False
United_States_of_America.regions.Minnesota:Hennepin,539.9129911788292,41.531275060144345,21.062031350618124,3.0777637696834304,False
United_States_of_America.regions.New York:Nassau,13607.287489975943,507.59182036888535,981.1999545923437,32.7209527101186,False
United_States_of_America.regions.New York:Suffolk,14288.30292702486,342.4123897353649,945.9855242634438,18.11195649635441,False
United_States_of_America.regions.North Carolina:Mecklenburg,821.240376904571,12.7261427425822,52.54782806870381,5.085187589424633,False
United_States_of_America.regions.North Carolina:Wake,231.31315156375302,1.9372493985565358,5.0897311758724655,6.376798131073109,False
United_States_of_America.regions.Ohio:Cuyahoga,889.2604250200482,21.79290296712109,50.50333457093743,4.469731296487485,False
United_States_of_America.regions.Ohio:Franklin,1010.0449077786689,19.43223736968725,55.183729619494244,4.762535419835703,False
United_States_of_America.regions.Pennsylvania:Allegheny,766.011427425822,29.59863672814755,41.44834165516575,3.7896917596776496,False
United_States_of_America.regions.Pennsylvania:Philadelphia,4950.830793905372,142.89454691259024,291.0235685658308,5.327464645445811,False
United_States_of_America.regions.Rhode Island,828.093023255814,17.540697674418606,57.230066839315654,4.610925066428117,False
United_States_of_America.regions.Texas:Collin,317.6150761828388,4.133520449077787,11.911504006870379,5.799993289324874,False
United_States_of_America.regions.Texas:Travis,744.9442662389736,12.239975942261427,36.96172011128937,5.282170771733974,False
United_States_of_America.regions.Utah:Salt Lake,288.7159182036889,1.7447874899759421,5.295379030996761,6.329972869247696,False
United_States_of_America.regions.Virginia:Fairfax,659.1016439454692,10.989975942261427,36.34419410895587,5.270069564799775,False
Guatemala,192.366680032077,3.599037690457097,21.12399259504275,6.348462264019083,False
Malawi,31.810344827586203,0.7704490777866881,22.06595511878548,6.365848021750082,False
Brazil.regions.AC:Assis Brasil,1.918489065606362,0.5725646123260438,36.128241406456254,6.230289564640835,False
Brazil.regions.AC:Brasiléia,12.12298682284041,0.7730600292825769,46.71865793762626,2.622339520361223,False
Brazil.regions.AC:Bujari,2.270449077786688,1.981355252606255,55.27472667530662,6.380765337518533,False
Brazil.regions.AC:Mâncio Lima,3.999433748584371,1.0,23.124295673092895,3.2204044828030396,False
Brazil.regions.AC:Rodrigues Alves,3.6571741511500546,1.0,21.38167766801606,3.2204044828030405,False
Brazil.regions.AC:Xapuri,13.936579841449603,1.0,74.07908235386624,3.2204044828030396,False
Brazil.regions.AM:Amaturá,128.63849389144804,2.5882235129180855,1124.69931719079,27.812152377722267,False
Brazil.regions.AM:Barreirinha,97.76440922190201,0.5461095100864553,305.02343691385136,1.703549051471923,False
Brazil.regions.AM:Itapiranga,116.14801279122887,1.150753768844221,1280.835405617428,20.49102768140199,False
Brazil.regions.AM:Manaquiri,53.75771256583897,2.9635063957863057,167.22415114217702,9.110579696448163,False
Brazil.regions.AM:Nova Olinda do Norte,41.67569481324128,1.1469286599398123,110.19086734519492,2.8696071450632936,False
Brazil.regions.AM:Parintins,61.72293504410586,3.5603448275862073,38.03630862578484,2.807334284759931,False
Brazil.regions.AM:Rio Preto da Eva,270.74544167109224,4.488582049920341,811.3667600205742,13.209089361669209,False
Brazil.regions.AM:Silves,62.30863208491889,1.2543560985379532,692.940559277872,21.259386049539838,False
Brazil.regions.AM:Tabatinga,277.00120288692864,22.789294306335208,408.96735073516254,31.69584309331118,False
Brazil.regions.AP:Ferreira Gomes,23.461815561959654,0.4380403458213256,311.1988186786321,14.111323214522772,False
Brazil.regions.AP:Porto Grande,48.134655291676275,0.3982015217892552,225.8367506390387,3.20513372261215,False
Brazil.regions.AP:Pracuúba,3.127962085308057,0.26540284360189575,77.40385499586995,12.836605242665875,False
Brazil.regions.BA:Boa Vista do Tupim,0.3084982537834692,1.0,3.8236214311906567,3.2204044828030405,False
Brazil.regions.BA:Bom Jesus da Lapa,1.2363636363636363,1.0,1.368632530146342,3.22040448280304,False
Brazil.regions.BA:Curaçá,9.316533027873232,1.7114674812269313,25.434016138914046,5.511617548714837,False
Brazil.regions.BA:Ipirá,2.3829787234042556,1.4081954294720254,6.732982340873643,4.534958873734462,False
Brazil.regions.BA:Jequié,11.021451483560547,1.810946271050521,10.94615923825944,6.271504997729264,False
Brazil.regions.BA:Luís Eduardo Magalhães,3.026263031275061,1.981355252606255,17.05131353683832,6.380765337518533,False
Brazil.regions.BA:Monte Santo,0.0,1.0,1.1968503122578946,3.2204044828030396,False
Brazil.regions.BA:Morro do Chapéu,0.1534526854219949,1.0,0.7081923872159883,3.2204044828030396,False
Brazil.regions.BA:Oliveira dos Brejinhos,4.77991452991453,1.1260683760683763,24.097529638728012,3.6263956462333375,False
Brazil.regions.BA:Porto Seguro,6.576984763432238,1.981355252606255,15.657296368270098,6.380765337518533,False
Brazil.regions.BA:Remanso,5.874246339362619,1.0,13.793296276483542,3.2204044828030396,False
Brazil.regions.BA:Riacho de Santana,0.0,1.0,0.39722049590261355,3.22040448280304,False
Brazil.regions.BA:Xique-Xique,1.0,1.0,2.1513241400081746,3.2204044828030396,False
Brazil.regions.CE:Canindé,51.8925421010425,1.5132317562149156,54.43093201909136,5.556677574551608,False
Brazil.regions.CE:Crateús,21.35224538893344,0.8777064955894146,15.59992291832572,3.9760276137833923,False
Brazil.regions.CE:Independência,2.4514835605453085,0.9649157979149959,12.599225336120233,3.6171006911324652,False
Brazil.regions.CE:Quixeramobim,50.42502004811547,0.44266238973536487,48.579971814642356,3.701732615152686,False
Brazil.regions.CE:Santa Quitéria,2.4147955092221336,0.9857658380112271,8.053801970785969,4.102685080796963,False
Brazil.regions.CE:Tauá,58.35714285714286,1.288135593220339,92.09831505267637,2.120365091684727,False
Brazil.regions.ES:Linhares,14.32618283881315,1.2205292702485966,10.84938929783187,5.9423878880888665,False
Brazil.regions.ES:São Mateus,15.343624699278267,0.8807137129109864,7.309111293019061,5.5380786268316315,False
Brazil.regions.GO:Catalão,5.918203688853248,1.981355252606255,21.360490783170494,6.380765337518533,False
Brazil.regions.GO:Doverlândia,0.0,1.0,10.43706615363509,3.22040448280304,False
Brazil.regions.GO:Formosa,3.269070125302265,1.884809848318312,10.919162154367179,6.06985008475561,False
Brazil.regions.GO:Ipameri,0.29613313754282916,0.9730788056779245,1.3214287135419505,3.1467737643625657,False
Brazil.regions.GO:Itumbiara,4.7239374498797115,1.981355252606255,14.614729804263003,6.380765337518533,False
Brazil.regions.GO:Jussara,0.0,1.0,2.1914366255420195,3.2204044828030396,False
Brazil.regions.GO:Luziânia,4.474739374498797,0.29210104250200486,17.852062643414605,5.293561306631052,False
Brazil.regions.GO:Padre Bernardo,0.0,1.0,0.26488505026277087,3.2204044828030396,False
Brazil.regions.GO:Paraúna,4.041547592877556,0.8848098483183118,14.16010410706428,3.4104021423396658,False
Brazil.regions.GO:Planaltina,9.77462568951931,0.6461780929866038,5.620031232703986,2.274778593201832,False
Brazil.regions.GO:Porangatu,7.4573055028463,1.0,15.534047707206737,3.2204044828030396,False
Brazil.regions.GO:Quirinópolis,3.4910485933503836,1.0,6.413141712334343,3.2204044828030396,False
Brazil.regions.MA:Arame,14.353899883585564,1.0,43.786428363309966,3.2204044828030405,False
Brazil.regions.MA:Açailândia,27.83580593424218,1.7227345629510824,10.193553242009711,6.150767836824708,False
Brazil.regions.MA:Barra do Corda,170.24720068906117,2.7527993109388462,190.91100699076196,2.691086435838286,False
Brazil.regions.MA:Barreirinhas,50.254555198285104,1.6444265809217578,74.13333684335981,5.295718732840904,False
Brazil.regions.MA:Caxias,41.80329416701637,0.90348300461603,10.154464110068824,5.605202242813776,False
Brazil.regions.MA:Chapadinha,185.43303929430633,1.981355252606255,219.50876833964537,6.380765337518533,False
Brazil.regions.MA:Codó,168.1847253574116,0.7121896162528217,132.00994196498732,3.53841712602016,False
Brazil.regions.MA:Fernando Falcão,11.274738067520373,1.0,115.26162319596503,3.2204044828030405,False
Brazil.regions.MA:Formosa da Serra Negra,12.790281329923273,1.0,69.02162668657867,3.2204044828030396,False
Brazil.regions.MA:Itinga do Maranhão,46.698113207547166,1.3537735849056605,180.23387708468607,5.441969432986327,False
Brazil.regions.MA:Parnarama,5.142857142857143,1.0,14.377375741384494,3.22040448280304,False
Brazil.regions.MA:Santa Luzia,17.856196156394965,0.1550695825049702,22.916766337300892,2.0576615355298213,False
Brazil.regions.MA:São Raimundo das Mangabeiras,16.078860898138007,1.0,87.29719620692565,3.2204044828030405,False
Brazil.regions.MA:Sítio Novo,25.612391930835734,1.0,143.96388803882596,3.220404482803041,False
Brazil.regions.MA:Tasso Fragoso,0.2857142857142857,1.0,11.868367794092697,3.22040448280304,False
Brazil.regions.MA:Tuntum,19.260450160771704,1.6444265809217578,42.848463866807556,5.295718732840904,False
Brazil.regions.MG:Araguari,3.5836006415396953,1.3408179631114676,16.815260045450966,5.834544073655052,False
Brazil.regions.MG:Bocaiúva,0.6354009077155824,1.0,1.7159877511849728,3.2204044828030396,False
Brazil.regions.MG:Campina Verde,1.5555555555555556,1.0,9.72239397531575,3.2204044828030396,False
Brazil.regions.MG:Carlos Chagas,2.398628503279666,1.4934406678592727,7.851570228287749,4.809483021574367,False
Brazil.regions.MG:Coromandel,3.7331189710610926,1.6444265809217578,12.991470530553459,5.295718732840904,False
Brazil.regions.MG:Curvelo,16.802206461780933,1.4081954294720254,15.625367514670971,4.534958873734462,False
Brazil.regions.MG:Diamantina,5.418181818181818,1.0,10.351143514368843,3.22040448280304,False
Brazil.regions.MG:Ituiutaba,2.218323977546111,1.681635926222935,17.045293321395004,6.094421148217466,False
Brazil.regions.MG:Jequitinhonha,0.9668246445497632,0.03317535545023697,4.525744327995129,0.8010170835428975,False
Brazil.regions.MG:Lassance,0.0,1.0,12.135860873462315,3.22040448280304,False
Brazil.regions.MG:Patos de Minas,9.432838813151564,1.0100240577385726,14.57937280127444,5.74377672538664,False
Brazil.regions.MG:Patrocínio,1.5757818765036087,1.48616680032077,14.600172060854343,5.835145217543784,False
Brazil.regions.MG:Prata,0.0,1.0,0.3694863845145937,3.22040448280304,False
Brazil.regions.MG:Sacramento,0.8538899430740038,1.0,3.859564747955043,3.2204044828030396,False
Brazil.regions.MG:Santa Vitória,0.0,1.0,1.844938440912896,3.22040448280304,False
Brazil.regions.MG:São Francisco,18.366082492476544,0.8390865639936272,29.206295134651786,0.7939839843220791,False
Brazil.regions.MG:Teófilo Otoni,50.82846521508231,0.805275269959285,30.240622303556773,3.06525901412237,False
Brazil.regions.MS:Alcinópolis,5.918203688853248,1.981355252606255,16.754730469889946,6.380765337518533,False
Brazil.regions.MS:Amambai,2.688796680497925,1.0,6.21655916939465,3.22040448280304,False
Brazil.regions.MS:Bela Vista,0.988939492517892,1.0,4.855195389371599,3.22040448280304,False
Brazil.regions.MS:Bonito,14.866623292127521,1.0,68.9793738759862,3.22040448280304,False
Brazil.regions.MS:Brasilândia,13.540284360189577,0.7393364928909955,119.25503655652962,9.6056706142304,False
Brazil.regions.MS:Chapadão do Sul,5.054931836407379,1.981355252606255,19.832542919182572,6.380765337518533,False
Brazil.regions.MS:Dourados,5.6531676022453885,1.455092221331195,17.549303627170605,6.144718963112253,False
Brazil.regions.MS:Miranda,3.2086037927962328,1.7114674812269313,10.300853365289248,5.511617548714837,False
Brazil.regions.MS:Naviraí,4.74506924045321,1.9347461183382293,17.414103822500778,6.230665072582213,False
Brazil.regions.MS:Nova Alvorada do Sul,0.6666666666666666,1.0,4.396205820947379,3.22040448280304,False
Brazil.regions.MS:Nova Andradina,6.075180433039294,1.981355252606255,15.42093730801617,6.380765337518533,False
Brazil.regions.MS:Paranaíba,4.837409783480353,1.1253007217321573,16.747982899578094,4.349697360689033,False
Brazil.regions.MS:Paraíso das Águas,2.24685778844796,1.5719531139669543,14.510700475580265,5.062324854975376,False
Brazil.regions.MS:Ponta Porã,5.918203688853248,1.981355252606255,21.19863687749694,6.380765337518533,False
Brazil.regions.MS:Rio Brilhante,2.333333333333333,1.0,5.665167126018555,3.2204044828030396,False
Brazil.regions.MS:Selvíria,2.6902979805112275,1.5719531139669543,10.23126744439083,5.062324854975376,False
Brazil.regions.MS:Sidrolândia,5.918203688853248,1.981355252606255,20.545260006222144,6.380765337518533,False
Brazil.regions.MS:Sonora,6.919607056936649,1.981355252606255,40.57060912036037,6.380765337518533,False
Brazil.regions.MS:São Gabriel do Oeste,0.7540263543191801,1.0,3.3315597856933934,3.2204044828030405,False
Brazil.regions.MT:Alto Araguaia,4.333333333333333,1.0,24.784916528189047,3.2204044828030396,False
Brazil.regions.MT:Alto Garças,0.0,1.0,5.09214747064667,3.2204044828030396,False
Brazil.regions.MT:Bom Jesus do Araguaia,0.7999999999999999,1.0,24.13521861750091,3.2204044828030405,False
Brazil.regions.MT:Campo Verde,4.659606656580937,1.0,9.805665528321226,3.2204044828030396,False
Brazil.regions.MT:Colíder,0.7,1.0,2.0015086417134036,3.2204044828030396,False
Brazil.regions.MT:Confresa,13.653122648607976,1.2294958615500375,44.163445036446966,3.9594739841235276,False
Brazil.regions.MT:Guarantã do Norte,2.3055555555555554,1.0,6.1040563848171026,3.2204044828030396,False
Brazil.regions.MT:Ipiranga do Norte,2.4657534246575348,1.5719531139669543,24.164726044358982,5.062324854975376,False
Brazil.regions.MT:Lucas do Rio Verde,2.9951884522854852,0.8985565356856456,7.153697209298062,4.728495192371573,False
Brazil.regions.MT:Luciara,0.0,1.0,44.925960466643275,3.2204044828030396,False
Brazil.regions.MT:Matupá,3.0,1.0,20.925436396105567,3.2204044828030396,False
Brazil.regions.MT:Nobres,0.0,1.0,3.3002006293513673,3.2204044828030396,False
Brazil.regions.MT:Nossa Senhora do Livramento,0.7886089813800657,1.0,10.313259117227723,3.2204044828030405,False
Brazil.regions.MT:Nova Lacerda,1.4435389988358558,1.0,33.57988164424298,3.2204044828030405,False
Brazil.regions.MT:Nova Monte Verde,5.918203688853248,1.981355252606255,17.0378131142802,6.380765337518533,False
Brazil.regions.MT:Nova Xavantina,0.0,1.0,1.4581769713000765,3.22040448280304,False
Brazil.regions.MT:Novo Mundo,0.0,1.0,7.675215477972728,3.2204044828030405,False
Brazil.regions.MT:Pedra Preta,0.7,1.0,6.424438362992942,3.2204044828030396,False
Brazil.regions.MT:Porto Alegre do Norte,0.0,1.0,4.768730293900644,3.22040448280304,False
Brazil.regions.MT:Primavera do Leste,10.369887730553328,1.981355252606255,6.656560765827988,6.380765337518533,False
Brazil.regions.MT:Rondonópolis,32.855052125100244,0.6150761828388132,11.143569399659466,5.7016899781174475,False
Brazil.regions.MT:Santa Rita do Trivelato,0.0,1.0,25.94261680620251,3.22040448280304,False
Brazil.regions.MT:Sinop,12.124298315958299,0.7353648757016841,13.972928769711002,5.43230872892188,False
Brazil.regions.MT:Tapurah,7.218216318785578,1.0,56.74469087499031,3.2204044828030396,False
Brazil.regions.MT:União do Sul,5.918203688853248,1.981355252606255,17.57136293581693,6.380765337518533,False
Brazil.regions.PA:Acará,4.197072975140337,0.7504009623095429,4.814482746105921,2.91567119181363,False
Brazil.regions.PA:Bagre,16.37003197807218,0.9291914116034719,53.427214267008615,3.0521780162407497,False
Brazil.regions.PA:Baião,42.37429218573047,1.3284258210645528,88.2142053785928,2.0475372223512083,False
Brazil.regions.PA:Bannach,6.22782874617737,0.015290519877675842,216.73786533391544,26.844891985119354,False
Brazil.regions.PA:Belterra,5.99063400576369,1.0828530259365994,36.20342816869532,6.406548552799619,False
Brazil.regions.PA:Bragança,156.1421489508877,11.205210975328567,109.98134268731057,4.903108509366994,False
Brazil.regions.PA:Breu Branco,5.695244956772335,1.2377521613832854,7.627873694184705,2.7690271880964006,False
Brazil.regions.PA:Cachoeira do Arari,14.54358353510896,2.662227602905569,65.76579133504549,12.720268326417091,False
Brazil.regions.PA:Cametá,146.9015637530072,7.502004811547715,90.157054712552,2.979357833286533,False
Brazil.regions.PA:Canaã dos Carajás,125.32395665206364,1.3373299515794328,335.34076518988803,3.3913439292451293,False
Brazil.regions.PA:Conceição do Araguaia,13.323807430204441,1.8529347109254786,21.925920548245887,6.003254862056225,False
Brazil.regions.PA:Curralinho,17.57142857142857,0.39951573849878935,49.57683213481939,1.7228467161710248,False
Brazil.regions.PA:Dom Eliseu,71.6109852774632,0.6828992072480182,118.43912022456986,1.6389777267422072,False
Brazil.regions.PA:Eldorado do Carajás,3.5734870317002883,0.49567723342939485,10.435278232807496,1.728678363036698,False
Brazil.regions.PA:Floresta do Araguaia,1.0,1.0,6.629871324919577,3.2204044828030396,False
Brazil.regions.PA:Ipixuna do Pará,32.24915062287656,1.1613816534541337,48.689849046243445,2.7810294365625654,False
Brazil.regions.PA:Mojuí dos Campos,4.184008762322016,0.39759036144578314,29.010438356801632,3.0857959890365727,False
Brazil.regions.PA:Muaná,12.067796610169491,0.9164648910411621,26.70955304204342,3.587411913327648,False
Brazil.regions.PA:Oeiras do Pará,14.26623897353649,1.9392542101042503,42.921061625036636,6.034693775548678,False
Brazil.regions.PA:Piçarra,0.0,1.0,4.483162268602861,3.22040448280304,False
Brazil.regions.PA:Ponta de Pedras,50.840576807530546,2.3653114360104146,163.56371985254924,7.606354671899381,False
Brazil.regions.PA:Redenção,24.409630023012927,0.49371570189414055,24.16001111036989,3.183293115458468,False
Brazil.regions.PA:Rio Maria,4.263688760806917,1.0,25.712090217394376,3.220404482803041,False
Brazil.regions.PA:São Geraldo do Araguaia,4.6812349639133926,1.981355252606255,13.854619778062215,6.380765337518533,False
Brazil.regions.PA:Tailândia,69.15554072096128,0.6862483311081442,58.90983496822342,3.6445197798146243,False
Brazil.regions.PA:Tomé-Açu,29.082916082515524,4.222511516122571,42.9852055223511,5.125250961190548,False
Brazil.regions.PA:Tucuruí,6.217923015236569,1.5192461908580595,11.02513741134685,4.578959060857313,False
Brazil.regions.PA:Ulianópolis,65.73933649289101,1.0,109.4959212947531,3.2204044828030405,False
Brazil.regions.PA:Viseu,67.10434608451833,0.11816543160424596,106.50159401028674,2.071191222274877,False
Brazil.regions.PA:Vitória do Xingu,44.0188679245283,2.893298633702017,294.2479972915349,22.342024309113565,False
Brazil.regions.PA:Xinguara,31.187549251379046,0.7478329393223011,66.67479720891967,1.5211664432006773,False
Brazil.regions.PE:Floresta,4.104220499569336,1.0,12.317749351167327,2.874679051622605,False
Brazil.regions.PE:Santa Maria da Boa Vista,0.8256880733944955,1.0,1.4249120483526099,3.22040448280304,False
Brazil.regions.PE:Serra Talhada,16.33560545308741,0.9929831595829993,5.4704547975173305,5.236153764822232,False
Brazil.regions.PI:Bom Jesus,18.634688563989585,1.1802523532946123,75.33169129177948,3.800889969388807,False
Brazil.regions.PI:Canto do Buriti,1.0726495726495724,0.14529914529914528,7.481790571287793,1.5604852264711786,False
Brazil.regions.PI:Corrente,8.71757219774841,1.0,33.39492465247053,3.2204044828030405,False
Brazil.regions.PI:Currais,0.0,1.0,16.965304035565953,3.22040448280304,False
Brazil.regions.PI:Dom Inocêncio,0.0,1.0,7.244225069310815,3.22040448280304,False
Brazil.regions.PI:Floriano,25.531007751937985,1.3339296362552175,37.340050242083066,4.543342983860086,False
Brazil.regions.PI:Parnaguá,0.0,1.0,6.046577261242923,3.2204044828030405,False
Brazil.regions.PI:Pimenteiras,3.151242031215652,1.884809848318312,7.107462135299055,6.06985008475561,False
Brazil.regions.PI:Ribeiro Gonçalves,1.7647058823529411,1.0,34.440757243841034,3.2204044828030396,False
Brazil.regions.PR:Guarapuava,2.1271050521251005,1.981355252606255,18.232545481745817,6.380765337518533,False
Brazil.regions.RO:Alto Alegre dos Parecis,2.9810426540284367,1.0,26.845622660376748,3.2204044828030405,False
Brazil.regions.RO:Alvorada D'Oeste,1.129220023282887,1.0,11.554559248255785,3.2204044828030405,False
Brazil.regions.RO:Ariquemes,113.41479550922213,1.3959502806736166,89.30564965080063,5.838035233652855,False
Brazil.regions.RO:Buritis,1.247320471596999,1.1956055734190782,4.253874132041916,4.163875772477059,False
Brazil.regions.RO:Cacoal,23.9662027833002,1.0,26.16301030977945,3.22040448280304,False
Brazil.regions.RO:Campo Novo de Rondônia,0.0,0.0,3.85223148862351,3.85223148862351,False
Brazil.regions.RO:Cujubim,4.324159021406728,0.0,17.89464220134024,0.7454888346667201,False
Brazil.regions.RO:Espigão D'Oeste,3.912103746397695,0.8378962536023055,11.968313066283299,2.719682463906103,False
Brazil.regions.RO:Governador Jorge Teixeira,2.9609012591119948,1.0,47.77613548258894,3.22040448280304,False
Brazil.regions.RO:Itapuã do Oeste,0.8982649842271293,1.0,15.831149621958522,3.2204044828030405,False
Brazil.regions.RO:Jaru,1.97373696872494,1.981355252606255,8.6598609967163,6.380765337518533,False
Brazil.regions.RO:Seringueiras,0.0,1.0,5.214143425429079,3.2204044828030396,False
Brazil.regions.RO:Vale do Anari,0.6664265129682997,0.49567723342939485,11.653091705775145,4.473432132751072,False
Brazil.regions.RR:São João da Baliza,8.971712938711368,1.0,118.37102264451521,3.22040448280304,False
Brazil.regions.RS:Bagé,18.76443464314355,1.981355252606255,14.196964996723183,6.380765337518533,False
Brazil.regions.RS:Cachoeira do Sul,5.284683239775461,1.981355252606255,19.545879565067246,6.380765337518533,False
Brazil.regions.RS:Canguçu,5.32878909382518,1.981355252606255,19.296615665543417,6.380765337518533,False
Brazil.regions.RS:Caçapava do Sul,0.09478672985781991,0.9052132701421801,0.48154113237646906,2.938502478705313,False
Brazil.regions.RS:Dom Pedrito,5.5222534081796315,1.5854049719326384,18.649892629474518,5.351280194975135,False
Brazil.regions.RS:Encruzilhada do Sul,5.0443063352044915,0.981355252606255,15.609326396975266,3.0503539358795266,False
Brazil.regions.RS:Itaqui,0.8713692946058091,1.0,1.8986392226362758,3.22040448280304,False
Brazil.regions.RS:Piratini,5.918203688853248,1.981355252606255,18.603903898537535,6.380765337518533,False
Brazil.regions.RS:Quaraí,8.148007210094134,0.705587822952133,38.00597288801498,4.395958738382954,False
Brazil.regions.RS:Rosário do Sul,1.4702937249666224,1.315420560747664,5.6012670476420405,4.236186270603064,False
Brazil.regions.RS:São Borja,3.2770398481973433,1.0,3.874648515102377,3.2204044828030396,False
Brazil.regions.RS:São Gabriel,5.918203688853248,1.981355252606255,20.66923785822111,6.380765337518533,False
Brazil.regions.RS:Uruguaiana,4.363472333600642,1.981355252606255,19.218906790519934,6.380765337518533,False
Brazil.regions.SC:Lages,8.335004009623095,1.981355252606255,13.610179981588837,6.380765337518533,False
Brazil.regions.TO:Araguaçu,0.2857142857142857,1.0,11.875454219959503,3.22040448280304,False
Brazil.regions.TO:Araguaína,61.02285485164395,1.981355252606255,17.133450389170935,6.380765337518533,False
Brazil.regions.TO:Campos Lindos,0.0,1.0,6.664925687224638,3.2204044828030396,False
Brazil.regions.TO:Dianópolis,5.918203688853248,1.981355252606255,18.694593303074395,6.380765337518533,False
Brazil.regions.TO:Dueré,3.4705882352941178,1.0,92.18267352176628,3.2204044828030396,False
Brazil.regions.TO:Lizarda,0.0,0.0,23.517563431635462,23.517563431635462,False
Brazil.regions.TO:Peixe,0.0,1.0,5.290958186360292,3.22040448280304,False
Brazil.regions.TO:Porto Nacional,6.565749235474006,0.4740061162079511,11.149807092256154,2.228150410378877,False
Sweden.regions.Blekinge,26.927225340817962,0.82457898957498,10.740895759581981,5.656349451749593,False
Sweden.regions.Gotland,7.649959903769047,1.6565757818765035,11.288631243956036,5.832605080417567,False
Sweden.regions.Västmanland,318.06976744186045,22.058540497193263,96.40930292030936,4.22619725279973,False
United_States_of_America.regions.Alabama:Baldwin,72.02987169206095,0.3404170008019246,13.513581709453035,5.645689922570841,False
United_States_of_America.regions.Alabama:Clarke,31.44045709703288,1.1353247794707297,140.1059079250346,3.2378708325286683,False
United_States_of_America.regions.Arizona:Greenlee,5.5513231756214925,1.981355252606255,15.873847464197747,6.380765337518533,False
United_States_of_America.regions.Arizona:Santa Cruz,10.916198877305535,1.981355252606255,16.13712772401296,6.380765337518533,False
United_States_of_America.regions.Arkansas:White,22.52746591820369,1.3678829190056134,19.80382241780165,5.601782525942287,False
United_States_of_America.regions.California:Butte,8.27325581395349,1.981355252606255,17.28951575198651,6.380765337518533,False
United_States_of_America.regions.California:Colusa,5.257618283881316,1.981355252606255,16.25176240489265,6.380765337518533,False
United_States_of_America.regions.California:El Dorado,28.82117080994387,1.981355252606255,12.9407290289129,6.380765337518533,False
United_States_of_America.regions.California:Glenn,4.413392141138733,1.981355252606255,13.99173349887072,6.380765337518533,False
United_States_of_America.regions.California:Kings,92.42201283079392,1.109262229350441,42.7609028016505,5.8105462821662295,False
United_States_of_America.regions.California:Lake,4.184442662389736,1.981355252606255,15.155079844077102,6.380765337518533,False
United_States_of_America.regions.California:Madera,16.732157177225343,0.6421411387329591,11.788061079689678,5.49385537469632,False
United_States_of_America.regions.California:Mariposa,13.446372239747635,0.4085173501577287,81.12351032768785,2.8490306487837804,False
United_States_of_America.regions.California:Merced,88.25441058540498,0.8486367281475542,14.51261256881807,5.423411508553737,False
United_States_of_America.regions.California:Napa,4.2792702485966325,1.2977145148356055,14.150222383810863,5.884452802837786,False
United_States_of_America.regions.California:Nevada,24.601042502004816,1.1603849238171613,16.53426434576297,5.557778691446563,False
United_States_of_America.regions.California:San Benito,25.860064153969525,0.5890136327185245,29.966445829175044,3.605348765206455,False
United_States_of_America.regions.California:Tuolumne,4.860665597433841,1.981355252606255,17.90569329830365,6.380765337518533,False
United_States_of_America.regions.Colorado:Archuleta,4.686246992782679,1.981355252606255,32.30623998992777,6.380765337518533,False
United_States_of_America.regions.Colorado:Bent,0.34854771784232363,1.0,20.960117623030268,3.22040448280304,False
United_States_of_America.regions.Colorado:Cheyenne,3.852153667054715,1.0,261.77979579326,3.2204044828030405,False
United_States_of_America.regions.Colorado:Conejos,0.0,1.0,8.967285949859969,3.2204044828030405,False
United_States_of_America.regions.Colorado:Costilla,5.329591018444266,1.981355252606255,54.220109562233695,6.380765337518533,False
United_States_of_America.regions.Colorado:Delta,20.143744987971136,1.109262229350441,64.56469727543013,3.5821868661244824,False
United_States_of_America.regions.Colorado:Eagle,296.47293504410584,2.103648757016841,528.1072497521263,1.9372486811625034,False
United_States_of_America.regions.Colorado:Elbert,13.57578187650361,1.0942261427425821,54.39380804063742,3.376095518131616,False
United_States_of_America.regions.Colorado:Fremont,7.893945469125902,1.981355252606255,12.988841623300742,6.380765337518533,False
United_States_of_America.regions.Colorado:Grand,4.603247794707298,1.981355252606255,14.751571393894002,6.380765337518533,False
United_States_of_America.regions.Colorado:Huerfano,5.455092221331196,1.981355252606255,10.439355076423599,6.380765337518533,False
United_States_of_America.regions.Colorado:Kit Carson,9.663592622293505,0.6230954290296712,211.36573604794242,14.033507095104023,False
United_States_of_America.regions.Colorado:La Plata,43.45489174017642,1.981355252606255,67.35710111495645,6.380765337518533,False
United_States_of_America.regions.Colorado:Logan,119.18865276663993,1.314755412991179,540.4715182898456,3.607770771876911,False
United_States_of_America.regions.Colorado:Montezuma,8.922413793103448,0.6982758620689655,38.22021337953563,2.5680947341011002,False
United_States_of_America.regions.Colorado:Montrose,62.122894947874904,5.161988773055333,139.21334710294371,10.579507148439413,False
United_States_of_America.regions.Colorado:Morgan,153.84643143544508,4.411186848436246,530.7845569445026,15.403098043849925,False
United_States_of_America.regions.Colorado:Otero,3.5136327185244585,1.455092221331195,19.8922524263582,3.501549716142781,False
United_States_of_America.regions.Colorado:Park,3.22373696872494,1.981355252606255,14.133793391904641,6.380765337518533,False
United_States_of_America.regions.Colorado:Prowers,2.0729751403368084,1.981355252606255,29.797591673379085,6.380765337518533,False
United_States_of_America.regions.Colorado:San Miguel,7.267441860465117,1.981355252606255,146.89540353154436,6.380765337518533,False
United_States_of_America.regions.Florida:Hendry,66.66840417000805,1.0170408981555734,152.84248432759634,1.9788411651255133,False
United_States_of_America.regions.Florida:Highlands,55.90276663993585,3.538091419406576,36.914352216186295,2.0062156305041716,False
United_States_of_America.regions.Florida:Levy,7.270248596631916,1.981355252606255,15.172764790592842,6.380765337518533,False
United_States_of_America.regions.Florida:Santa Rosa,52.07598235765838,0.5627506014434643,10.962920152989115,5.082461331098994,False
United_States_of_America.regions.Florida:Walton,21.72213311948677,1.981355252606255,19.976339446386874,6.380765337518533,False
United_States_of_America.regions.Hawaii:Maui,68.83720930232559,1.2355653568564555,23.11606607980059,4.771330978923942,False
United_States_of_America.regions.Idaho:Adams,4.91980753809142,1.981355252606255,37.426058748229856,6.380765337518533,False
United_States_of_America.regions.Idaho:Bannock,3.9799518845228556,1.981355252606255,15.327701558387794,6.380765337518533,False
United_States_of_America.regions.Idaho:Bingham,4.779470729751403,1.981355252606255,17.091091100203208,6.380765337518533,False
United_States_of_America.regions.Idaho:Bonner,5.058139534883721,1.981355252606255,17.264705200916538,6.380765337518533,False
United_States_of_America.regions.Idaho:Bonneville,17.786487570168408,1.981355252606255,13.754332946264954,6.380765337518533,False
United_States_of_America.regions.Idaho:Caribou,5.918203688853248,1.981355252606255,16.709118568825925,6.380765337518533,False
United_States_of_America.regions.Idaho:Fremont,5.422012830793906,1.981355252606255,15.07931821526446,6.380765337518533,False
United_States_of_America.regions.Idaho:Kootenai,42.39795509222133,1.981355252606255,15.089585342117955,6.380765337518533,False
United_States_of_America.regions.Idaho:Lincoln,15.355252606255014,1.981355252606255,392.8054962842048,6.380765337518533,False
United_States_of_America.regions.Idaho:Power,5.27626303127506,1.981355252606255,15.417620893915199,6.380765337518533,False
United_States_of_America.regions.Idaho:Twin Falls,94.41760224538893,4.946471531676023,94.61897333778573,2.9634668700013598,False
United_States_of_America.regions.Idaho:Washington,3.8793103448275863,1.981355252606255,20.39298091743437,6.380765337518533,False
United_States_of_America.regions.Illinois:LaSalle,20.501202886928628,1.0691659983961508,7.589673977543989,5.495223423170406,False
United_States_of_America.regions.Illinois:McLean,67.87149157979151,0.5671611868484363,23.161960026705945,4.905183268198988,False
United_States_of_America.regions.Iowa:Pottawattamie,3.39214113873296,1.6204891740176421,12.292599706490538,5.9935948993615344,False
United_States_of_America.regions.Kansas:Barber,5.918203688853248,1.981355252606255,16.79493682884044,6.380765337518533,False
United_States_of_America.regions.Kansas:Butler,3.5274659182036885,1.981355252606255,12.505053519628113,6.380765337518533,False
United_States_of_America.regions.Kansas:Cowley,4.764434643143545,1.0170408981555734,16.037539790186457,3.6183201832539473,False
United_States_of_America.regions.Kansas:Finney,345.38091419406584,0.5038091419406575,943.8139606566992,1.8400939559483973,False
United_States_of_America.regions.Kansas:Ford,161.12971130713714,1.981355252606255,477.6799148810974,6.380765337518533,False
United_States_of_America.regions.Kansas:Greenwood,5.025060144346432,1.981355252606255,25.502224173646834,6.380765337518533,False
United_States_of_America.regions.Kansas:Reno,10.813753007217322,1.981355252606255,8.395910683238984,6.380765337518533,False
United_States_of_America.regions.Kansas:Sumner,4.823576583801123,1.0942261427425821,14.369296054630064,3.1951650722579488,False
United_States_of_America.regions.Louisiana:Beauregard,23.7584202085004,0.26924619085805934,59.54610929201578,1.75374172045453,False
United_States_of_America.regions.Louisiana:Bossier,165.70268644747395,5.800521251002407,113.7040395317959,1.444633537583865,False
United_States_of_America.regions.Louisiana:Cameron,5.252606255012029,1.981355252606255,24.437300996001873,6.380765337518533,False
United_States_of_America.regions.Louisiana:Lafourche,388.75681635926225,14.786086607858863,383.1280600125297,11.431184777010623,False
United_States_of_America.regions.Louisiana:Natchitoches,50.85364875701684,0.9458700882117081,129.12226423270883,2.6318816886843135,False
United_States_of_America.regions.Louisiana:Rapides,181.49899759422613,4.660384923817162,123.08799857581721,1.6435165275162245,False
United_States_of_America.regions.Louisiana:Tangipahoa,385.75120288692864,12.395348837209303,269.15985278490456,5.127925559713487,False
United_States_of_America.regions.Louisiana:Terrebonne,212.48115477145151,11.802927024859665,176.41099968238296,7.267710640704683,False
United_States_of_America.regions.Louisiana:Vermilion,24.797113071371292,0.8608660785886126,31.099586125365903,4.4979383407992,False
United_States_of_America.regions.Louisiana:Vernon,7.800320769847634,0.7574178027265438,15.909472799081534,3.8001976471187535,False
United_States_of_America.regions.Maine:Franklin,12.692261427425821,1.455092221331195,42.65805102923104,4.638114815067259,False
United_States_of_America.regions.Maine:Hancock,4.5691659983961515,1.693664795509222,14.023505232844082,5.857568114362091,False
United_States_of_America.regions.Maine:Kennebec,60.03408179631114,1.1152766639935847,32.5131561258928,4.033387423561947,False
United_States_of_America.regions.Maine:Oxford,6.6319165998396175,1.981355252606255,13.632019472935324,6.380765337518533,False
United_States_of_America.regions.Massachusetts:Berkshire,229.4075781876504,12.209903769045711,166.90864372802548,5.943243047306814,False
United_States_of_America.regions.Michigan:Allegan,43.066359262229355,1.3748997594226142,20.318357740344233,5.867172555289689,False
United_States_of_America.regions.Michigan:Chippewa,5.440056134723337,1.8009222133119487,18.306511811836838,5.897665283181587,False
United_States_of_America.regions.Michigan:Delta,6.704089815557338,0.6120689655172413,18.41984063615755,2.4236066339420743,False
United_States_of_America.regions.Michigan:Marquette,28.944466720128304,4.002205292702486,31.551467505361675,2.9269561739343937,False
United_States_of_America.regions.Michigan:Ontonagon,0.0,1.0,14.262112999714441,3.2204044828030396,False
United_States_of_America.regions.Michigan:Schoolcraft,4.7638331996792305,1.981355252606255,24.56858285766535,6.380765337518533,False
United_States_of_America.regions.Minnesota:Aitkin,1.6586280814576635,1.6444265809217578,4.607883112160383,5.295718732840904,False
United_States_of_America.regions.Minnesota:Becker,13.971732157177227,1.981355252606255,38.43780211128474,6.380765337518533,False
United_States_of_America.regions.Minnesota:Cass,3.8753007217321573,1.981355252606255,12.304999361357567,6.380765337518533,False
United_States_of_America.regions.Minnesota:Lake,0.0,1.0,6.177208523493359,3.2204044828030405,False
United_States_of_America.regions.Minnesota:Marshall,3.5852713178294584,1.4934406678592727,61.59373351894765,4.809483021574367,False
United_States_of_America.regions.Minnesota:Morrison,15.99880739415623,1.4934406678592727,47.19569112731245,4.809483021574367,False
United_States_of_America.regions.Minnesota:Otter Tail,4.816559743384122,1.981355252606255,6.197142074770525,6.380765337518533,False
United_States_of_America.regions.Minnesota:Pine,54.26724137931034,1.981355252606255,184.57492528507277,6.380765337518533,False
United_States_of_America.regions.Minnesota:Polk,27.78769045709704,1.4500801924619084,88.38127465542063,4.686864495328932,False
United_States_of_America.regions.Minnesota:Roseau,5.918203688853248,1.981355252606255,18.110740866538354,6.380765337518533,False
United_States_of_America.regions.Minnesota:Stearns,3.98897353648757,1.981355252606255,15.754308021069164,6.380765337518533,False
United_States_of_America.regions.Mississippi:Jackson,155.4121892542101,2.825380914194066,90.82128986100749,3.3368982735041484,False
United_States_of_America.regions.Mississippi:Rankin,119.95328789093826,1.1002405773857258,59.44166513156826,4.433036386376759,False
United_States_of_America.regions.Missouri:Franklin,86.31335204490777,4.377105052125101,67.41764392907739,1.8082588443680987,False
United_States_of_America.regions.Montana:Broadwater,4.975942261427425,1.981355252606255,39.10777586957196,6.380765337518533,False
United_States_of_America.regions.Montana:Carbon,4.987971130713714,1.981355252606255,33.68379396871222,6.380765337518533,False
United_States_of_America.regions.Montana:Golden Valley,5.298716920609463,1.981355252606255,336.14475022885676,6.380765337518533,False
United_States_of_America.regions.Montana:Jefferson,5.623897353648757,1.981355252606255,16.623837805910895,6.380765337518533,False
United_States_of_America.regions.Montana:Lake,5.110264635124299,1.981355252606255,16.454827530743714,6.380765337518533,False
United_States_of_America.regions.Montana:Liberty,5.918203688853248,1.981355252606255,25.767142796635603,6.380765337518533,False
United_States_of_America.regions.Montana:Musselshell,5.952285485164394,1.981355252606255,17.517962784661755,6.380765337518533,False
United_States_of_America.regions.Montana:Pondera,3.47820823244552,1.7736077481840196,19.364560395604926,5.711734342986021,False
United_States_of_America.regions.Montana:Richland,5.342822774659182,1.981355252606255,17.324285225802285,6.380765337518533,False
United_States_of_America.regions.Montana:Stillwater,5.918203688853248,1.981355252606255,17.127373498901562,6.380765337518533,False
United_States_of_America.regions.Montana:Toole,19.271050521251002,3.001804330392943,530.7031493854171,98.20657549123814,False
United_States_of_America.regions.Montana:Wheatland,0.7610654916883637,1.1802523532946123,41.36534541317841,3.800889969388807,False
United_States_of_America.regions.Nebraska:Cheyenne,3.581595829991981,1.981355252606255,55.64722817539257,6.380765337518533,False
United_States_of_America.regions.Nebraska:Dawes,0.1390922401171303,1.0,10.041817430308267,3.2204044828030405,False
United_States_of_America.regions.Nebraska:Morrill,2.789346246973366,1.7736077481840196,138.7191499525075,5.711734342986021,False
United_States_of_America.regions.Nevada:Lyon,13.91138732959102,1.981355252606255,15.096510855897813,6.380765337518533,False
United_States_of_America.regions.New Hampshire:Coos,5.427024859663192,1.981355252606255,17.52119995718458,6.380765337518533,False
United_States_of_America.regions.New Hampshire:Grafton,23.14474739374499,1.981355252606255,14.408011073460703,6.380765337518533,False
United_States_of_America.regions.New Hampshire:Merrimack,80.32678428227749,0.5819967923015237,35.43155594925307,5.003534187963345,False
United_States_of_America.regions.New Mexico:Curry,5.4129911788291905,1.981355252606255,10.101968766871284,6.380765337518533,False
United_States_of_America.regions.New Mexico:Harding,1.0759969902182092,1.2294958615500375,153.31444998641567,3.9594739841235276,False
United_States_of_America.regions.New Mexico:Santa Fe,55.171411387329584,1.981355252606255,19.942273414998045,6.380765337518533,False
United_States_of_America.regions.New Mexico:Taos,8.037690457097032,1.981355252606255,24.031815944388573,6.380765337518533,False
United_States_of_America.regions.New Mexico:Valencia,30.202485966319166,1.693664795509222,26.164620031429767,6.005621303123278,False
United_States_of_America.regions.New York:Cattaraugus,34.990176423416194,1.3959502806736166,32.79524990961985,5.611679624822765,False
United_States_of_America.regions.New York:Chautauqua,20.395549318364075,0.8566559743384122,11.57747769537018,5.494498442119808,False
United_States_of_America.regions.New York:Clinton,35.57377706495589,0.9198075380914195,30.57432350721496,3.6978664401921537,False
United_States_of_America.regions.New York:Delaware,27.141138732959103,1.8340016038492382,55.01121521727465,6.046895055980033,False
United_States_of_America.regions.New York:Essex,11.463913392141137,1.981355252606255,27.57035714662793,6.380765337518533,False
United_States_of_America.regions.New York:Franklin,7.235966319165999,1.981355252606255,14.255894208315324,6.380765337518533,False
United_States_of_America.regions.New York:Hamilton,5.086006415396953,1.981355252606255,39.5401484298922,6.380765337518533,False
United_States_of_America.regions.New York:Herkimer,25.346832397754614,1.4701283079390537,30.477865195121176,4.8873754197047585,False
United_States_of_America.regions.New York:Jefferson,37.13612670408982,1.981355252606255,20.199946536083928,6.380765337518533,False
United_States_of_America.regions.New York:Lewis,4.537489975942261,1.981355252606255,17.089389202704222,6.380765337518533,False
United_States_of_America.regions.New York:Oswego,42.29751403368084,1.981355252606255,21.53118671640697,6.225000634432897,False
United_States_of_America.regions.New York:Steuben,145.3097433841219,5.116880513231756,137.33437004812635,1.768681062151328,False
United_States_of_America.regions.New York:Ulster,419.7668404170008,1.1353247794707297,218.12323469499879,5.340949917693973,False
United_States_of_America.regions.North Carolina:Brunswick,21.811347233360063,0.5128307939053729,11.209516197517715,5.3132263499559444,False
United_States_of_America.regions.North Carolina:Randolph,116.13632718524458,0.4707297514033681,63.40929592969602,4.7613372147605615,False
United_States_of_America.regions.North Carolina:Robeson,64.23255813953489,1.0210505212510024,32.499587170941744,5.1928425524995605,False
United_States_of_America.regions.North Dakota:Barnes,4.531475541299119,1.981355252606255,16.877656814047345,6.380765337518533,False
United_States_of_America.regions.North Dakota:Benson,0.16763678696158324,1.0,13.870297902466039,3.2204044828030405,False
United_States_of_America.regions.North Dakota:Bottineau,0.8571428571428571,1.0,26.342519062928535,3.22040448280304,False
United_States_of_America.regions.North Dakota:Bowman,5.918203688853248,1.981355252606255,20.064567096469812,6.380765337518533,False
United_States_of_America.regions.North Dakota:Burleigh,46.39294306335205,1.981355252606255,33.49013849733565,6.380765337518533,False
United_States_of_America.regions.North Dakota:Cass,190.5342822774659,2.6178829190056137,86.47269693470754,3.9216276975692477,False
United_States_of_America.regions.North Dakota:Divide,5.918203688853248,1.981355252606255,26.67662266294481,6.380765337518533,False
United_States_of_America.regions.North Dakota:Dunn,3.0944266238973537,1.981355252606255,145.90451659223012,6.380765337518533,False
United_States_of_America.regions.North Dakota:Emmons,5.918203688853248,0.9901764234161988,18.782621307534463,24.258550267804114,False
United_States_of_America.regions.North Dakota:Grand Forks,187.3229751403368,1.4831595829991981,257.4044866290482,5.663431289618493,False
United_States_of_America.regions.North Dakota:Grant,5.788893344025662,1.981355252606255,27.47369309290884,6.380765337518533,False
United_States_of_America.regions.North Dakota:McHenry,5.918203688853248,0.9989975942261429,16.742127710685814,10.832215629880748,False
United_States_of_America.regions.North Dakota:McLean,4.455292702485966,1.981355252606255,17.776671004652606,6.380765337518533,False
United_States_of_America.regions.North Dakota:Morton,13.077586206896552,0.5368885324779471,41.47453907243422,1.7717402708462828,False
United_States_of_America.regions.North Dakota:Mountrail,24.202686447473937,1.981355252606255,272.84519593963165,6.380765337518533,False
United_States_of_America.regions.North Dakota:Ramsey,5.231555733761026,1.981355252606255,16.45566881089558,6.380765337518533,False
United_States_of_America.regions.North Dakota:Richland,3.529270248596632,1.981355252606255,29.798344903975735,6.380765337518533,False
United_States_of_America.regions.North Dakota:Slope,5.325180433039295,1.981355252606255,373.60403944949866,6.380765337518533,False
United_States_of_America.regions.North Dakota:Stark,34.48235765838011,0.7945068163592621,109.19685165755078,2.5874844157706316,False
United_States_of_America.regions.North Dakota:Stutsman,4.898757016840418,1.981355252606255,31.426566734973512,6.380765337518533,False
United_States_of_America.regions.North Dakota:Walsh,3.584603047313553,1.981355252606255,18.639810316674826,6.380765337518533,False
United_States_of_America.regions.North Dakota:Ward,8.271852445870088,1.518243785084202,10.776534735941887,5.69610445503298,False
United_States_of_America.regions.North Dakota:Wells,1.5454062665958577,1.2743848468755534,46.910725256754745,4.104034673694298,False
United_States_of_America.regions.North Dakota:Williams,5.390336808340017,1.981355252606255,12.599496387420869,6.380765337518533,False
United_States_of_America.regions.Oklahoma:Beaver,7.1672012830793905,1.981355252606255,242.93250395838263,6.380765337518533,False
United_States_of_America.regions.Oklahoma:Caddo,46.88352044907779,3.404771451483561,164.7789410806921,12.24419700795747,False
United_States_of_America.regions.Oklahoma:Canadian,51.48376102646351,0.3173616680032077,18.07497057690504,5.003273552209044,False
United_States_of_America.regions.Oklahoma:Cimarron,1.7373164218958614,1.315420560747664,37.97930575374396,4.236186270603064,False
United_States_of_America.regions.Oklahoma:Comanche,68.10124298315958,1.016038492381716,39.855498099346086,5.581324546932659,False
United_States_of_America.regions.Oklahoma:Le Flore,3.6948676824378506,1.8520449077786687,10.114685713054689,6.121382061030486,False
United_States_of_America.regions.Oklahoma:McCurtain,4.5649558941459505,1.981355252606255,14.73033703203371,6.380765337518533,False
United_States_of_America.regions.Oklahoma:Osage,56.08801122694468,5.210104250200482,111.89160316238353,9.069197693165709,False
United_States_of_America.regions.Oklahoma:Pittsburg,17.537690457097032,0.5860064153969526,33.742700973736916,3.081873766241737,False
United_States_of_America.regions.Oklahoma:Pushmataha,0.3181595692608909,1.0,7.792216537394543,3.2204044828030405,False
United_States_of_America.regions.Oklahoma:Texas,140.79991980753812,0.485765838011227,716.9395394199829,3.0164267258126243,False
United_States_of_America.regions.Oklahoma:Woods,2.8389603429796355,1.6444265809217578,21.019333848649588,5.295718732840904,False
United_States_of_America.regions.Oklahoma:Woodward,5.940256615878108,1.981355252606255,18.682596012328048,6.380765337518533,False
United_States_of_America.regions.Oregon:Coos,17.713512429831592,1.981355252606255,19.831132379141586,6.380765337518533,False
United_States_of_America.regions.Oregon:Curry,5.042101042502005,1.981355252606255,16.118130252031378,6.380765337518533,False
United_States_of_America.regions.Oregon:Jefferson,14.002766889554993,1.831219737145492,61.02529873273977,5.897268250500748,False
United_States_of_America.regions.Oregon:Josephine,10.746792301523657,1.2205292702485966,14.201431411450338,5.5111207247673155,False
United_States_of_America.regions.Oregon:Linn,38.88753007217321,1.5823977546110666,16.408591123624998,3.7478364692378277,False
United_States_of_America.regions.Oregon:Morrow,2.939053728949479,1.981355252606255,34.75309428818152,6.380765337518533,False
United_States_of_America.regions.Oregon:Union,4.7263432237369685,1.981355252606255,15.00797963472621,6.380765337518533,False
United_States_of_America.regions.Pennsylvania:Bradford,18.152365677626303,1.719727345629511,20.838198527915154,2.1373046452418047,False
United_States_of_America.regions.Pennsylvania:Centre,62.330392943063345,0.9328388131515637,21.930579352548744,5.735067496304942,False
United_States_of_America.regions.Pennsylvania:Clearfield,5.152566158781075,1.981355252606255,12.049465804657508,6.380765337518533,False
United_States_of_America.regions.Pennsylvania:Crawford,9.909983961507617,1.981355252606255,13.756235425152171,6.380765337518533,False
United_States_of_America.regions.Pennsylvania:Fayette,55.15998396150761,1.0751804330392944,26.397427795111973,4.113461407293878,False
United_States_of_America.regions.Pennsylvania:Franklin,128.4993985565357,3.9681234963913394,65.17531894993769,3.3947700670457435,False
United_States_of_America.regions.Pennsylvania:Lycoming,43.8981555733761,0.7694466720128308,22.64479295766439,5.0333006700593295,False
United_States_of_America.regions.Pennsylvania:Schuylkill,247.75902165196473,3.003809141940658,157.915871905015,3.125241947553607,False
United_States_of_America.regions.Pennsylvania:Somerset,12.673616680032078,1.770850040096231,10.432736557510221,6.094157017900272,False
United_States_of_America.regions.Pennsylvania:Tioga,7.893344025661588,0.6150761828388132,18.684136387746477,2.853971329931189,False
United_States_of_America.regions.South Carolina:Aiken,58.19967923015236,1.7638331996792302,17.259810881778463,4.275309603183068,False
United_States_of_America.regions.South Carolina:Florence,150.91499599037692,6.162790697674419,91.92551037674828,1.5261751007079898,False
United_States_of_America.regions.South Carolina:Orangeburg,39.42642341619888,1.5693664795509221,31.5081867925678,5.90268146974327,False
United_States_of_America.regions.South Dakota:Beadle,11.61086607858861,0.7393744987971131,78.1328210599109,2.3015941772368564,False
United_States_of_America.regions.South Dakota:Brown,18.928829190056135,1.981355252606255,44.28684451226924,6.380765337518533,False
United_States_of_America.regions.South Dakota:Fall River,5.557337610264636,1.981355252606255,11.585717190558324,6.380765337518533,False
United_States_of_America.regions.South Dakota:Hand,0.4499771585198721,1.0662402923709455,26.66862557331282,3.433725017296617,False
United_States_of_America.regions.South Dakota:Jackson,0.0,1.0,26.68390173729265,3.22040448280304,False
United_States_of_America.regions.South Dakota:Lyman,5.221531676022454,1.981355252606255,34.84260329250412,6.380765337518533,False
United_States_of_America.regions.South Dakota:McPherson,0.6132478632478632,1.1260683760683763,36.83915761330061,3.6263956462333375,False
United_States_of_America.regions.South Dakota:Spink,5.046311146752205,1.981355252606255,29.791709988683163,6.380765337518533,False
United_States_of_America.regions.South Dakota:Stanley,6.599238934508311,1.1802523532946123,264.19000044346427,3.800889969388807,False
United_States_of_America.regions.South Dakota:Todd,4.343424218123496,1.981355252606255,8.54617680568947,6.380765337518533,False
United_States_of_America.regions.South Dakota:Tripp,2.360060514372163,1.0,58.534061872134714,3.2204044828030396,False
United_States_of_America.regions.South Dakota:Ziebach,0.0,1.0,33.06406576393136,3.22040448280304,False
United_States_of_America.regions.Texas:Andrews,12.767241379310343,1.981355252606255,82.96220607961679,6.380765337518533,False
United_States_of_America.regions.Texas:Atascosa,6.370890136327186,1.2896952686447474,10.405011612737725,5.028625709419483,False
United_States_of_America.regions.Texas:Coleman,0.9402017291066282,1.0,20.512950001681705,3.220404482803041,False
United_States_of_America.regions.Texas:Coryell,91.7050922213312,0.8817161186848437,107.78432912880224,4.9329382728039,False
United_States_of_America.regions.Texas:Dallam,5.988372093023257,1.5884121892542102,147.6577337336481,8.454609598843977,False
United_States_of_America.regions.Texas:Deaf Smith,9.191459502806737,1.981355252606255,64.58386196065474,6.380765337518533,False
United_States_of_America.regions.Texas:Dimmit,5.918203688853248,1.981355252606255,17.211714921989415,6.380765337518533,False
United_States_of_America.regions.Texas:Duval,2.736914918146184,1.831219737145492,19.45167398873046,5.897268250500748,False
United_States_of_America.regions.Texas:Frio,13.900360866078588,1.981355252606255,80.24478830423715,6.380765337518533,False
United_States_of_America.regions.Texas:Gaines,5.309743384121893,1.981355252606255,15.8252719115793,6.380765337518533,False
United_States_of_America.regions.Texas:Grayson,18.459502806736165,1.981355252606255,9.776315322241143,6.380765337518533,False
United_States_of_America.regions.Texas:Hartley,5.254531126871552,0.6769109535066982,139.5814140453648,25.106679577228782,False
United_States_of_America.regions.Texas:Houston,37.44633273703041,1.4934406678592727,166.88925104288793,4.809483021574367,False
United_States_of_America.regions.Texas:Jim Hogg,1.6892400300978179,1.2294958615500375,58.777203936754255,3.9594739841235276,False
United_States_of_America.regions.Texas:Kaufman,52.154771451483555,1.6565757818765035,21.217862843364394,6.142227012732079,False
United_States_of_America.regions.Texas:Kimble,0.0,1.0,19.837008475463048,3.22040448280304,False
United_States_of_America.regions.Texas:La Salle,1.7703958253786434,1.7114674812269313,21.40830264774368,5.511617548714837,False
United_States_of_America.regions.Texas:Liberty,25.502004811547717,1.810946271050521,16.96157537801818,6.187599487128329,False
United_States_of_America.regions.Texas:Matagorda,38.96050521251002,0.6726142742582197,102.92515123249738,2.155056849949416,False
United_States_of_America.regions.Texas:Maverick,8.480352846832398,1.981355252606255,9.561789883641437,6.380765337518533,False
United_States_of_America.regions.Texas:Medina,6.043504410585405,0.6862469927826784,9.997257918656205,3.8700871042997513,False
United_States_of_America.regions.Texas:Oldham,5.151363271852446,0.9989975942261429,110.07421939652303,40.24601231816492,False
United_States_of_America.regions.Texas:Parker,15.647353648757019,1.981355252606255,10.732326796712961,6.380765337518533,False
United_States_of_America.regions.Texas:Potter,250.85665597433842,2.359262229350441,197.39486703891083,2.9018201188766866,False
United_States_of_America.regions.Texas:Randall,179.57939053728947,0.7574178027265437,113.17298838469753,4.483143578900342,False
United_States_of_America.regions.Texas:San Saba,0.0,1.0,13.294872148080527,3.22040448280304,False
United_States_of_America.regions.Texas:Starr,3.6222935044105853,1.981355252606255,14.486343347177405,6.380765337518533,False
United_States_of_America.regions.Texas:Taylor,217.92221331194864,1.5743785084202087,140.645936221266,3.8681061538781902,False
United_States_of_America.regions.Texas:Tom Green,34.186647955092226,1.1253007217321573,16.102335848080127,5.662598784771808,False
United_States_of_America.regions.Texas:Uvalde,4.9186046511627906,1.981355252606255,16.010179152341173,6.380765337518533,False
United_States_of_America.regions.Texas:Zavala,1.9627545551982848,1.6444265809217578,37.268054730685094,5.295718732840904,False
United_States_of_America.regions.Utah:Cache,25.045709703287894,1.981355252606255,11.82393518190828,6.380765337518533,False
United_States_of_America.regions.Utah:Carbon,4.1188853247794714,1.981355252606255,15.371971387604829,6.380765337518533,False
United_States_of_America.regions.Utah:Sanpete,3.1608529868662623,1.5719531139669543,10.202269155916492,5.062324854975376,False
United_States_of_America.regions.Utah:Sevier,3.5145278450363193,1.7736077481840196,18.924428837580432,5.711734342986021,False
United_States_of_America.regions.Utah:Summit,261.36607858861265,1.981355252606255,614.2949891433248,6.380765337518533,False
United_States_of_America.regions.Utah:Wasatch,89.81515637530073,1.3408179631114676,261.47355105381496,4.501860965412149,False
United_States_of_America.regions.Washington:Adams,32.70529270248597,1.981355252606255,176.00661090548485,6.380765337518533,False
United_States_of_America.regions.Washington:Benton,272.65236567762634,26.202285485164396,114.56281395450247,7.728037587611653,False
United_States_of_America.regions.Washington:Clallam,6.3478348035284675,1.981355252606255,13.202739073122455,6.380765337518533,False
United_States_of_America.regions.Washington:Cowlitz,23.363472333600644,1.981355252606255,11.15190152818985,6.380765337518533,False
United_States_of_America.regions.Washington:Douglas,44.10124298315959,1.198476343223737,95.20651158617646,4.57810142772895,False
United_States_of_America.regions.Washington:Ferry,5.918203688853248,1.981355252606255,16.700795309870667,6.380765337518533,False
United_States_of_America.regions.Washington:Franklin,144.80352846832398,1.5172413793103452,137.1828537645996,3.044746458106581,False
United_States_of_America.regions.Washington:Grays Harbor,2.9811547714514837,1.981355252606255,12.628259625427741,6.380765337518533,False
United_States_of_America.regions.Washington:Jefferson,12.527064955894145,1.981355252606255,38.08258138129717,6.380765337518533,False
United_States_of_America.regions.Washington:Kittitas,5.241579791499599,1.981355252606255,11.130848393232714,6.380765337518533,False
United_States_of_America.regions.Washington:Klickitat,6.374298315958301,0.2181234963913392,33.1070249871413,2.6633820605231953,False
United_States_of_America.regions.Washington:Pend Oreille,5.509222133119487,1.981355252606255,15.782866471541315,6.380765337518533,False
United_States_of_America.regions.Washington:Skagit,158.07959101844423,3.014835605453088,105.49926024229632,2.6668870514965595,False
United_States_of_America.regions.Washington:Skamania,5.165396952686447,1.981355252606255,15.382269380192781,6.380765337518533,False
United_States_of_America.regions.Washington:Walla Walla,2.9841619887730553,1.981355252606255,6.365461516608079,6.380765337518533,False
United_States_of_America.regions.Washington:Whatcom,193.778067361668,15.001603849238172,65.45408507293959,1.948539035226204,False
United_States_of_America.regions.Washington:Whitman,7.971331194867683,1.981355252606255,15.461211347352315,6.380765337518533,False
United_States_of_America.regions.Wisconsin:Bayfield,5.213512429831596,1.455092221331195,15.818619519215973,2.93544942998012,False
United_States_of_America.regions.Wisconsin:Clark,9.286688051323177,0.828588612670409,24.583605941059158,2.1998626547921822,False
United_States_of_America.regions.Wisconsin:Douglas,4.205493183640738,1.981355252606255,14.268476279961233,6.380765337518533,False
United_States_of_America.regions.Wisconsin:Grant,20.81495589414595,1.7949077786688052,31.708424313980725,1.9367198646463717,False
United_States_of_America.regions.Wisconsin:Marathon,7.767642341619887,1.2425821972734563,14.839919069667223,5.83631683994108,False
United_States_of_America.regions.Wisconsin:Marinette,2.5160384923817163,1.1794306335204492,8.960648675427207,4.39334372887961,False
United_States_of_America.regions.Wisconsin:Oneida,4.804129911788292,1.981355252606255,15.61931788580296,6.380765337518533,False
United_States_of_America.regions.Wisconsin:Price,5.7477947072975155,1.981355252606255,16.582537500795294,6.380765337518533,False
United_States_of_America.regions.Wisconsin:Sawyer,4.406575781876504,1.981355252606255,12.208007448483368,6.380765337518533,False
United_States_of_America.regions.Wyoming:Goshen,4.887730553327987,1.981355252606255,16.196598789952233,6.380765337518533,False
United_States_of_America.regions.Wyoming:Hot Springs,4.424619085805934,1.981355252606255,51.12585432502772,6.380765337518533,False
United_States_of_America.regions.Wyoming:Platte,0.0,1.0,8.694286330970343,3.2204044828030396,False
United_States_of_America.regions.Wyoming:Uinta,4.040497193263834,1.981355252606255,18.992646187105947,6.380765337518533,False
United_States_of_America.regions.Wyoming:Washakie,4.783480352846833,1.981355252606255,61.88927871089236,6.380765337518533,False
Cyprus,472.81555733761024,6.78187650360866,18.593240021538154,5.665414444090531,False
Djibouti,580.1774258219727,0.7634322373696872,39.34631193983229,6.231594078258709,False
Eswatini,11.945669607056939,1.5854049719326384,20.899467333031534,6.351800430373427,False
Fiji,8.972734562951082,1.981355252606255,20.53997125875886,6.380765337518533,False
Sweden.regions.Skåne,301.5202485966319,9.45729751403368,10.511357754100993,5.57614087736871,False
Timor_Leste,8.411186848436246,1.981355252606255,21.070445004652413,6.380765337518533,False
United_States_of_America.regions.Arizona:Pima,461.8103448275862,22.035485164394547,23.090519998986913,4.121693869974641,False
United_States_of_America.regions.California:Fresno,135.9472734562951,1.7578187650360866,8.637234244931216,6.095725606447454,False
United_States_of_America.regions.California:Kern,494.54170008019247,1.0972333600641542,33.66759437988423,6.052718142579677,False
United_States_of_America.regions.Hawaii,313.4641138732959,2.977746591820369,8.15764706053914,6.077609294906152,False
United_States_of_America.regions.Vermont,465.4821571772253,17.687048917401764,53.765273150328674,3.256224311711402,False
Guyana,33.83239775461107,2.9961908580593426,17.113038494244854,5.741802493853341,False
United_States_of_America.regions.North Dakota,309.05573376102643,4.734963913392141,19.44675954092395,5.537208221726565,False
United_States_of_America.regions.South Dakota,706.5330793905373,2.574178027265437,58.728613216863806,5.865817399400944,False
Azerbaijan,346.25561347233366,2.577786688051323,18.727191755123457,6.3397207105187485,False
Czechia,3194.329190056135,47.885525260625506,10.321539788258391,5.9159624942414855,False
Hungary,769.8520449077787,50.05172413793103,14.46042412111567,5.849629425932543,False
Jordan,236.01242983159585,2.3301924619085805,19.8393743461307,6.344680380465911,False
Portugal,8241.686447473938,220.33941459502807,58.48622004725209,4.220970587414943,False
United_Arab_Emirates,12.386928628708903,1.981355252606255,22.078965470403865,6.380765337518533,False
Brazil.regions.PE,1286.6499599037693,113.89995990376906,8.74421951306939,5.170314554660787,False
Honduras,319.4149959903769,23.918003207698476,18.875685871520968,6.113297429681489,False
United_States_of_America.regions.Virginia,3464.8123496391345,93.55513231756215,19.048765974115458,5.262319976679084,False
United_States_of_America.regions.Alaska:Yukon-Koyukuk Census Area,5.918203688853248,1.981355252606255,16.758621874356113,6.380765337518533,False
United_States_of_America.regions.Montana,320.89915797914995,5.553929430633521,14.39594355721999,5.6968494164416486,False
Bosnia_and_Herzegovina,593.4799518845228,19.555533279871693,6.958574524612123,5.741491827337476,False
Brazil.regions.ES,265.0811948676824,6.235565356856456,15.510987000304626,6.196929209631607,False
Brazil.regions.PB,285.4029671210906,26.717722534081798,15.004353657766698,5.671444717038309,False
Brazil.regions.RN,344.0396952686448,14.045308740978347,12.882564297531752,5.9319648587036875,False
Croatia,566.714915797915,4.167602245388934,8.346808523071468,6.253571041031388,False
Brazil.regions.AL:Arapiraca,75.50487219319307,3.349950571953115,22.568943604278772,3.0909665365589647,False
Brazil.regions.AP:Santana,274.24518845228545,5.763231756214917,209.41717878433832,1.1384898879536922,False
Brazil.regions.BA:Alagoinhas,3.8021251002405774,1.981355252606255,17.972958337080694,6.380765337518533,False
Brazil.regions.BA:Eunápolis,32.07869249394673,1.7736077481840196,17.47290701763022,5.711734342986021,False
Brazil.regions.BA:Guanambi,2.232735489337664,1.5719531139669543,10.15893819384162,5.062324854975376,False
Brazil.regions.BA:Ilhéus,129.28608660785886,2.0425020048115474,61.752813802870314,4.0594982014725085,False
Brazil.regions.BA:Itabuna,61.6790296712109,0.8376102646351243,10.775163087894194,5.8443574509532334,False
Brazil.regions.BA:Itapetinga,4.205493183640738,0.5924218123496392,15.241013220219703,4.040717136527475,False
Brazil.regions.BA:Lauro de Freitas,23.309743384121894,1.0441058540497192,10.947258976708987,5.0557752423625235,False
Brazil.regions.BA:Paulo Afonso,7.410547396528707,1.315420560747664,4.160285943234957,4.236186270603064,False
Brazil.regions.BA:Santo Antônio de Jesus,2.8314121037463975,1.0,1.908897537772452,3.220404482803041,False
Brazil.regions.BA:Simões Filho,11.985765838011227,1.4310344827586208,9.495453927011095,5.9712303948961845,False
Brazil.regions.BA:Teixeira de Freitas,3.026263031275061,1.981355252606255,17.35264380255351,6.380765337518533,False
Brazil.regions.CE:Crato,11.53207698476343,1.981355252606255,10.524879672627483,6.380765337518533,False
Brazil.regions.CE:Itapipoca,109.94085805934243,5.717321571772254,68.68200249545568,4.075582981566696,False
Brazil.regions.CE:Maracanaú,155.12730553327987,14.450280673616678,49.01142185572717,2.627522711773478,False
Brazil.regions.CE:Maranguape,48.229751403368084,4.505412991178829,21.024549913048315,2.4469706581863604,False
Brazil.regions.CE:Russas,45.839615076182845,2.2078989574979953,45.21982151178104,1.4415924672396214,False
Brazil.regions.ES:Aracruz,17.549719326383318,0.7714514835605454,7.038343035097014,4.676418037767159,False
Brazil.regions.ES:Cachoeiro de Itapemirim,2.4609061748195673,1.981355252606255,18.957325217387353,6.380765337518533,False
Brazil.regions.ES:Colatina,31.273857257417802,1.8500400962309544,9.014377423595914,6.273568416420973,False
Brazil.regions.ES:Guarapari,22.692862870890135,0.9318364073777066,4.583549010576107,5.540202106010554,False
Brazil.regions.GO:Caldas Novas,5.549318364073777,1.981355252606255,20.777817756499502,6.380765337518533,False
Brazil.regions.GO:Goianésia,15.857056936647957,0.42261427425821974,17.071767285371173,3.902069478128906,False
Brazil.regions.GO:Novo Gama,13.122648607975922,0.38299473288186603,6.849371937699092,3.227909026022593,False
Brazil.regions.GO:Senador Canedo,4.435645549318364,1.981355252606255,12.9389305780908,6.380765337518533,False
Brazil.regions.GO:Trindade,5.710705693664796,1.981355252606255,13.23857939944397,6.380765337518533,False
Brazil.regions.GO:Valparaíso de Goiás,3.095028067361668,1.1794306335204492,16.65631778878467,5.904755282739106,False
Brazil.regions.GO:Águas Lindas de Goiás,2.177225340817963,1.5513231756214916,18.028202037268468,6.178340145942199,False
Brazil.regions.MA:Bacabal,93.39187985236094,0.7645411734758814,79.44460550913941,4.609344723103303,False
Brazil.regions.MA:Paço do Lumiar,121.0134322373697,7.854450681635927,82.46265828674547,2.3786435146182314,False
Brazil.regions.MA:Pinheiro,156.71188222923237,3.915352260778128,185.62513504952346,3.268673775577919,False
Brazil.regions.MA:São José de Ribamar,242.33319967923018,8.097032878909381,118.03170719952011,1.3449754255097381,False
Brazil.regions.MA:Timon,30.041700080192463,1.810946271050521,4.175878685923615,6.279995421692617,False
Brazil.regions.MG:Barbacena,3.3690858059342417,1.1222935044105855,14.976411372731835,5.755142309694751,False
Brazil.regions.MG:Conselheiro Lafaiete,14.608788853161842,1.6444265809217578,8.610027449896071,5.295718732840904,False
Brazil.regions.MG:Coronel Fabriciano,3.4342421812349646,1.981355252606255,18.86892596500954,6.380765337518533,False
Brazil.regions.MG:Divinópolis,10.883119486768244,1.5513231756214916,15.000766708342397,6.200254034582394,False
Brazil.regions.MG:Ibirité,8.420408981555733,1.8520449077786687,14.91622102514662,6.309007582514435,False
Brazil.regions.MG:Itabira,4.024659182036888,1.0340817963111468,16.036814517020613,5.591765290629388,False
Brazil.regions.MG:Itajubá,5.898356054530875,1.48616680032077,13.817260263382632,5.869571403147904,False
Brazil.regions.MG:Nova Serrana,2.690935795216114,0.9643306756189677,12.151036781722269,5.2856976037973284,False
Brazil.regions.MG:Passos,0.6041042195065713,1.6928752593958958,11.540400224875512,5.776631972063025,False
Brazil.regions.MG:Pouso Alegre,28.65016038492382,0.357457898957498,7.746771613669187,4.8672182048974,False
Brazil.regions.MG:Poços de Caldas,2.4348436246992784,1.2546110665597434,17.522033269054724,5.946621245302716,False
Brazil.regions.MG:Sabará,5.090617481956697,1.981355252606255,15.884047010976316,6.380765337518533,False
Brazil.regions.MG:Santa Luzia,2.6263031275060147,1.981355252606255,18.588974158120447,6.380765337518533,False
Brazil.regions.MG:Sete Lagoas,3.774057738572574,1.981355252606255,20.55661094758981,6.380765337518533,False
Brazil.regions.MG:São João del Rei,3.2666399358460305,1.981355252606255,16.47692992013694,6.380765337518533,False
Brazil.regions.MG:Ubá,2.2493985565356858,1.981355252606255,15.703631261870973,6.380765337518533,False
Brazil.regions.MG:Varginha,15.50721732157177,0.9989975942261429,9.858839546047658,5.656088329610397,False
Brazil.regions.MG:Vespasiano,2.9710793082886107,1.4934406678592727,5.953063567172178,4.809483021574367,False
Brazil.regions.PA:Abaetetuba,45.82598235765838,1.954290296712109,11.980055857483997,5.649133328419051,False
Brazil.regions.PA:Barcarena,22.935846030473137,1.5192461908580595,4.560150840715251,4.173832510089779,False
Brazil.regions.PA:Castanhal,56.293103448275865,4.231756214915799,9.966291770120941,3.9494893743224484,False
Brazil.regions.PA:Marituba,36.62489975942261,1.4921812349639136,11.094714509388625,4.377798226793347,False
Brazil.regions.PB:Patos,25.214514835605456,1.5691659983961508,9.803605862733074,3.0893754576872414,False
Brazil.regions.PB:Santa Rita,163.38833199679232,21.142341619887734,102.42678605801562,11.149070225634194,False
Brazil.regions.PE:Cabo de Santo Agostinho,128.74679230152364,21.76724137931035,43.292734202325576,5.336383324209122,False
Brazil.regions.PE:Camaragibe,172.0148356054531,12.40737770649559,91.27187532548939,3.4177485836061234,False
Brazil.regions.PE:Garanhuns,35.11808340016038,1.9486768243785086,7.939584399125481,3.5693422704564375,False
Brazil.regions.PE:Igarassu,102.0653568564555,12.95028067361668,70.95344247152721,6.673890812536547,False
Brazil.regions.PE:Santa Cruz do Capibaribe,3.6948676824378515,1.981355252606255,12.817603912676168,6.380765337518533,False
Brazil.regions.PE:São Lourenço da Mata,117.04370489174018,19.627706495589415,87.30550787085116,12.973960755783857,False
Brazil.regions.PE:Vitória de Santo Antão,148.13372093023256,19.595629510825983,89.50481156596342,9.50254761512833,False
Brazil.regions.PI:Parnaíba,20.532277465918202,0.40677626303127506,4.946332603098926,4.832215464893047,False
Brazil.regions.PR:Almirante Tamandaré,3.2902967121090616,1.981355252606255,17.030460223928976,6.380765337518533,False
Brazil.regions.PR:Apucarana,17.706748735985933,0.5724335018685427,9.781459226441255,4.470753666074362,False
Brazil.regions.PR:Arapongas,7.79430633520449,1.0671611868484363,15.195092735071965,5.637681245605523,False
Brazil.regions.PR:Araucária,3.161387329591019,1.981355252606255,17.253200694119407,6.380765337518533,False
Brazil.regions.PR:Cambé,3.156375300721732,1.6565757818765035,16.094940799962693,6.0759025525319545,False
Brazil.regions.PR:Campo Largo,6.098636728147555,0.7554129911788293,14.46264383301896,5.4520352717411775,False
Brazil.regions.PR:Colombo,3.3344025661587815,1.981355252606255,18.68380722727244,6.380765337518533,False
Brazil.regions.PR:Foz do Iguaçu,24.65216519647153,1.7267441860465116,13.505724253767752,6.2822819518797175,False
Brazil.regions.PR:Paranaguá,8.004410585404973,0.7594226142742583,14.97898977070701,5.102978765406124,False
Brazil.regions.PR:Pinhais,6.818364073777065,1.3518444266238974,13.421435028748071,5.9044297472869465,False
Brazil.regions.PR:Piraquara,4.2000801924619084,1.981355252606255,12.612469854637213,6.380765337518533,False
Brazil.regions.PR:Telêmaco Borba,3.7880914194065753,1.981355252606255,11.784691979850916,6.380765337518533,False
Brazil.regions.PR:Toledo,4.117882919005614,1.981355252606255,20.117151467245503,6.380765337518533,False
Brazil.regions.RJ:Angra dos Reis,40.42401764234162,2.0054129911788294,3.411979514180152,5.634070553940097,False
Brazil.regions.RJ:Araruama,29.29230152365678,0.6712109061748196,7.997802405786715,5.391230332660952,False
Brazil.regions.RJ:Barra Mansa,1.6730152365677629,1.810946271050521,19.187269688890673,6.288358671165079,False
Brazil.regions.RJ:Cabo Frio,83.54069767441861,2.300120288692863,17.740848497570454,4.617787916462441,False
Brazil.regions.RJ:Itaboraí,120.52626303127505,5.8716920609462715,30.832788063329303,3.1605442885465225,False
Brazil.regions.RJ:Itaguaí,37.41198877305533,4.983560545308742,11.15695930309406,1.7182718431466681,False
Brazil.regions.RJ:Magé,111.87068965517241,5.929831595829992,26.265561501243706,3.3324689543792965,False
Brazil.regions.RJ:Maricá,56.220729751403375,6.061146752205293,16.982813336354386,1.6095795995628868,False
Brazil.regions.RJ:Mesquita,159.69486768243786,12.907778668805134,72.40529280029655,2.8780588582383966,False
Brazil.regions.RJ:Nilópolis,89.9923817161187,6.1313151563753,37.42271645452059,2.0517496076213573,False
Brazil.regions.RJ:Nova Friburgo,55.13732959101844,3.559141940657579,12.606260840772524,3.564389551429454,False
Brazil.regions.RJ:Queimados,47.31956696070569,1.4651162790697676,13.969695412764315,4.258174328938347,False
Brazil.regions.RJ:Resende,8.373095429029673,1.1253007217321573,11.82915674792873,4.3475776950034515,False
Brazil.regions.RJ:Rio das Ostras,27.542101042502004,3.5567361668003223,6.017543809012728,2.826029883715954,False
Brazil.regions.RJ:São Pedro da Aldeia,15.12830793905373,0.661186848436247,7.174224347053185,4.263236390293365,False
Brazil.regions.RJ:Teresópolis,39.21812349639135,1.949278267842823,6.01771901426341,4.558149496249874,False
Brazil.regions.RJ:Valença,2.3556535685645548,1.8520449077786687,15.54160418283529,6.211783012168527,False
Brazil.regions.RN:São Gonçalo do Amarante,36.44486768243785,0.501804330392943,20.400559443228932,4.440561974447163,False
Brazil.regions.RS:Alvorada,2.6471531676022457,1.1994787489975942,18.862640653439364,6.008983162292713,False
Brazil.regions.RS:Bento Gonçalves,12.479550922213312,1.5613472333600642,9.251983678689577,6.032077855785929,False
Brazil.regions.RS:Cachoeirinha,8.965316760224539,1.981355252606255,12.016826112974915,6.380765337518533,False
Brazil.regions.RS:Erechim,4.184442662389736,1.981355252606255,18.251307616833536,6.380765337518533,False
Brazil.regions.RS:Novo Hamburgo,23.982157177225343,0.7782678428227748,14.438698721508718,5.586877904480838,False
Brazil.regions.RS:Passo Fundo,100.70368885324778,6.524258219727346,30.961631540230552,2.307528740759982,False
Brazil.regions.RS:Santa Cruz do Sul,9.55392943063352,1.693664795509222,11.476742576056074,6.160170888143432,False
Brazil.regions.RS:Sapucaia do Sul,8.895348837209305,1.8520449077786687,11.915024492445841,6.289104628797934,False
Brazil.regions.RS:São Leopoldo,17.289494787489975,1.1794306335204492,13.368308284990963,6.042164784776833,False
Brazil.regions.SC:Balneário Camboriú,44.68704891740177,1.132317562149158,14.206004855807137,5.7840910408411395,False
Brazil.regions.SC:Brusque,31.433440256615878,1.981355252606255,11.510436259347983,6.380765337518533,False
Brazil.regions.SC:Chapecó,12.205493183640739,1.981355252606255,13.94610052034268,6.380765337518533,False
Brazil.regions.SC:Criciúma,49.36688051323177,1.4320368885324781,8.131182202444647,4.886375496853211,False
Brazil.regions.SC:Itajaí,42.65978348035284,0.32237369687249395,8.903045261269014,5.434229384779076,False
Brazil.regions.SC:Jaraguá do Sul,4.580392943063352,1.9372493985565358,16.886062064835137,6.355944516655088,False
Brazil.regions.SC:Palhoça,22.450280673616682,0.9989975942261429,11.609455862075189,5.808952291667843,False
Brazil.regions.SC:São José,27.497193263833196,1.3959502806736166,11.472309922995299,6.143361360028879,False
Brazil.regions.SC:Tubarão,22.108861267040897,0.6511627906976744,11.903425854918938,4.96848537870331,False
Brazil.regions.SE:Itabaiana,35.976343223736976,1.693664795509222,23.23101227486507,6.079288337196788,False
Brazil.regions.SE:Nossa Senhora do Socorro,155.6751940944381,2.9269441262568408,73.88923976793177,3.159883524767672,False
Brazil.regions.SP:Americana,33.71651964715317,1.194466720128308,10.426202086949674,5.070007152109373,False
Brazil.regions.SP:Araras,26.172814755412997,0.7213311948676825,6.228578270071491,5.2479473461142465,False
Brazil.regions.SP:Araçatuba,53.83039294306335,0.37750601443464316,12.496147607631867,5.484270142439713,False
Brazil.regions.SP:Assis,8.337008821170809,0.3584603047313553,9.512461825001836,4.343995419760172,False
Brazil.regions.SP:Atibaia,27.87469927826784,0.555934242181235,9.532134363868158,5.201142261131991,False
Brazil.regions.SP:Barretos,53.67241379310345,1.8019246190858063,27.3663470939259,3.46709100098607,False
Brazil.regions.SP:Birigui,23.68504410585405,1.981355252606255,9.054373208180332,6.380765337518533,False
Brazil.regions.SP:Botucatu,69.42060946271052,1.8239775461106655,29.830057797249165,3.807300955669659,False
Brazil.regions.SP:Bragança Paulista,77.85284683239776,7.233159582999199,27.97970464150418,2.319179777850173,False
Brazil.regions.SP:Caraguatatuba,44.44787489975943,1.4699278267842824,20.159382354764663,3.56995995963556,False
Brazil.regions.SP:Catanduva,28.215517241379313,2.1279069767441863,7.316814495559543,3.015941964735798,False
Brazil.regions.SP:Cotia,72.28769045709704,4.177626303127507,10.257653903741845,3.999946038348714,False
Brazil.regions.SP:Cubatão,95.23215717722533,4.559542902967121,55.94479379205012,3.0602760639144075,False
Brazil.regions.SP:Ferraz de Vasconcelos,24.63913392141139,1.020048115477145,8.013246540437459,5.885950158531366,False
Brazil.regions.SP:Francisco Morato,77.33540497193265,5.6850441058540495,25.64778178024868,2.027675946304329,False
Brazil.regions.SP:Franco da Rocha,112.240376904571,8.533680834001604,54.86821838288663,1.7809989270167144,False
Brazil.regions.SP:Guaratinguetá,1.79831595829992,1.6565757818765035,15.667638258566035,6.114111147195415,False
Brazil.regions.SP:Hortolândia,3.9995990376904573,1.521251002405774,17.573490085235107,6.181457450526282,False
Brazil.regions.SP:Indaiatuba,16.708700882117082,2.7271451483560547,13.415422963636003,4.717173389266593,False
Brazil.regions.SP:Itapecerica da Serra,104.66339214113874,5.338011226944667,41.25999500857849,2.3125094009480205,False
Brazil.regions.SP:Itapetininga,20.014033680834,0.5408981555733762,7.48883466410646,5.501907309176499,False
Brazil.regions.SP:Itapeva,8.155573376102646,1.8079390537289493,10.87851477709616,6.196972176786285,False
Brazil.regions.SP:Itapevi,103.05032076984763,12.203889334402566,24.03757763990545,1.213076090115487,False
Brazil.regions.SP:Itatiba,5.162389735364876,0.5182437850842021,13.201941984900648,5.1701615979878,False
Brazil.regions.SP:Itu,12.403769045709705,1.1603849238171613,11.593466422804198,4.8749004727734135,False
Brazil.regions.SP:Jacareí,48.56154771451484,1.253608660785886,7.215968780575257,5.105782687406932,False
Brazil.regions.SP:Jandira,42.520248596631916,2.062550120288693,17.530776036475462,3.3744386011288787,False
Brazil.regions.SP:Jaú,27.653368083400164,1.5272654370489174,3.87423200770597,6.078546521424679,False
Brazil.regions.SP:Leme,8.83283375605257,1.0805856582891398,6.61400122037133,3.080963740983834,False
Brazil.regions.SP:Mairiporã,15.372093023255813,1.315757818765036,5.627835966861603,3.2799819479344468,False
Brazil.regions.SP:Mogi Guaçu,12.135124298315962,1.0250601443464316,11.803629178550047,5.751159899129837,False
Brazil.regions.SP:Ourinhos,17.289494787489975,0.9168003207698476,10.157160160494916,4.053572210844941,False
Brazil.regions.SP:Pindamonhangaba,8.696872493985566,0.878708901363272,13.93482900974403,5.725707146817651,False
Brazil.regions.SP:Poá,29.79751403368083,2.4835605453087406,9.840507495572117,2.747586354350648,False
Brazil.regions.SP:Presidente Prudente,42.8686848436247,1.4079791499599037,5.300452359968577,4.902900121203186,False
Brazil.regions.SP:Ribeirão Pires,37.14314354450682,1.521251002405774,13.941279093838808,4.178434530319564,False
Brazil.regions.SP:Rio Claro,6.294105854049719,3.2093023255813957,16.643457801325155,3.9901307094233127,False
Brazil.regions.SP:Salto,6.067562149157978,1.981355252606255,12.846186699765061,6.380765337518533,False
Brazil.regions.SP:Santa Bárbara d'Oeste,13.391138732959103,0.9378508420208501,11.782273755516362,5.841416889096047,False
Brazil.regions.SP:Santana de Parnaíba,18.04230152365678,1.981355252606255,7.029925048538282,6.380765337518533,False
Brazil.regions.SP:Sertãozinho,12.430032076984764,0.5729751403368083,10.232610611267617,4.858214422412052,False
Brazil.regions.SP:São Caetano do Sul,73.74799518845228,1.8981555733761024,27.904899489868306,4.131795970190907,False
Brazil.regions.SP:Tatuí,4.519847634322373,1.4641138732959103,13.413081949051838,5.955982245924536,False
Brazil.regions.SP:Valinhos,10.41399358460305,1.050120288692863,9.794303855852188,4.371965674598376,False
Brazil.regions.SP:Votorantim,8.21952686447474,0.6010425020048115,10.710604690670008,4.693993374814577,False
Brazil.regions.SP:Várzea Paulista,34.670509568826375,2.529859349780955,16.355085282601458,2.423377733444849,False
Curaçao,6.238973536487571,1.0801924619085808,16.427461782534387,5.817006545972966,False
Grenada,8.599639133921412,1.981355252606255,14.049152412634701,6.380765337518533,False
Guam,115.5653568564555,2.3819165998396152,51.62157273208601,3.764573828894409,False
Saint_Lucia,7.116680032076986,1.981355252606255,16.990208901359477,6.380765337518533,False
Saint_Vincent_and_the_Grenadines,3.5174418604651163,1.981355252606255,15.062888699781052,6.380765337518533,False
Sao_Tome_and_Principe,139.18183640737772,2.529671210906175,47.252213855181544,4.490697396686973,False
United_States_Virgin_Islands,47.213913392141144,0.785485164394547,29.35705019233489,3.979159386336363,False
United_States_of_America.regions.Alabama:Calhoun,55.251603849238165,0.5368885324779471,32.677306688644656,5.049283173220659,False
United_States_of_America.regions.Alabama:Elmore,33.13652766639936,1.6204891740176421,27.12138206480377,5.9363982370880235,False
United_States_of_America.regions.Alabama:Etowah,101.5813953488372,5.68524458700882,83.81651764463798,1.7239308196071728,False
United_States_of_America.regions.Alabama:Houston,58.106655974338416,0.6912590216519647,39.18847101305929,3.9562161347754445,False
United_States_of_America.regions.Alabama:Lauderdale,18.615276663993583,1.3999599037690456,9.83364097299476,3.9110893870504295,False
United_States_of_America.regions.Alabama:Lee,222.87910986367285,9.416198877305535,117.43776179431043,2.0860816227535985,False
United_States_of_America.regions.Alabama:Limestone,24.41459502806736,1.981355252606255,15.885312609983368,6.380765337518533,False
United_States_of_America.regions.Alabama:Marshall,232.01002405773858,2.717121090617482,224.63393618204583,1.949519509659216,False
United_States_of_America.regions.Alabama:Morgan,47.037890938251806,1.981355252606255,23.029828996540473,6.380765337518533,False
United_States_of_America.regions.Alabama:St. Clair,38.3911387329591,1.981355252606255,28.43405760027285,6.380765337518533,False
United_States_of_America.regions.Arkansas:Craighead,36.43143544506816,1.6174819566960705,17.163730877646987,6.050966824022735,False
United_States_of_America.regions.Arkansas:Faulkner,50.92121090617482,0.5789895749799518,24.983726575677938,5.180331780056963,False
United_States_of_America.regions.Arkansas:Garland,71.54731355252606,1.981355252606255,56.71550691460685,6.380765337518533,False
United_States_of_America.regions.Arkansas:Saline,26.986768243785086,1.2205292702485966,10.276941177871857,5.759363324762865,False
United_States_of_America.regions.Arkansas:Sebastian,5.2165196471531665,1.981355252606255,16.3912532408216,6.380765337518533,False
United_States_of_America.regions.California:Sutter,19.249799518845226,0.7804731355252607,14.485338235317837,4.439444691857532,False
United_States_of_America.regions.California:Yuba,8.199077786688052,1.2195268644747395,13.820248499324938,5.2857781982754615,False
United_States_of_America.regions.Connecticut:Middlesex,371.98616680032086,34.139534883720934,211.02072442475057,16.648679298673734,False
United_States_of_America.regions.Connecticut:Tolland,253.44747393744987,21.530874097834804,150.47736233072388,9.433873192687507,False
United_States_of_America.regions.Connecticut:Windham,93.08740978348035,0.5689655172413793,63.52812242015097,4.568774972040403,False
United_States_of_America.regions.Delaware:Kent,372.1128708901364,9.07036888532478,187.41802085008163,1.9392590972458226,False
United_States_of_America.regions.Florida:Bay,42.74959903769046,0.4446672012830794,11.883991522336807,5.379535793211894,False
United_States_of_America.regions.Florida:Charlotte,59.247193263833196,2.0414995990376905,13.693327421433386,4.824969599363073,False
United_States_of_America.regions.Florida:Citrus,57.51022453889335,4.131515637530073,21.361244753381115,2.514167183254451,False
United_States_of_America.regions.Florida:Flagler,77.60825982357659,0.5158380112269446,51.196279162750635,4.802434194906503,False
United_States_of_America.regions.Florida:Hernando,63.21030473135526,0.7794707297514034,18.006332173040796,5.161357736172993,False
United_States_of_America.regions.Florida:Indian River,66.37149157979151,1.5633520449077791,25.50901875645046,4.490947482563567,False
United_States_of_America.regions.Florida:Martin,125.50160384923818,1.8029270248596632,60.07137896680209,4.301240315976148,False
United_States_of_America.regions.Florida:Nassau,19.455693664795508,1.981355252606255,10.757372691063727,6.380765337518533,False
United_States_of_America.regions.Florida:Sumter,117.17221331194867,7.0986367281475555,71.48398755701204,1.6920696595219749,False
United_States_of_America.regions.Georgia:Bibb,156.13372093023258,2.006415396952687,84.29694431231779,4.109040893601727,False
United_States_of_America.regions.Georgia:Carroll,254.69145950280677,6.564354450681637,195.7431733263557,1.5289552566538092,False
United_States_of_America.regions.Georgia:Clarke,81.58400160384925,8.097032878909383,46.715742866766576,2.031538928087607,False
United_States_of_America.regions.Georgia:Columbia,84.3462309542903,0.9829591018444266,36.0655465226578,5.632386280501934,False
United_States_of_America.regions.Georgia:Coweta,105.30372894947877,0.7694466720128308,53.372974322265314,4.612993201330049,False
United_States_of_America.regions.Georgia:Douglas,205.88592622293507,4.921411387329591,123.16618799679404,1.9298764793558283,False
United_States_of_America.regions.Georgia:Fayette,73.21170809943865,2.1587810745789895,47.85767391229765,2.956605684500451,False
United_States_of_America.regions.Georgia:Floyd,74.72313552526063,2.3452285485164395,60.68080259896506,2.11562026022177,False
United_States_of_America.regions.Georgia:Forsyth,148.43444266238976,3.01383319967923,41.47352520004787,4.3714558257007665,False
United_States_of_America.regions.Georgia:Hall,512.1265036086609,3.7836808340016046,231.6787723756713,4.082166588812147,False
United_States_of_America.regions.Georgia:Houston,136.05453087409782,7.272052927024861,68.43726285401647,1.2438559370219882,False
United_States_of_America.regions.Georgia:Lowndes,51.542702485966316,0.3173616680032077,27.6211678216564,4.768801638012118,False
United_States_of_America.regions.Georgia:Muscogee,189.2373696872494,2.093624699278268,78.02828292010157,4.463706345889842,False
United_States_of_America.regions.Georgia:Paulding,95.19506816359264,2.4725340817963115,38.37440464410519,4.023729699772036,False
United_States_of_America.regions.Georgia:Richmond,200.97373696872495,6.133319967923016,80.43323654561509,2.5160302116149267,False
United_States_of_America.regions.Hawaii:Kauai,10.276263031275061,1.981355252606255,12.498822908531936,6.380765337518533,False
United_States_of_America.regions.Illinois:DeKalb,50.49318364073778,1.1253007217321573,32.55884107112452,5.564674762121623,False
United_States_of_America.regions.Illinois:Kankakee,208.88171611868486,13.129109863672817,174.2421672110125,8.025846218857556,False
United_States_of_America.regions.Illinois:Kendall,124.05493183640738,1.36186848436247,79.29389489712287,3.9033100254347004,False
United_States_of_America.regions.Illinois:Macon,82.99538893344025,7.710104250200482,64.26956726151559,3.6110496771238907,False
United_States_of_America.regions.Illinois:Peoria,26.72774659182037,0.7904971932638334,6.9563552772931105,5.692649485859341,False
United_States_of_America.regions.Illinois:Rock Island,218.7457898957498,3.490978348035285,136.86522393542725,2.7266356478606304,False
United_States_of_America.regions.Illinois:Tazewell,26.883319967923015,0.8396150761828388,10.079330340008982,4.352422887895001,False
United_States_of_America.regions.Indiana:Elkhart,158.1018444266239,2.5296712109061743,57.77389242852769,4.255387801970338,False
United_States_of_America.regions.Indiana:Hendricks,211.824578989575,5.342421812349639,106.46036344224154,2.4223733810972914,False
United_States_of_America.regions.Indiana:Johnson,243.7471932638332,15.485765838011229,136.35550986912625,5.778921027449443,False
United_States_of_America.regions.Indiana:Kosciusko,21.33961507618284,0.5850040096230954,16.42294122572034,4.6233760365429495,False
United_States_of_America.regions.Indiana:LaPorte,66.78628708901364,1.5864073777064958,45.174031259420204,3.49454312173122,False
United_States_of_America.regions.Indiana:Madison,256.92963111467526,25.094827586206893,181.48692311523087,15.148560887465115,False
United_States_of_America.regions.Indiana:Monroe,92.23215717722533,2.803327987169206,44.56780207316951,3.479528261374885,False
United_States_of_America.regions.Indiana:Porter,175.06655974338415,2.845429029671211,84.56468015113899,3.7581048724323756,False
United_States_of_America.regions.Indiana:Tippecanoe,50.1756214915798,0.46772253408179626,8.79903883963864,5.578766971456536,False
United_States_of_America.regions.Indiana:Vanderburgh,75.63352044907779,1.1212910986367282,23.38322026508053,5.906772824956173,False
United_States_of_America.regions.Iowa:Black Hawk,279.68724939855656,2.6098636728147553,196.24958404202002,4.126839507290784,False
United_States_of_America.regions.Iowa:Dallas,41.55753809141941,1.981355252606255,29.649369589427675,6.380765337518533,False
United_States_of_America.regions.Iowa:Dubuque,43.936046511627914,0.7514033680834001,30.02905771561981,4.93758780448114,False
United_States_of_America.regions.Iowa:Johnson,138.14294306335205,0.750400962309543,73.7094826747788,5.566318936634114,False
United_States_of_America.regions.Iowa:Scott,152.72333600641542,1.6706094627105053,70.11237355398592,4.399636910785965,False
United_States_of_America.regions.Iowa:Story,10.515637530072173,1.7317562149157977,8.48698332407213,6.12375674201985,False
United_States_of_America.regions.Kansas:Douglas,31.604851643945466,1.981355252606255,15.77913431250641,6.380765337518533,False
United_States_of_America.regions.Kansas:Riley,21.90858059342422,1.981355252606255,16.996111638939514,6.380765337518533,False
United_States_of_America.regions.Kansas:Shawnee,88.88031275060143,2.5453087409783484,31.90766763643561,3.8364823799751995,False
United_States_of_America.regions.Kansas:Wyandotte,265.9933841218925,20.6144747393745,142.8308466601506,8.123747967428029,False
United_States_of_America.regions.Kentucky:Boone,103.76964715316761,0.7193263833199679,60.61034184336478,4.715604564512452,False
United_States_of_America.regions.Kentucky:Hardin,22.087209302325583,1.9372493985565358,10.016973644176787,6.3410152933128705,False
United_States_of_America.regions.Kentucky:Kenton,130.15817963111468,8.885926222935044,59.885173255143606,1.269439077241005,False
United_States_of_America.regions.Kentucky:Warren,108.08400160384925,1.8941459502806737,64.31660596073361,6.3151431199005605,False
United_States_of_America.regions.Louisiana:Ascension,397.13051323175625,20.6271050521251,296.95162901734,12.003358956244044,False
United_States_of_America.regions.Louisiana:Lafayette,348.54129911788294,11.752806736166802,123.20606432639421,1.808575255830581,False
United_States_of_America.regions.Louisiana:Livingston,125.34061748195668,5.116880513231756,71.73778463353952,1.736302478482156,False
United_States_of_America.regions.Louisiana:Ouachita,471.76864474739375,9.369286287089015,290.0406085343706,2.016553977693041,False
United_States_of_America.regions.Maryland:Carroll,220.49418604651166,20.570970328789095,112.92673732305592,8.270670776395098,False
United_States_of_America.regions.Maryland:Charles,231.54170008019247,9.890336808340017,124.01120819285416,3.525846330350802,False
United_States_of_America.regions.Maryland:Washington,117.53087409783481,0.7995188452285484,60.2308688052411,4.8909170351070355,False
United_States_of_America.regions.Massachusetts:Barnstable,463.9077786688052,14.130513231756215,198.9023176973049,2.327160003440773,False
United_States_of_America.regions.Massachusetts:Hampshire,288.6908580593424,10.277265437048918,161.58704349776775,2.9971950405111,False
United_States_of_America.regions.Michigan:Berrien,154.9404570970329,7.0404971932638345,83.26208193260625,1.3274976754692607,False
United_States_of_America.regions.Michigan:Calhoun,132.96451483560546,4.679831595829992,82.03483456617789,1.9867511353237137,False
United_States_of_America.regions.Michigan:Clinton,82.20408981555734,3.623295910184443,89.74452878444892,1.7476328605480234,False
United_States_of_America.regions.Michigan:Eaton,77.98075380914194,2.401363271852446,54.790630824312906,2.8830274046523243,False
United_States_of_America.regions.Michigan:Jackson,195.34783480352849,6.951283079390539,105.50999570736313,1.4495330551215415,False
United_States_of_America.regions.Michigan:Lapeer,127.3476343223737,16.089214113873297,131.01652108801247,14.715394576232274,False
United_States_of_America.regions.Michigan:Lenawee,68.98596631916601,1.2265437048917402,54.83845821004582,5.614077799845463,False
United_States_of_America.regions.Michigan:Livingston,234.99438652766642,7.169807538091418,103.75009726091312,1.7091283930201013,False
United_States_of_America.regions.Michigan:Midland,31.965918203688855,0.6882518043303929,24.498838100741995,3.8372613416086616,False
United_States_of_America.regions.Michigan:Monroe,161.1567762630313,4.536487570168404,89.56578040922294,2.541549632091205,False
United_States_of_America.regions.Michigan:Muskegon,165.95870088211709,8.143143544506817,77.38637150044845,0.869791735837415,False
United_States_of_America.regions.Michigan:St. Clair,151.48997594226145,4.641740176423417,77.43633901380753,2.677736559769875,False
United_States_of_America.regions.Michigan:Van Buren,32.40356856455493,0.6361267040898155,29.690779965679678,4.083935902064586,False
United_States_of_America.regions.Minnesota:Olmsted,111.0414995990377,0.7914995990376905,52.385928246746076,5.193403403647574,False
United_States_of_America.regions.Minnesota:Scott,17.838412189254214,1.109262229350441,10.758297454573176,5.795519068229401,False
United_States_of_America.regions.Minnesota:Wright,10.032076984763433,1.4250200481154773,11.114296103165158,5.978722220171881,False
United_States_of_America.regions.Mississippi:DeSoto,188.51583801122698,0.6832397754611067,83.44386008611878,5.00787403189771,False
United_States_of_America.regions.Mississippi:Harrison,109.83199679230154,2.4063753007217326,33.86452867140208,4.332404442458432,False
United_States_of_America.regions.Mississippi:Madison,121.11487570168404,1.7317562149157981,98.24108224283414,3.2595662392671927,False
United_States_of_America.regions.Missouri:Boone,75.35625501202887,0.9857658380112271,25.59938809957822,5.82907916661645,False
United_States_of_America.regions.Missouri:Cape Girardeau,31.137530072173217,1.0942261427425821,26.948017213211667,5.255980423083986,False
United_States_of_America.regions.Missouri:Cass,31.998797113071372,1.8670809943865279,16.536606850597753,3.0147743101589395,False
United_States_of_America.regions.Missouri:Christian,10.03869286287089,1.981355252606255,14.704275740838069,6.380765337518533,False
United_States_of_America.regions.Missouri:Jasper,11.518644747393743,1.981355252606255,13.190895437847212,6.380765337518533,False
United_States_of_America.regions.Nebraska:Sarpy,44.47794707297514,1.981355252606255,7.421393463547828,6.380765337518533,False
United_States_of_America.regions.New Hampshire:Strafford,88.95910184442661,2.5166399358460305,51.14618717477597,3.997391815054346,False
United_States_of_America.regions.New Jersey:Cumberland,343.1074578989575,3.4378508420208505,211.94035010580424,2.8785034203203903,False
United_States_of_America.regions.New Jersey:Hunterdon,323.3740978348035,10.671210906174819,243.3121285868879,5.137734492431708,False
United_States_of_America.regions.New Jersey:Sussex,580.5980352846833,53.611267040898156,395.94274860683123,33.614851428167434,False
United_States_of_America.regions.New York:Broome,126.39835605453088,4.252806736166801,47.94537438893479,3.145500807640316,False
United_States_of_America.regions.New York:Niagara,246.10024057738573,5.735364875701684,98.64992248026279,2.955884338284825,False
United_States_of_America.regions.New York:Ontario,48.907377706495595,0.5238572574178028,28.660584983845908,5.053075570820179,False
United_States_of_America.regions.New York:Rensselaer,135.73095429029672,6.045108259823577,67.63390703027957,1.8382341881863502,False
United_States_of_America.regions.New York:Schenectady,185.60705693664795,9.482357658380113,101.75948600138528,2.1626211080643167,False
United_States_of_America.regions.New York:Wayne,41.03909382518044,1.981355252606255,31.09226058909894,6.380765337518533,False
United_States_of_America.regions.North Carolina:Alamance,60.12890938251803,1.303728949478749,17.326254014930885,5.981007033754422,False
United_States_of_America.regions.North Carolina:Cabarrus,118.94045709703289,0.7493985565356858,36.23617968582222,5.270701425290084,False
United_States_of_America.regions.North Carolina:Catawba,32.117281475541304,1.0801924619085808,11.158898905524998,5.815953590367042,False
United_States_of_America.regions.North Carolina:Craven,16.953688853247794,0.9418604651162792,8.875530942771377,4.87429585683937,False
United_States_of_America.regions.North Carolina:Davidson,95.55172413793102,1.4099839615076182,39.02234875436865,4.655954467097297,False
United_States_of_America.regions.North Carolina:Gaston,84.62409783480352,0.6872493985565357,19.749761437836828,5.306164418405893,False
United_States_of_America.regions.North Carolina:Harnett,40.65958299919808,0.7604250200481155,12.768466235405798,4.490602070346379,False
United_States_of_America.regions.North Carolina:Iredell,61.83219727345629,0.5819967923015238,17.506182594299673,5.41919329390773,False
United_States_of_America.regions.North Carolina:Moore,45.177626303127504,1.1453488372093024,29.531505312407862,5.552051602985472,False
United_States_of_America.regions.North Carolina:Nash,52.80813953488372,0.4927826784282277,41.16561403438058,4.80218193789391,False
United_States_of_America.regions.North Carolina:New Hanover,47.809743384121894,0.6661988773055333,11.629460116467593,5.819866481232,False
United_States_of_America.regions.North Carolina:Orange,149.60625501202887,4.942461908580594,83.16246803215697,2.512839629402142,False
United_States_of_America.regions.North Carolina:Pitt,75.10585404971934,0.82457898957498,23.181570659193287,5.74075014291447,False
United_States_of_America.regions.North Carolina:Rockingham,19.804129911788294,0.7666399358460305,11.22019836360428,4.250832049434626,False
United_States_of_America.regions.North Carolina:Rowan,217.66218925421012,9.674819566960704,135.85422263381406,3.248241818842698,False
United_States_of_America.regions.North Carolina:Wayne,201.08059342421814,1.389935846030473,147.2237701560595,4.562072645347501,False
United_States_of_America.regions.Ohio:Ashtabula,60.13753007217322,4.60364875701684,46.733891696262404,2.5132959706062867,False
United_States_of_America.regions.Ohio:Clark,17.412790697674417,1.4460705693664795,8.419053996143393,5.981546433377236,False
United_States_of_America.regions.Ohio:Clermont,53.83540497193265,0.3755012028869286,11.511614334954052,5.571762673516465,False
United_States_of_America.regions.Ohio:Columbiana,148.4601042502005,10.935846030473135,130.29164159280467,6.713018141424876,False
United_States_of_America.regions.Ohio:Delaware,98.3019246190858,0.5158380112269447,28.101750466480745,5.268988519154738,False
United_States_of_America.regions.Ohio:Fairfield,98.32678428227747,0.657177225340818,44.52904800630662,5.375013418757618,False
United_States_of_America.regions.Ohio:Greene,27.504611066559747,0.5499198075380913,11.001075294015877,4.944832431917888,False
United_States_of_America.regions.Ohio:Hancock,20.169406575781878,1.1794306335204492,16.593967585517948,5.3225799673355025,False
United_States_of_America.regions.Ohio:Lake,107.341218925421,3.2423817161186843,27.47164041100885,4.165576148845973,False
United_States_of_America.regions.Ohio:Licking,83.41459502806737,1.7568163592622297,28.89325402994427,4.378923679466587,False
United_States_of_America.regions.Ohio:Medina,100.0224538893344,5.600040096230955,37.29024677015949,2.3263501854288213,False
United_States_of_America.regions.Ohio:Muskingum,5.265838011226945,1.981355252606255,11.676934506295282,6.380765337518533,False
United_States_of_America.regions.Ohio:Portage,167.68925421010425,23.542101042502004,85.24772177139542,9.863240592389909,False
United_States_of_America.regions.Ohio:Richland,43.936447473937456,1.1333199679230153,19.870818100051736,5.680800594560613,False
United_States_of_America.regions.Ohio:Scioto,5.276062550120289,1.981355252606255,13.082660591901222,6.380765337518533,False
United_States_of_America.regions.Ohio:Trumbull,141.1124699278268,8.88392141138733,52.870315467717084,1.6692535682854024,False
United_States_of_America.regions.Ohio:Tuscarawas,19.264234161988774,1.981355252606255,9.451187090457184,6.380765337518533,False
United_States_of_America.regions.Ohio:Wayne,91.50501202886929,17.15076182838813,62.82031832583165,10.832096809630615,False
United_States_of_America.regions.Ohio:Wood,94.0563352044908,10.02766639935846,54.96789934899225,3.847913715843737,False
United_States_of_America.regions.Oklahoma:Rogers,43.11246992782678,1.2937048917401763,31.869519188261375,3.1551202845730795,False
United_States_of_America.regions.Oklahoma:Wagoner,91.50020048115478,8.219326383319968,98.81037087262875,6.427270201790252,False
United_States_of_America.regions.Oregon:Benton,15.24839615076183,1.2856856455493184,11.959825530187084,3.144731093950673,False
United_States_of_America.regions.Oregon:Yamhill,20.796311146752206,2.842421812349639,12.877598987407916,2.421497194227299,False
United_States_of_America.regions.Pennsylvania:Adams,63.98917401764234,0.8466319165998396,46.587810291140336,5.109864794209135,False
United_States_of_America.regions.Pennsylvania:Beaver,205.0527265437049,23.96511627906977,107.17018734523154,10.319406930349245,False
United_States_of_America.regions.Pennsylvania:Blair,10.95850040096231,1.981355252606255,11.788024109841386,6.380765337518533,False
United_States_of_America.regions.Pennsylvania:Cambria,12.518043303929431,0.5529270248596633,11.346850307391417,5.283594829540631,False
United_States_of_America.regions.Pennsylvania:Lackawanna,511.47032878909386,34.69787489975942,225.00598598021693,11.827575539161993,False
United_States_of_America.regions.Pennsylvania:Lebanon,388.48055332798714,2.881515637530072,256.6932678589315,3.3196713478279807,False
United_States_of_America.regions.Pennsylvania:Mercer,43.39394546912591,1.3408179631114676,25.04519159240447,5.795393490853463,False
United_States_of_America.regions.Pennsylvania:Monroe,556.6858460304732,16.03708901363272,308.8394315621058,5.344426057309055,False
United_States_of_America.regions.Rhode Island:Kent,430.3885324779471,5.4115878107457895,243.89711065327066,4.98691274130263,False
United_States_of_America.regions.Rhode Island:Washington,231.93043303929431,6.9312349639133926,167.92152766248014,4.545172639438802,False
United_States_of_America.regions.South Carolina:Beaufort,167.28809141940653,3.6834402566158784,68.4503333326123,3.5820725428514324,False
United_States_of_America.regions.South Carolina:Dorchester,64.01463512429832,0.8115477145148358,22.681612758840384,5.662250060051428,False
United_States_of_America.regions.South Carolina:Lancaster,42.04410585404972,1.0541299117882919,27.797734984036175,5.43473287127158,False
United_States_of_America.regions.South Carolina:Oconee,11.232558139534884,1.981355252606255,10.040362532082185,6.380765337518533,False
United_States_of_America.regions.South Carolina:Pickens,29.867682437850842,1.810946271050521,11.74090723048749,6.246462366650864,False
United_States_of_America.regions.South Carolina:Sumter,159.09963913392141,3.8097433841218926,133.3104375842792,1.5554550803496274,False
United_States_of_America.regions.Tennessee:Blount,37.99418604651163,0.76242983159583,16.589384441861842,4.535449346632594,False
United_States_of_America.regions.Tennessee:Greene,24.092622293504412,0.5629510825982357,23.46806366224405,4.092048394500834,False
United_States_of_America.regions.Tennessee:Madison,87.04951884522856,1.3408179631114676,73.66678330223058,5.727049129265362,False
United_States_of_America.regions.Tennessee:Maury,25.531074578989575,1.1994787489975942,16.101655359794382,5.569580734191673,False
United_States_of_America.regions.Tennessee:Montgomery,93.62309542902969,0.77345629510826,25.93211134809185,5.595601120628816,False
United_States_of_America.regions.Tennessee:Sevier,17.07698476343224,1.518243785084202,7.767249538435898,5.909405065231456,False
United_States_of_America.regions.Tennessee:Sullivan,21.05954290296712,1.2656375300721732,8.118062486391052,5.928774960289846,False
United_States_of_America.regions.Tennessee:Sumner,440.97453889334406,22.46651964715317,211.90622442326026,7.009197162560442,False
United_States_of_America.regions.Tennessee:Washington,33.3075380914194,1.981355252606255,14.445525206045717,6.380765337518533,False
United_States_of_America.regions.Tennessee:Wilson,155.83881315156373,0.840617481956696,90.291000251744,5.352422313396527,False
United_States_of_America.regions.Texas:Comal,37.64975942261428,3.2906976744186047,13.604101947202349,3.2609217267646073,False
United_States_of_America.regions.Texas:Gregg,23.289895749799516,1.981355252606255,8.11820387986213,6.380765337518533,False
United_States_of_America.regions.Texas:Guadalupe,56.75080192461909,1.981355252606255,18.378539074774242,6.380765337518533,False
United_States_of_America.regions.Texas:Johnson,39.356054530874104,1.0631515637530071,8.70398157028208,5.711419154550778,False
United_States_of_America.regions.Texas:Rockwall,47.81194867682438,0.9869687249398555,29.90473007207892,5.34888406623622,False
United_States_of_America.regions.Texas:Wichita,45.92161186848437,0.9007618283881315,21.213065149237714,5.563557877624317,False
United_States_of_America.regions.Vermont:Chittenden,268.34001603849237,12.19887730553328,145.91406014519345,2.8667921153771174,False
United_States_of_America.regions.Virginia:Albemarle,55.6818364073777,0.9438652766639937,35.035617950832965,4.793676345890515,False
United_States_of_America.regions.Virginia:Alexandria city,211.17882919005615,2.8544506816359263,114.73190171703587,4.036151385945589,False
United_States_of_America.regions.Virginia:Arlington,313.86206896551727,6.171411387329591,113.21524460460488,3.176214365822698,False
United_States_of_America.regions.Virginia:Hampton city,88.72333600641541,0.7263432237369688,48.84610049022564,5.447740262156637,False
United_States_of_America.regions.Virginia:Newport News city,80.84522854851645,2.011627906976744,26.853520488790334,4.299161873078896,False
United_States_of_America.regions.Virginia:Norfolk city,113.79290296712108,0.23917401764234159,27.558494394183622,5.60772086698571,False
United_States_of_America.regions.Virginia:Richmond city,186.34422614274257,5.768444266238974,61.63582394349449,3.1156254554807554,False
United_States_of_America.regions.Virginia:Spotsylvania,43.99458700882117,1.2716519647153168,15.530287520070509,5.859748351216775,False
United_States_of_America.regions.Virginia:Stafford,104.1607858861267,1.043103448275862,50.498449646187574,5.767055545436802,False
United_States_of_America.regions.West Virginia:Berkeley,110.77004811547714,0.933841218925421,76.50357387997019,5.501764545647328,False
United_States_of_America.regions.West Virginia:Raleigh,3.8392141138732954,1.981355252606255,14.983350103314045,6.380765337518533,False
United_States_of_America.regions.Wisconsin:Eau Claire,14.261828388131514,1.981355252606255,13.443213304808724,6.380765337518533,False
United_States_of_America.regions.Wisconsin:Fond du Lac,37.98696872493986,0.2953087409783481,21.916875854846396,4.331418794445081,False
United_States_of_America.regions.Wisconsin:Jefferson,22.371491579791503,1.981355252606255,14.654967151412508,6.380765337518533,False
United_States_of_America.regions.Wisconsin:Kenosha,197.5078187650361,2.4354450681635926,98.31563662325067,3.987089328089457,False
United_States_of_America.regions.Wisconsin:La Crosse,16.329390537289495,1.981355252606255,14.611101112909555,6.380765337518533,False
United_States_of_America.regions.Wisconsin:Manitowoc,6.98616680032077,1.2425821972734563,10.061966194435096,5.445384606288492,False
United_States_of_America.regions.Wisconsin:Outagamie,22.26343223736969,0.7052927024859663,11.709450877167434,5.562877772612779,False
United_States_of_America.regions.Wisconsin:Racine,105.61848436246993,3.2453889334402564,35.32874154119443,3.961952254827381,False
United_States_of_America.regions.Wisconsin:Rock,92.20469125902166,1.9081796311146753,38.48318070472521,4.104773923022061,False
United_States_of_America.regions.Wisconsin:Sheboygan,22.725741780272656,0.6752205292702486,10.581552331492299,5.1075518307551535,False
United_States_of_America.regions.Wisconsin:Walworth,72.44867682437852,2.811347233360064,54.15541833421372,2.479041780336913,False
United_States_of_America.regions.Wisconsin:Washington,66.84983961507618,1.1894546912590218,31.9970228396768,4.195182670493653,False
United_States_of_America.regions.Wisconsin:Winnebago,21.59242181234964,1.2656375300721732,10.02489511603465,5.964425268449746,False
Greece,990.8374097834806,34.1545709703288,13.366755671434955,6.046021715301083,False
United_States_of_America.regions.North Carolina,2187.3179631114676,35.93283881315157,4.390615959706243,6.0242489311241565,False
Brazil.regions.RJ,1619.2668404170006,95.46271050521251,12.904236765722017,5.817668639327604,False
Netherlands,10197.08360064154,920.5138331996794,37.39773857109109,2.4599134134840552,False
Israel,2371.348035284683,8.61327185244587,7.583433438732357,6.273594419216723,False
United_States_of_America.regions.California:Los Angeles,2.8879310344827585,1.981355252606255,22.23926844388483,6.380765337518533,False
United_States_of_America.regions.New Jersey,32313.186447473938,1088.9941860465117,342.1145150875684,8.080387242721342,False
Zimbabwe,15.66178829190056,0.9765437048917402,22.12303240209997,6.360463157376725,False
Turkey,48627.535284683254,1089.5715717722535,37.331197087662844,5.054860071201361,False
Thailand,19.923817161186847,1.981355252606255,22.240752799213528,6.380765337518533,False
Uzbekistan,1042.6389334402566,2.398356054530874,19.09463372037368,6.368075347748928,False
Sweden,160.1924619085806,1.810946271050521,20.638898953201085,6.379091900878627,False
Brazil.regions.BA:Salvador,504.5268644747393,12.706094627105053,6.068698238537626,5.879448507015134,False
Brazil.regions.CE:Fortaleza,2315.8398155573377,120.97794707297516,64.84660331665134,2.323593152737834,False
Brazil.regions.DF,446.68805132317567,8.403769045709703,10.526488171710035,6.053674332374659,False
Brazil.regions.DF:Brasília,412.46291098636726,8.403769045709703,10.96621098145066,6.053674332374659,False
Brazil.regions.MG:Belo Horizonte,359.1489574979952,4.857257417802726,12.052821481321642,6.117521443433723,False
Jamaica,96.54069767441861,1.7908981555733763,18.754234858276163,6.258967872581596,False
Puerto_Rico,1376.0028067361668,72.12389735364876,21.0270062652663,4.061463175579651,False
Qatar,1126.1521651964715,1.4069767441860466,18.86382758926048,6.2952518540564615,False
United_States_of_America.regions.California:Orange,5.419005613472335,1.981355252606255,22.23220562474075,6.380765337518533,False
United_States_of_America.regions.California:San Diego,49.06776263031275,1.9372493985565358,20.623608334540418,6.3794441423685715,False
United_States_of_America.regions.Connecticut,8504.542502004811,429.82317562149154,216.78188844933308,7.53505619708518,False
United_States_of_America.regions.Florida:Miami-Dade,5741.758219727346,102.04751403368084,189.49970051707018,2.586848170340206,False
United_States_of_America.regions.Texas:Dallas,1390.1916599839615,28.040898155573377,31.039451609851138,5.245625185807451,False
Austria,6507.993985565358,85.14093825180434,51.99211709463404,5.3992570363080965,False
Sierra_Leone,146.6708099438653,6.75681635926223,20.27175506353811,6.273975238169727,False
Brazil.regions.TO,38.78047313552527,0.8787089013632718,19.373974241574825,6.310661059643433,False
United_States_of_America.regions.Nevada,1693.9959903769047,57.29410585404972,33.45497952808823,4.461125326533889,False
Brazil.regions.PI,203.9536888532478,10.563953488372094,15.83709005195474,6.000165429308745,False
United_States_of_America.regions.Oregon,608.3127506014434,16.291700080192463,7.8855544951775824,5.9535874129748665,False
Niger,525.123696872494,17.335204490777866,19.908772398722466,6.294852938398132,False
Vietnam,8.580192461908583,1.981355252606255,22.26401281812073,6.380765337518533,False
Ukraine,1213.3380112269447,33.44386527666399,19.544794244516748,6.301949955221888,False
Congo,98.15537289494787,3.0920208500400967,20.27586147063025,6.289515262640144,False
Norway,3326.3550521251004,25.528869286287087,40.74702882861782,5.867918378173002,False
Yemen,60.66960705693664,9.4943865276664,22.042253033329118,6.342176213237166,False
Latvia,376.13572574178033,1.2816760224538895,7.6047866058137625,6.317599280953833,False
Lithuania,430.55232558139534,4.98055332798717,6.978401135943048,6.149921870484481,False
United_States_of_America.regions.California:San Bernardino,944.629911788292,38.542101042502004,21.741603855099942,4.526800780737561,False
United_States_of_America.regions.West Virginia,680.4418604651164,15.452686447473937,17.359881751747995,5.417539116031355,False
United_Kingdom,138.40276663993586,2.0585404971932637,22.06085021458028,6.378173727239382,False
United_States_of_America.regions.Oklahoma,1200.2566158781074,56.53027265437049,9.80960727645606,4.907063521448309,False
Uruguay,435.18203688853254,5.82457898957498,13.980794483949404,6.161876795565723,False
Belize,8.909182036888533,0.7303528468323978,18.665212057050134,5.931205564137941,False
Brazil.regions.AC:Feijó,0.6159942363112392,1.0,1.691036430978491,3.220404482803041,False
Brazil.regions.AC:Sena Madureira,50.47459086993972,0.5219638242894057,109.05186665212042,2.1777501124693406,False
Brazil.regions.AM:Boca do Acre,11.229951884522857,1.9512830793905374,31.625414625789592,6.293111807100796,False
Brazil.regions.AM:Carauari,119.73374061346568,0.3487336133384243,424.4982807849918,1.232016173033354,False
Brazil.regions.AM:Itamarati,2.074168797953964,1.0,35.93599340223026,3.2204044828030396,False
Brazil.regions.AM:Presidente Figueiredo,132.01102646351245,4.116680032076985,360.6713700961458,10.649902180545798,False
Brazil.regions.AM:Tefé,443.0022052927025,19.098436246992783,729.5500690206384,29.395686281084565,False
Brazil.regions.AM:Urucará,82.69871794871794,0.8205128205128205,513.456053842224,8.272985981598142,False
Brazil.regions.AP:Laranjal do Jari,239.1428571428571,12.515738498789347,468.6779374474018,22.88604519930283,False
Brazil.regions.AP:Oiapoque,27.123095429029668,1.2425821972734563,102.55116565102554,3.8086571235958084,False
Brazil.regions.MT:Aripuanã,5.156375300721733,1.0040096230954292,15.298785979299094,2.9908931831191614,False
Brazil.regions.MT:Cáceres,4.513432237369688,0.6627906976744187,12.03868443921595,4.983625646355699,False
Brazil.regions.MT:Juara,0.0,1.0,0.3611375988320904,3.22040448280304,False
Brazil.regions.MT:Juína,4.0,0.0,8.975609859709827,0.7812016143004668,False
Brazil.regions.PA:Alenquer,8.72084273890143,1.2294958615500375,12.500167259387633,3.9594739841235276,False
Brazil.regions.PA:Portel,76.18957345971566,8.109004739336493,121.22311624474207,11.705317325520049,False
Brazil.regions.PA:Óbidos,2.680424256398432,0.8904772884482359,9.919292788894792,4.0929019680194845,False
Brazil.regions.RO:Guajará-Mirim,38.006626905235265,10.463883366467861,81.25706531672756,21.64071668548573,False
Brazil.regions.RR:Alto Alegre,7.301523656776263,0.706896551724138,69.4016132009703,2.617313000038268,False
Brazil.regions.RR:Amajari,13.09533787323206,0.6752226296490309,106.933845855053,3.6666918512522577,False
Sweden.regions.Dalarna,291.9198075380914,34.65076182838813,81.9062309147663,7.355446201515378,False
Sweden.regions.Västernorrland,80.31234963913393,6.714715316760225,14.016687104489582,3.032783225227465,False
United_States_of_America.regions.Arizona:Apache,219.5940256615878,2.1968724939855657,292.81542821961716,1.9132776379110228,False
United_States_of_America.regions.Arizona:Navajo,381.5717722534082,7.764234161988773,327.9934117283206,3.6165716463324253,False
United_States_of_America.regions.Arizona:Yavapai,55.613271852445884,1.031074578989575,13.567300142767808,5.976560864672337,False
United_States_of_America.regions.California:Inyo,10.410585404971933,1.4460705693664797,72.81660273070446,3.455307975290446,False
United_States_of_America.regions.Idaho:Idaho,5.234562951082599,1.981355252606255,16.01890122722752,6.380765337518533,False
United_States_of_America.regions.Nevada:Humboldt,31.470128307939053,0.40757818765036086,205.8016980417931,6.091082852724148,False
United_States_of_America.regions.Nevada:Lincoln,0.8978529603122967,1.0,33.396476866073996,3.22040448280304,False
United_States_of_America.regions.Nevada:White Pine,5.191459502806736,1.981355252606255,17.33117304855557,6.380765337518533,False
United_States_of_America.regions.Oregon:Harney,0.14195583596214512,1.0,9.848748977068272,3.2204044828030405,False
United_States_of_America.regions.Oregon:Malheur,3.5228548516439457,1.981355252606255,11.620204873536668,6.380765337518533,False
United_States_of_America.regions.Wyoming:Fremont,35.910986367281474,1.5603448275862069,86.82678798680843,4.457968753039184,False
United_States_of_America.regions.Wyoming:Sweetwater,7.61327185244587,1.981355252606255,16.20461072728326,6.380765337518533,False
South_Korea,955.4641138732959,5.195068163592622,20.41560561977793,6.369548388073473,False
Chile,3676.7046912590217,30.650160384923815,5.301977512011692,6.20865209338104,False
Zambia,52.17682437850842,0.32538091419406573,21.938844588149806,6.3689457014404764,False
Brazil.regions.AC:Acrelândia,7.8534482758620685,1.6565757818765035,74.54578224013187,4.251901475891951,False
Brazil.regions.AC:Capixaba,8.614183474300585,1.0,78.72098709906507,3.22040448280304,False
Brazil.regions.AC:Epitaciolândia,18.566938300349246,1.0,103.05811542567146,3.2204044828030405,False
Brazil.regions.AC:Plácido de Castro,46.97694466720129,0.32538091419406573,250.45550995102155,5.098369071982308,False
Brazil.regions.AC:Porto Acre,4.231154771451484,1.981355252606255,9.327977858149309,6.380765337518533,False
Brazil.regions.AC:Senador Guiomard,35.27698270721527,1.4934406678592727,157.0345898756673,4.809483021574367,False
Brazil.regions.AM:Anamã,30.358542771501035,1.831219737145492,243.926160117935,5.897268250500748,False
Brazil.regions.AM:Boa Vista do Ramos,35.007861635220124,0.41823899371069184,184.2521921497795,2.502293931938746,False
Brazil.regions.AM:Careiro da Várzea,6.6990777866880515,1.981355252606255,22.773626275913493,6.380765337518533,False
Brazil.regions.AM:Iranduba,169.0388933440257,10.705292702485966,342.0511660678214,20.057425570318514,False
Brazil.regions.AM:Urucurituba,31.381681132937416,0.42211055276381904,137.6745507546317,1.9299419399267188,False
Brazil.regions.AP:Cutias,38.194312796208536,0.37440758293838866,651.8742436236408,9.647249322454412,False
Brazil.regions.AP:Itaubal,8.942519527338273,1.1802523532946123,188.83320011836557,3.800889969388807,False
Brazil.regions.AP:Vitória do Jari,30.29905464606871,0.8362923679963109,205.69955144801978,3.3589735515530736,False
Brazil.regions.BA:Abaré,0.0,1.0,1.7581875713640414,3.22040448280304,False
Brazil.regions.BA:Anagé,0.3177004538577912,0.01664145234493192,2.7677820832400912,1.3555758774692113,False
Brazil.regions.BA:Aracatu,1.7649842271293377,1.0,18.45369316617516,3.2204044828030405,False
Brazil.regions.BA:Barra do Mendes,0.0,1.0,3.992000854376909,3.22040448280304,False
Brazil.regions.BA:Belmonte,5.608460304731356,1.0671611868484363,17.431527646369055,3.163063823179042,False
Brazil.regions.BA:Boquira,3.0690537084398977,1.0,15.69838716886098,3.2204044828030396,False
Brazil.regions.BA:Brumado,4.669206094627105,1.981355252606255,16.09597094646528,6.380765337518533,False
Brazil.regions.BA:Caetité,0.2857142857142857,1.0,1.0999239277871642,3.22040448280304,False
Brazil.regions.BA:Campo Alegre de Lourdes,3.5504138449962377,1.2294958615500375,12.85195549101475,3.9594739841235276,False
Brazil.regions.BA:Condeúba,1.0,1.0,8.375815149596797,3.22040448280304,False
Brazil.regions.BA:Encruzilhada,0.2738225629791895,1.0,4.270025735820913,3.2204044828030405,False
Brazil.regions.BA:Euclides da Cunha,5.630513231756215,1.981355252606255,20.15398633214289,6.380765337518533,False
Brazil.regions.BA:Glória,0.0,1.0,3.349466090746661,3.22040448280304,False
Brazil.regions.BA:Guaratinga,0.0,1.0,1.5773693501384751,3.22040448280304,False
Brazil.regions.BA:Iaçu,5.236363636363635,1.0,22.438363821511448,4.5207321547282096,False
Brazil.regions.BA:Ibitiara,0.0,1.0,2.8999211185189506,3.22040448280304,False
Brazil.regions.BA:Ibotirama,5.938251804330393,1.981355252606255,18.994797912761662,6.380765337518533,False
Brazil.regions.BA:Itaberaba,2.004728132387707,0.8881008668242713,3.0312993285493834,3.7284731743938715,False
Brazil.regions.BA:Itaeté,16.0,1.0,102.65901754011674,3.2204044828030396,False
Brazil.regions.BA:Itamaraju,5.918203688853248,1.981355252606255,20.72868998433164,6.380765337518533,False
Brazil.regions.BA:Itanhém,0.6666666666666666,1.0,5.368447187728609,3.22040448280304,False
Brazil.regions.BA:Itapicuru,1.5892116182572613,1.0,4.057568359161379,3.22040448280304,False
Brazil.regions.BA:Itarantim,5.834001603849239,1.770850040096231,18.114400448026718,5.314754234515425,False
Brazil.regions.BA:Itiúba,0.25,0.0,0.9174703840488642,0.4494770533924166,False
Brazil.regions.BA:Jacaraci,0.0,1.0,3.5172319543348114,3.22040448280304,False
Brazil.regions.BA:Jacobina,11.020953378732322,0.08328968046097433,11.723778892060283,2.0818884745328075,False
Brazil.regions.BA:Jaguarari,1.3485804416403786,1.0,3.893012905516437,3.2204044828030405,False
Brazil.regions.BA:Livramento de Nossa Senhora,1.083333333333333,1.1260683760683763,2.6096407096520906,3.6263956462333375,False
Brazil.regions.BA:Manoel Vitorino,2.5892116182572615,0.46058091286307057,23.888444597689872,3.820271479706305,False
Brazil.regions.BA:Maracás,1.828992072480181,1.0,10.358322945824112,3.2204044828030396,False
Brazil.regions.BA:Medeiros Neto,5.918203688853248,1.981355252606255,18.725314610868633,6.380765337518533,False
Brazil.regions.BA:Miguel Calmon,0.0,0.18181818181818182,0.6223500036128229,1.0947235452837716,False
Brazil.regions.BA:Mirangaba,1.0,1.0,7.685910273440825,3.22040448280304,False
Brazil.regions.BA:Morpará,2.8873128447596534,1.4081954294720254,50.11772031564401,4.534958873734462,False
Brazil.regions.BA:Mucugê,2.3278171788810087,1.4081954294720254,35.823967635443076,4.534958873734462,False
Brazil.regions.BA:Mucuri,10.635400907715582,1.0,24.677615429033704,3.2204044828030396,False
Brazil.regions.BA:Mundo Novo,0.0,0.0,0.5142832972985433,0.5142832972985433,False
Brazil.regions.BA:Paratinga,0.0,1.0,0.09540448280304004,3.22040448280304,False
Brazil.regions.BA:Piatã,0.0,1.0,2.6196936308452687,3.2204044828030405,False
Brazil.regions.BA:Prado,4.932838813151564,1.981355252606255,15.815365720393164,6.380765337518533,False
Brazil.regions.BA:Queimadas,2.4659606656580935,1.0,10.404190295521946,3.2204044828030396,False
Brazil.regions.BA:Rodelas,0.0,1.0,7.496560472721554,3.2204044828030405,False
Brazil.regions.BA:Ruy Barbosa,0.03836317135549872,1.0,0.1493727981585316,3.2204044828030396,False
Brazil.regions.BA:Santa Cruz Cabrália,5.119687249398557,1.981355252606255,19.36324799393993,6.380765337518533,False
Brazil.regions.BA:Santa Maria da Vitória,5.837008821170811,1.981355252606255,19.56591218311245,6.380765337518533,False
Brazil.regions.BA:Santaluz,1.9676945668135097,1.0,4.905288725272706,3.2204044828030405,False
Brazil.regions.BA:Seabra,1.529968454258675,0.45583596214511046,3.0053569716692006,1.9862205499031518,False
Brazil.regions.BA:Serra do Ramalho,4.390474192194712,1.9347461183382293,14.207193157180857,6.230665072582213,False
Brazil.regions.BA:Tucano,0.0,1.0,1.2475120251709055,3.22040448280304,False
Brazil.regions.BA:Umburanas,4.816983894582724,1.0,27.041711293821262,3.2204044828030405,False
Brazil.regions.CE:Acopiara,13.522972081776217,0.6955374807650034,17.272547157293484,3.878450844745828,False
Brazil.regions.CE:Aiuaba,1.4310938845822567,1.0,10.75220247496612,3.2204044828030396,False
Brazil.regions.CE:Alto Santo,10.239653875094055,0.23551542513167795,65.14257821056279,2.1557703387666827,False
Brazil.regions.CE:Beberibe,8.898356054530874,0.9448676824378508,8.926940742203978,4.446045291658857,False
Brazil.regions.CE:Boa Viagem,21.524133787302222,2.053474864810735,37.40064987173063,2.7364423071740296,False
Brazil.regions.CE:Granja,16.78087167070218,0.9140435835351091,24.284273200240698,4.141696780611303,False
Brazil.regions.CE:Icó,1.9773456295108258,1.810946271050521,12.682312323068025,6.130230212175634,False
Brazil.regions.CE:Ipueiras,3.4597032878909384,1.0671611868484363,12.170216448465531,3.985455203478239,False
Brazil.regions.CE:Irauçuba,28.734582000913658,0.9337597076290544,120.28726450299266,3.4690707600259723,False
Brazil.regions.CE:Jaguaretama,11.104806934594171,0.7462568951930655,68.18718977354621,2.3023873994620527,False
Brazil.regions.CE:Jaguaribe,9.374899759422615,0.5457097032878909,24.70806362848231,1.7500402927480287,False
Brazil.regions.CE:Mombaça,6.4232157177225355,1.0942261427425821,9.24216663086508,4.355217674747857,False
Brazil.regions.CE:Morada Nova,117.25641025641025,0.8739316239316239,186.89127890788214,3.026993112627461,False
Brazil.regions.CE:Parambu,5.605512489233419,0.7751937984496124,17.735505828524072,2.4824465191332825,False
Brazil.regions.CE:Quixadá,28.01483560545309,1.5513231756214916,17.622520827545426,5.890577396399662,False
Brazil.regions.CE:Saboeiro,1.5,1.0,12.583375781436164,3.2204044828030396,False
Brazil.regions.CE:Solonópole,17.150112866817157,0.22949586155003762,98.2375555148776,1.94926132796875,False
Brazil.regions.CE:Tamboril,9.160637381567614,0.590869939707149,35.485311038767996,2.143807255625197,False
Brazil.regions.ES:Ecoporanga,19.639769452449567,0.7082132564841498,86.8191603754161,4.1690258512807805,False
Brazil.regions.GO:Alto Paraíso de Goiás,0.0,1.0,9.896069808907349,3.2204044828030396,False
Brazil.regions.GO:Aporé,0.0,1.0,20.600462596758653,3.22040448280304,False
Brazil.regions.GO:Araguapaz,1.0,0.0,22.519621257222695,9.649608387209827,False
Brazil.regions.GO:Bom Jardim de Goiás,0.0,1.0,8.09053319393036,3.2204044828030396,False
Brazil.regions.GO:Bom Jesus de Goiás,4.735364875701684,1.981355252606255,14.405240561164344,6.380765337518533,False
Brazil.regions.GO:Britânia,1.169965075669383,1.0,34.32874027700632,3.2204044828030405,False
Brazil.regions.GO:Campo Alegre de Goiás,0.25616698292220114,1.0,13.332065973412549,3.2204044828030396,False
Brazil.regions.GO:Caçu,5.498721227621482,1.0,37.37376896726556,3.2204044828030396,False
Brazil.regions.GO:Chapadão do Céu,3.5098335854765508,1.0,41.13716004435886,3.2204044828030396,False
Brazil.regions.GO:Colinas do Sul,0.0,0.0,26.347898296617426,26.347898296617426,False
Brazil.regions.GO:Corumbaíba,0.058555627846454135,0.6877033181522446,7.666725290378632,4.420898701292665,False
Brazil.regions.GO:Edéia,0.0,1.0,4.86236305680252,3.2204044828030405,False
Brazil.regions.GO:Faina,4.074244869725616,1.831219737145492,12.179219288273773,5.897268250500748,False
Brazil.regions.GO:Goiatuba,2.6343223736968726,1.6204891740176421,9.481497248420967,5.322351849943778,False
Brazil.regions.GO:Itaberaí,0.0,0.0,0.889402151800709,0.889402151800709,False
Brazil.regions.GO:Itajá,1.4285714285714286,1.0,50.28414340376731,3.22040448280304,False
Brazil.regions.GO:Jaraguá,6.352564102564102,1.1260683760683763,10.670572951808943,3.6263956462333375,False
Brazil.regions.GO:Mara Rosa,4.524398178269356,0.026024723487312947,54.91279743521608,7.1963505524014835,False
Brazil.regions.GO:Minaçu,2.3573923166472643,1.0,8.32893269176615,3.2204044828030405,False
Brazil.regions.GO:Montividiu,5.8881315156375305,1.981355252606255,17.764687861487648,6.380765337518533,False
Brazil.regions.GO:Morrinhos,3.610790869264469,1.831219737145492,13.16907740080941,5.897268250500748,False
Brazil.regions.GO:Palmeiras de Goiás,4.669829222011385,0.5256166982922201,16.426934979430605,1.8088459633625584,False
Brazil.regions.GO:Piracanjuba,7.572759022118744,0.010477299185098952,31.73620545896316,0.8819933959351532,False
Brazil.regions.GO:Piranhas,2.0,1.0,25.66741448686475,3.2204044828030396,False
Brazil.regions.GO:Pirenópolis,5.270667226185479,1.9347461183382293,16.776337948373804,6.230665072582213,False
Brazil.regions.GO:Santa Rita do Araguaia,0.0,1.0,8.200335581153103,3.22040448280304,False
Brazil.regions.GO:Silvânia,5.918203688853248,1.981355252606255,18.60600725432452,6.380765337518533,False
Brazil.regions.GO:Uruaçu,3.3833403273185065,1.9347461183382293,6.648520644900791,6.230665072582213,False
Brazil.regions.MA:Aldeias Altas,1.2657388999337311,1.0,5.3192416046902915,3.22040448280304,False
Brazil.regions.MA:Alto Alegre do Pindaré,43.95153214500301,1.1802523532946123,137.5476959620749,3.800889969388807,False
Brazil.regions.MA:Araioses,33.93623942745609,1.0,72.15693572509792,3.22040448280304,False
Brazil.regions.MA:Barão de Grajaú,0.0,1.0,2.0930917977495644,3.22040448280304,False
Brazil.regions.MA:Benedito Leite,1.8333333333333333,1.0,47.08736066871211,3.2204044828030396,False
Brazil.regions.MA:Bom Jesus das Selvas,30.911471974855946,1.0,90.57114329767676,3.22040448280304,False
Brazil.regions.MA:Buriti,13.069968553459118,1.0,45.84148460799519,3.22040448280304,False
Brazil.regions.MA:Buriti Bravo,1.6661786237188874,1.0,7.942627771923504,3.2204044828030405,False
Brazil.regions.MA:Buriticupu,88.31658291457286,1.0662402923709455,119.64808393129901,3.433725017296617,False
Brazil.regions.MA:Cidelândia,32.76348547717842,1.0,226.51005395890903,3.22040448280304,False
Brazil.regions.MA:Colinas,12.835805934242181,1.981355252606255,25.82873080121299,6.380765337518533,False
Brazil.regions.MA:Coroatá,95.04682997118155,0.8378962536023055,143.93801585558612,2.972144640856069,False
Brazil.regions.MA:Cândido Mendes,14.998277347114556,1.0,76.06533913457508,3.2204044828030396,False
Brazil.regions.MA:Estreito,62.848332571950664,1.0662402923709455,148.64094666414186,3.433725017296617,False
Brazil.regions.MA:Feira Nova do Maranhão,3.7518910741301057,0.3192133131618759,52.657900716280984,6.841075337422428,False
Brazil.regions.MA:Fortaleza dos Nogueiras,10.01378122308355,1.0,83.97602670303776,3.2204044828030396,False
Brazil.regions.MA:Humberto de Campos,14.867497168742922,0.8556058890147226,52.0343128231235,2.7932071313055844,False
Brazil.regions.MA:Jenipapo dos Vieiras,2.4727272727272727,0.2727272727272727,17.807311367801095,2.939889906325043,False
Brazil.regions.MA:Matões,1.3333333333333333,1.0,3.8601256661530563,3.22040448280304,False
Brazil.regions.MA:Montes Altos,5.355450236966825,1.0,66.16224002556841,3.2204044828030405,False
Brazil.regions.MA:Morros,20.431404072883172,0.34485530546623794,112.76169226228393,2.4974784328257864,False
Brazil.regions.MA:Nova Olinda do Maranhão,13.293571901921803,1.0,65.07839092011078,3.22040448280304,False
Brazil.regions.MA:Pastos Bons,2.0,0.5,12.186333397229827,2.5677896466721446,False
Brazil.regions.MA:Pedro do Rosário,9.774751178627554,1.0,39.63177169691202,3.22040448280304,False
Brazil.regions.MA:Porto Franco,13.105889014722537,0.3912797281993205,55.83711703581759,1.8482997485935642,False
Brazil.regions.MA:Primeira Cruz,10.054545454545455,1.0,68.96076074439549,3.22040448280304,False
Brazil.regions.MA:Sambaíba,0.0,1.0,14.41316984271274,3.22040448280304,False
Brazil.regions.MA:Santa Helena,84.56053459119497,1.0,199.86655158459544,3.22040448280304,False
Brazil.regions.MA:Santa Quitéria do Maranhão,52.27906976744186,0.9138673557278209,204.56007195211566,3.124442572205695,False
Brazil.regions.MA:Santo Amaro do Maranhão,6.6909090909090905,1.0,45.31492992909328,3.22040448280304,False
Brazil.regions.MA:São Francisco do Maranhão,0.0,1.0,4.969603707205151,3.22040448280304,False
Brazil.regions.MA:São João do Paraíso,9.333333333333332,1.0,89.23135657412935,3.2204044828030396,False
Brazil.regions.MA:São João do Soter,1.0,0.5833333333333334,7.565336767264371,2.783763507564551,False
Brazil.regions.MA:São João dos Patos,8.066914498141264,1.2743848468755534,32.6523013075605,4.104034673694298,False
Brazil.regions.MA:Timbiras,16.632400780741705,1.7612231620039036,57.322106095214075,6.158706015563451,False
Brazil.regions.MA:Turiaçu,24.955997904662127,1.0,69.6815107645347,3.22040448280304,False
Brazil.regions.MA:Turilândia,68.50989522700816,1.0,268.1012522056241,3.2204044828030405,False
Brazil.regions.MA:Tutóia,66.65798414496037,1.920158550396376,111.74930095298257,1.7855885506364337,False
Brazil.regions.MA:Urbano Santos,52.190256615878106,1.981355252606255,156.22443030975668,6.380765337518533,False
Brazil.regions.MA:Vargem Grande,21.568863879957128,1.6444265809217578,32.503005565173325,5.295718732840904,False
Brazil.regions.MA:Zé Doca,70.9410407049937,1.2947964750314729,129.18728008188765,2.1538867133905604,False
Brazil.regions.MG:Abaeté,5.208770457406629,1.9347461183382293,16.438243884321928,6.230665072582213,False
Brazil.regions.MG:Aimorés,10.241602067183463,1.0,41.44762137321263,3.2204044828030396,False
Brazil.regions.MG:Almenara,3.335351089588378,1.7736077481840196,10.075153484898337,5.711734342986021,False
Brazil.regions.MG:Araçuaí,0.0,1.0,0.496202673933039,3.22040448280304,False
Brazil.regions.MG:Bonfinópolis de Minas,0.0,1.0,14.98458368395465,3.2204044828030396,False
Brazil.regions.MG:Brasília de Minas,3.522573363431151,1.2294958615500375,10.730952714367296,3.9594739841235276,False
Brazil.regions.MG:Corinto,0.5,1.0,3.100441667801654,3.2204044828030396,False
Brazil.regions.MG:Delfinópolis,0.0,1.0,10.83638494649131,3.22040448280304,False
Brazil.regions.MG:Espinosa,4.728283676038607,0.9800671422576585,15.315748665006067,3.2111534931136663,False
Brazil.regions.MG:Frutal,3.2538091419406574,1.981355252606255,14.474128666643525,6.380765337518533,False
Brazil.regions.MG:Ibiá,0.5,1.0,2.7322126845448707,3.2204044828030396,False
Brazil.regions.MG:Itambacuri,1.061493411420205,0.30453879941434847,5.661131906926851,2.2311036024377704,False
Brazil.regions.MG:Janaúba,4.804731355252606,1.981355252606255,18.083946435800545,6.380765337518533,False
Brazil.regions.MG:Joaíma,1.5333333333333332,1.0,13.195700580269362,3.2204044828030405,False
Brazil.regions.MG:Matias Cardoso,0.8588158750813273,1.0,13.440130383929295,3.22040448280304,False
Brazil.regions.MG:Medina,4.809663250366032,1.0,24.683837834036694,3.2204044828030405,False
Brazil.regions.MG:Minas Novas,0.7709251101321586,1.0,2.448473645251847,3.2204044828030405,False
Brazil.regions.MG:Monte Alegre de Minas,4.259150805270863,1.0,21.6808777391234,3.2204044828030405,False
Brazil.regions.MG:Nanuque,5.34943865276664,1.0801924619085808,17.878687535987478,4.169322906358596,False
Brazil.regions.MG:Novo Cruzeiro,2.993508972890416,0.7543591701667303,9.656175927728615,2.4567890687422826,False
Brazil.regions.MG:Olhos-d'Água,2.0,1.0,45.99219394239381,3.22040448280304,False
Brazil.regions.MG:Pedra Azul,1.3427109974424551,1.0,6.410869145886547,3.2204044828030396,False
Brazil.regions.MG:Perdizes,0.0,0.12689173457508732,2.9646524197204647,2.9971052426261697,False
Brazil.regions.MG:Porteirinha,1.6534128561961565,1.0,4.13767747896445,3.22040448280304,False
Brazil.regions.MG:Riachinho,0.0,1.0,9.070647631257923,3.2204044828030405,False
Brazil.regions.MG:Rio Paranaíba,0.6666666666666666,1.0,10.31542485746064,3.22040448280304,False
Brazil.regions.MG:São João do Paraíso,0.0,1.0,1.0136542859326707,3.22040448280304,False
Brazil.regions.MG:São Romão,1.6148926450433991,0.07948835084513475,19.099549382007027,4.6499167372790495,False
Brazil.regions.MG:Três Marias,1.0759969902182092,1.2294958615500375,3.5949331264536677,3.9594739841235276,False
Brazil.regions.MG:Tupaciguara,2.2443420789104747,1.1802523532946123,10.14342984694677,3.800889969388807,False
Brazil.regions.MG:Vazante,1.4360465116279069,1.981355252606255,11.187535537513964,6.380765337518533,False
Brazil.regions.MG:Várzea da Palma,4.731457800511509,1.0,11.348519408572503,3.2204044828030396,False
Brazil.regions.MS:Bataguassu,1.4649330181245077,1.4081954294720254,5.596273523429097,4.534958873734462,False
Brazil.regions.MS:Batayporã,5.036287089013633,0.754410585404972,31.75550385770759,10.57972406123972,False
Brazil.regions.MS:Bodoquena,0.0,1.0,9.478008215609657,3.22040448280304,False
Brazil.regions.MS:Caarapó,0.0,1.0,0.09370700390737285,3.22040448280304,False
Brazil.regions.MS:Itaporã,11.5,1.0,47.103682638256586,3.22040448280304,False
Brazil.regions.MS:Jardim,19.39348079161816,1.0,74.9245194226963,3.2204044828030405,False
Brazil.regions.MS:Jateí,0.0,1.0,21.611976942575655,3.22040448280304,False
Brazil.regions.MS:Paranhos,0.0,1.0,3.8079902318441343,3.22040448280304,False
Brazil.regions.MS:Tacuru,0.0,1.0,5.436105212487819,3.2204044828030396,False
Brazil.regions.MT:Alto Boa Vista,0.0,0.0,11.4380534474227,11.4380534474227,False
Brazil.regions.MT:Alto Paraguai,0.0,1.0,5.585513093808442,3.2204044828030396,False
Brazil.regions.MT:Conquista D'Oeste,3.089588377723971,1.7736077481840196,23.385532986914246,5.711734342986021,False
Brazil.regions.MT:Dom Aquino,1.0,1.0,21.235452694991046,3.2204044828030396,False
Brazil.regions.MT:Jaciara,11.01256859621172,1.2743848468755534,40.56752930154677,4.104034673694298,False
Brazil.regions.MT:Jauru,0.5238095238095238,1.0,14.109397903294125,3.22040448280304,False
Brazil.regions.MT:Juscimeira,0.9531013615733737,1.0,14.185364714000931,3.2204044828030396,False
Brazil.regions.MT:Lambari D'Oeste,5.918203688853248,1.981355252606255,16.73183830655762,6.380765337518533,False
Brazil.regions.MT:Nova Olímpia,0.0,1.0,1.7054612380974086,3.22040448280304,False
Brazil.regions.MT:Pontal do Araguaia,1.0966892400300978,1.2294958615500375,37.002479892282054,3.9594739841235276,False
Brazil.regions.MT:São José dos Quatro Marcos,4.759021651964716,1.981355252606255,16.93664311209237,6.380765337518533,False
Brazil.regions.MT:Terra Nova do Norte,0.0,1.0,7.124066397511433,3.2204044828030396,False
Brazil.regions.MT:Vale de São Domingos,1.0,0.0,60.73866171483048,28.75912861601372,False
Brazil.regions.PA:Aurora do Pará,17.51171640296415,1.1802523532946123,55.828375650650564,3.800889969388807,False
Brazil.regions.PA:Bom Jesus do Tocantins,2.6747373229785283,1.0662402923709455,19.620661262252753,3.433725017296617,False
Brazil.regions.PA:Cachoeira do Piriá,0.08285302593659942,1.0,0.4701240820563254,3.220404482803041,False
Brazil.regions.PA:Capitão Poço,50.70096852300243,1.2566585956416467,87.18183805672079,2.3202591917315614,False
Brazil.regions.PA:Curionópolis,25.64524694636219,0.9984067976633032,148.74561866644768,8.572587806861543,False
Brazil.regions.PA:Curuá,4.424202992843201,1.0,34.46599163227513,3.22040448280304,False
Brazil.regions.PA:Garrafão do Norte,32.340237210125686,0.6530359355638167,125.5622435849482,2.1477494340736163,False
Brazil.regions.PA:Igarapé-Miri,106.46779351301964,3.814070351758794,167.4536340036822,4.786279712922486,False
Brazil.regions.PA:Irituia,19.476930105070807,0.22338967565098217,59.63072716777832,0.8443222009526437,False
Brazil.regions.PA:Jacundá,25.69026047565119,0.8839184597961495,41.921316110787785,1.9845813954605989,False
Brazil.regions.PA:Limoeiro do Ajuru,38.25035049068697,1.304225916282796,132.60899542531342,4.779670373826987,False
Brazil.regions.PA:Nova Esperança do Piriá,34.949748743718594,0.7236180904522612,165.67738851062404,4.737269110460477,False
Brazil.regions.PA:Nova Ipixuna,3.073553147336869,1.5245561448005531,32.51244675105029,4.058537033658567,False
Brazil.regions.PA:Pau D'Arco,2.7398794142980187,0.39707149009474585,64.98822973747818,10.333382315799227,False
Brazil.regions.PA:Santa Luzia do Pará,1.6354466858789627,1.014409221902017,10.057742866446066,4.41935854265575,False
Brazil.regions.PA:Soure,14.846454131424853,1.0,59.231136982574334,3.22040448280304,False
Brazil.regions.PA:São Domingos do Araguaia,15.966824644549764,0.43601895734597157,63.167765664513794,1.7946679378872044,False
Brazil.regions.PA:São Domingos do Capim,16.267702147099133,0.9337597076290544,50.73054664483716,2.9265006212101037,False
Brazil.regions.PA:São Sebastião da Boa Vista,28.405206942590127,0.36081441922563423,108.08609790487944,1.5660747967183604,False
Brazil.regions.PA:Terra Santa,1.748198847262248,1.0,11.421818583222043,3.220404482803041,False
Brazil.regions.PA:Tucumã,15.523403274152638,1.3066635923449388,35.87315143123352,4.572698418672675,False
Brazil.regions.PE:Afrânio,0.6993204983012458,1.0,5.434143509563884,3.2204044828030396,False
Brazil.regions.PE:Araripina,15.849056603773581,0.705188679245283,17.097185759405836,1.9399016957584578,False
Brazil.regions.PE:Belém do São Francisco,0.9454545454545454,1.0,6.164778330909852,3.22040448280304,False
Brazil.regions.PE:Bodocó,1.5939278937381405,1.0,3.822790865012968,3.2204044828030396,False
Brazil.regions.PE:Cabrobó,0.6538461538461539,0.626068376068376,2.0017810974679167,2.1653045033678455,False
Brazil.regions.PE:Dormentes,0.0,1.0,2.0683621768119376,3.2204044828030396,False
Brazil.regions.PE:Ibimirim,10.811135589825756,2.60024033647106,37.33259413662186,9.105408550500874,False
Brazil.regions.PE:Lagoa Grande,2.6727272727272724,0.0,11.125626034470791,0.6856929352665669,False
Brazil.regions.PE:Ouricuri,8.387391502969393,0.2804933759707629,9.614590833814855,2.3024865652599016,False
Brazil.regions.PE:Parnamirim,0.9,1.0,5.4120353172878275,3.2204044828030396,False
Brazil.regions.PE:Salgueiro,16.78207698476343,0.7955092221331195,16.632071692534463,2.8109666152896358,False
Brazil.regions.PE:Serrita,0.03285870755750274,0.0,2.168892191120794,1.9974405471995687,False
Brazil.regions.PE:Sertânia,3.639735364875702,0.45108259823576585,10.13758612915013,2.0709856277646557,False
Brazil.regions.PE:São José do Belmonte,2.1083070452155623,1.0,6.144905679787848,3.2204044828030405,False
Brazil.regions.PI:Alto Longá,1.0733844468784228,1.0,11.274732869534926,3.2204044828030405,False
Brazil.regions.PI:Alvorada do Gurguéia,0.799118766272782,1.1802523532946123,13.484465516935781,3.800889969388807,False
Brazil.regions.PI:Barras,26.145374449339208,0.520313264806657,54.18977222066995,2.2012255952975304,False
Brazil.regions.PI:Barreiras do Piauí,0.6666666666666666,1.0,46.56055927665534,3.22040448280304,False
Brazil.regions.PI:Batalha,24.351421188630493,0.5176571920757967,91.17368714556385,2.08733168371143,False
Brazil.regions.PI:Buriti dos Montes,1.0,1.0,21.039663445387163,3.2204044828030405,False
Brazil.regions.PI:Campo Maior,11.288091419406577,1.981355252606255,16.901117295659716,6.380765337518533,False
Brazil.regions.PI:Caracol,4.276764123983294,1.884809848318312,10.722368420645397,6.06985008475561,False
Brazil.regions.PI:Castelo do Piauí,2.103461249059443,1.2294958615500375,13.902129879116236,3.9594739841235276,False
Brazil.regions.PI:Cristino Castro,0.0,0.0,6.373762263815014,6.373762263815014,False
Brazil.regions.PI:Curimatá,1.5714285714285714,1.0,19.359755083657895,3.22040448280304,False
Brazil.regions.PI:Elesbão Veloso,7.736409319323892,0.38328003654636816,58.242324326537904,3.2854366727248587,False
Brazil.regions.PI:Itaueira,2.0819542947202527,0.43892828999211986,7.410636337154207,4.523958503379354,False
Brazil.regions.PI:José de Freitas,6.853595033046266,0.7396354896855599,16.405804225555315,2.6770967037056494,False
Brazil.regions.PI:Manoel Emídio,0.7610654916883637,0.5673943520929302,13.023739989177264,10.150049005468873,False
Brazil.regions.PI:Miguel Alves,23.510638297872344,1.4081954294720254,68.84438839514935,4.534958873734462,False
Brazil.regions.PI:Morro Cabeça no Tempo,0.14195583596214512,1.0,18.387753634153665,3.2204044828030405,False
Brazil.regions.PI:Oeiras,27.38247863247863,1.1260683760683763,73.11014317126505,3.6263956462333375,False
Brazil.regions.PI:Palmeirais,2.392218717139852,1.0,20.63067713937515,3.2204044828030405,False
Brazil.regions.PI:Paulistana,0.0,1.0,1.6521774983887936,3.22040448280304,False
Brazil.regions.PI:Pedro II,10.530709600477042,0.49344066785927254,25.037350064038684,2.2283049719125017,False
Brazil.regions.PI:Pio IX,6.289769946157612,1.0,36.93830606464381,3.2204044828030405,False
Brazil.regions.PI:Piracuruca,3.46692060946271,0.7183239775461108,11.745943523626622,2.3771786745050347,False
Brazil.regions.PI:Redenção do Gurguéia,0.0,1.0,8.171712172471508,3.22040448280304,False
Brazil.regions.PI:Simplício Mendes,11.658857979502196,1.0,96.36938372821258,3.2204044828030405,False
Brazil.regions.PI:São João do Piauí,5.738899933730948,1.0,29.491114053825996,3.22040448280304,False
Brazil.regions.PI:São Raimundo Nonato,25.0783952040581,1.831219737145492,70.55050256202092,5.897268250500748,False
Brazil.regions.PI:Valença do Piauí,1.3485752153744204,0.1550695825049702,8.007127859554831,1.8176195644726083,False
Brazil.regions.PR:Castro,5.320769847634322,1.981355252606255,19.119236157916266,6.380765337518533,False
Brazil.regions.PR:Guaraqueçaba,0.0,0.10214703968770332,9.875457224897326,9.195663288326863,False
Brazil.regions.PR:Jaguariaíva,0.6909090909090909,1.0,2.090782268317106,3.22040448280304,False
Brazil.regions.PR:Lapa,4.862670408981555,1.981355252606255,17.229377829386053,6.380765337518533,False
Brazil.regions.PR:Palmas,5.918203688853248,1.981355252606255,20.31809145648783,6.380765337518533,False
Brazil.regions.PR:Palmeira,5.628307939053729,1.981355252606255,18.283499603867394,6.380765337518533,False
Brazil.regions.PR:Pinhão,5.476142742582197,1.981355252606255,17.774526923554202,6.380765337518533,False
Brazil.regions.PR:Pitanga,0.3333333333333333,1.0,1.1785837499034373,3.2204044828030405,False
Brazil.regions.PR:Reserva,3.0476190476190474,1.0,11.93070555881795,3.22040448280304,False
Brazil.regions.RN:Apodi,14.418604651162793,0.8566559743384122,37.2911966364682,3.2430912455451955,False
Brazil.regions.RN:Santana do Matos,3.070539419087137,1.0,28.603060602703465,3.22040448280304,False
Brazil.regions.RO:Alto Paraíso,1.5980918306499703,1.0238521168753727,6.416091935720723,2.855194602423463,False
Brazil.regions.RO:Cacaulândia,0.1534526854219949,1.0,15.294084849813247,3.2204044828030396,False
Brazil.regions.RO:Cerejeiras,0.0,0.0,2.9059203349387963,2.9059203349387963,False
Brazil.regions.RO:Monte Negro,0.4656577415599535,1.0,6.025480841193638,3.2204044828030405,False
Brazil.regions.RO:Nova Brasilândia D'Oeste,1.9604190919674038,1.0,11.239003019235662,3.2204044828030405,False
Brazil.regions.RO:Ouro Preto do Oeste,5.594426623897354,1.981355252606255,14.090977554187413,6.380765337518533,False
Brazil.regions.RO:Presidente Médici,0.0,1.0,2.046634387943826,3.2204044828030396,False
Brazil.regions.RO:Rio Crespo,1.4285714285714284,1.0,61.30062178105,3.22040448280304,False
Brazil.regions.RO:Theobroma,1.0,1.0,15.92934657043327,3.22040448280304,False
Brazil.regions.RR:São Luiz,12.821635362236973,1.2358423951419293,194.87674637246576,3.9590667572429097,False
Brazil.regions.RS:Bom Jesus,9.143484626647146,1.0,86.15737881658146,3.2204044828030405,False
Brazil.regions.RS:Camaquã,5.918203688853248,1.981355252606255,20.77023079165492,6.380765337518533,False
Brazil.regions.RS:Dom Feliciano,1.0248901903367498,1.0,9.916290666650378,3.2204044828030405,False
Brazil.regions.RS:Júlio de Castilhos,6.533333333333334,1.0,35.826572831939785,3.2204044828030405,False
Brazil.regions.RS:Lavras do Sul,7.0,1.0,103.73146717495098,3.22040448280304,False
Brazil.regions.RS:Palmeira das Missões,7.0843714609286526,1.0,21.054800336368363,3.2204044828030396,False
Brazil.regions.RS:Rio Pardo,3.452407122444494,1.884809848318312,12.37449412643889,6.06985008475561,False
Brazil.regions.RS:Santiago,5.630513231756215,1.981355252606255,19.67407182129428,6.380765337518533,False
Brazil.regions.RS:São Lourenço do Sul,4.844627105052125,1.981355252606255,17.154010073068093,6.380765337518533,False
Brazil.regions.RS:Tupanciretã,1.7,1.0,8.054023444372508,3.2204044828030396,False
Brazil.regions.RS:Vacaria,2.5681635926222937,0.4987971130713713,10.677628413495954,4.141860297295508,False
Brazil.regions.SC:Campos Novos,1.2380952380952384,1.0,3.21828892444277,3.22040448280304,False
Brazil.regions.SC:Itaiópolis,2.318881513910465,1.5719531139669543,6.957876676463923,5.062324854975376,False
Brazil.regions.SC:São Joaquim,0.0,1.0,0.4898953094201719,3.22040448280304,False
Brazil.regions.SP:Capão Bonito,3.164648910411622,1.2445520581113803,7.550172979934009,2.081871879125194,False
Brazil.regions.SP:Cunha,0.7333682556312205,1.0,4.824187597909915,3.22040448280304,False
Brazil.regions.SP:Eldorado,4.843624699278267,0.9945870088211709,13.453670309138982,2.612875934794159,False
Brazil.regions.SP:Iguape,14.842818810902417,1.5719531139669543,48.17705254111898,5.062324854975376,False
Brazil.regions.SP:Morro Agudo,5.731234866828087,1.7736077481840196,16.558329463984983,5.711734342986021,False
Brazil.regions.SP:Rancharia,2.370042872454448,0.7400857449088961,7.69977350583118,2.3843521755188615,False
Brazil.regions.SP:Teodoro Sampaio,2.5309043591411844,1.0,12.033199971755382,3.22040448280304,False
Brazil.regions.TO:Abreulândia,0.9371362048894062,1.0,71.89150730042326,3.2204044828030405,False
Brazil.regions.TO:Aliança do Tocantins,1.067013662979831,1.0,35.12864306784317,3.22040448280304,False
Brazil.regions.TO:Ananás,0.4866494401378122,1.0,12.348235585662898,3.2204044828030396,False
Brazil.regions.TO:Araguatins,23.66745283018868,3.1501572327044025,65.79624494100281,8.739574698756101,False
Brazil.regions.TO:Arapoema,0.0,1.0,11.833035228170917,3.22040448280304,False
Brazil.regions.TO:Babaçulândia,0.19999999999999998,1.0,8.032408720497786,3.2204044828030405,False
Brazil.regions.TO:Bandeirantes do Tocantins,1.153081510934394,1.0,57.378568524075476,3.22040448280304,False
Brazil.regions.TO:Caseara,0.0,1.0,15.405037871452874,3.22040448280304,False
Brazil.regions.TO:Couto Magalhães,6.835535976505139,1.0,140.9510622451229,3.2204044828030405,False
Brazil.regions.TO:Cristalândia,0.0,1.0,10.498898576601542,3.22040448280304,False
Brazil.regions.TO:Darcinópolis,23.303188028627197,1.0,395.3885512106068,3.22040448280304,False
Brazil.regions.TO:Divinópolis do Tocantins,0.0,1.0,11.272349140385366,3.22040448280304,False
Brazil.regions.TO:Figueirópolis,2.0351390922401174,0.48755490483162517,54.4489683509442,9.656592430128153,False
Brazil.regions.TO:Filadélfia,0.29685681024447036,1.0,11.42341677108664,3.2204044828030405,False
Brazil.regions.TO:Guaraí,13.561514195583598,0.2823343848580442,53.04222594704597,1.3665085952485294,False
Brazil.regions.TO:Gurupi,21.37830793905373,1.48616680032077,11.36622645621449,5.809264359659537,False
Brazil.regions.TO:Marianópolis do Tocantins,1.2267250821467688,1.0,39.80809952003308,3.2204044828030405,False
Brazil.regions.TO:Miracema do Tocantins,1.56872037914692,1.0,10.856318331461095,3.2204044828030405,False
Brazil.regions.TO:Nova Olinda,34.67196819085487,0.9204771371769384,298.59843121272854,3.381052096136504,False
Brazil.regions.TO:Novo Acordo,0.0,1.0,19.810456871411606,3.2204044828030405,False
Brazil.regions.TO:Palmeirópolis,0.0,1.0,9.83613031286219,3.22040448280304,False
Brazil.regions.TO:Pedro Afonso,1.1892583120204603,1.0,12.903165350901928,3.2204044828030396,False
Brazil.regions.TO:Santa Fé do Araguaia,0.2857142857142857,1.0,13.895067904234844,3.22040448280304,False
Brazil.regions.TO:Santa Rosa do Tocantins,0.0,1.0,17.48781668099899,3.22040448280304,False
Brazil.regions.TO:Tocantínia,0.0,1.0,10.03340598770723,3.2204044828030396,False
Brazil.regions.TO:Wanderlândia,8.98165137614679,1.0,82.21699495352999,3.22040448280304,False
Faroe_Islands,173.4352445870088,1.981355252606255,349.60636902202486,6.380765337518533,False
United_States_of_America.regions.Alabama:Autauga,25.735966319166,0.34141940657578185,36.18094838338657,2.7546031571717826,False
United_States_of_America.regions.Alabama:Barbour,37.791299117882915,1.3408179631114676,158.8333736697157,3.8775982307963406,False
United_States_of_America.regions.Alabama:Bibb,28.412389735364876,1.770850040096231,135.48870864705862,5.4407581368843285,False
United_States_of_America.regions.Alabama:Blount,20.809943865276665,1.981355252606255,25.684742853563435,6.380765337518533,False
United_States_of_America.regions.Alabama:Bullock,4.615477145148357,1.8520449077786687,89.3437928797092,5.162349346551937,False
United_States_of_America.regions.Alabama:Butler,38.973536487570165,1.3889334402566158,213.69210051496435,3.4956041128931714,False
United_States_of_America.regions.Alabama:Chambers,201.97213311948678,10.431635926222937,605.8922747175717,30.978513937456345,False
United_States_of_America.regions.Alabama:Cherokee,5.935244587008821,1.981355252606255,24.789575222451017,6.380765337518533,False
United_States_of_America.regions.Alabama:Chilton,37.00581395348838,1.3959502806736166,76.59475855948645,5.063116620644854,False
United_States_of_America.regions.Alabama:Choctaw,23.537489975942258,1.981355252606255,219.64364297891828,6.380765337518533,False
United_States_of_America.regions.Alabama:Clay,10.657979149959905,1.4250200481154773,110.52136284910564,2.53488133369289,False
United_States_of_America.regions.Alabama:Cleburne,6.4985966319166,1.314755412991179,55.012726804852385,2.576941330268089,False
United_States_of_America.regions.Alabama:Coffee,103.13111467522052,1.747794707297514,187.97108898759964,5.9345451982255355,False
United_States_of_America.regions.Alabama:Colbert,16.50962309542903,0.5408981555733762,20.180557542830318,3.7731784056511177,False
United_States_of_America.regions.Alabama:Conecuh,3.9659182036888536,1.981355252606255,60.026348712843394,6.380765337518533,False
United_States_of_America.regions.Alabama:Coosa,17.20328789093825,1.1603849238171613,203.9373313943064,2.695673710866193,False
United_States_of_America.regions.Alabama:Covington,23.948075380914197,1.3648757016840418,61.03262952573002,4.716808008245913,False
United_States_of_America.regions.Alabama:Crenshaw,6.480553327987169,1.981355252606255,75.01042765756556,6.380765337518533,False
United_States_of_America.regions.Alabama:Cullman,32.09522854851644,1.6234963913392142,24.33369634418311,5.953562991435255,False
United_States_of_America.regions.Alabama:Dallas,27.880513231756215,0.4486768243785084,71.27558346326519,2.0010725429485112,False
United_States_of_America.regions.Alabama:DeKalb,55.78949478748998,0.7884923817161188,65.42379018363631,4.2838052915262566,False
United_States_of_America.regions.Alabama:Escambia,14.71932638331997,0.7834803528468324,36.814395794595036,3.1108313988309497,False
United_States_of_America.regions.Alabama:Fayette,3.753007217321572,1.981355252606255,13.890024194570966,6.380765337518533,False
United_States_of_America.regions.Alabama:Franklin,36.12590216519647,1.883119486768244,114.97038489011338,6.067533509707771,False
United_States_of_America.regions.Alabama:Geneva,10.298258497691984,1.9347461183382293,42.87517678866166,6.230665072582213,False
United_States_of_America.regions.Alabama:Greene,35.151764234161995,1.2205292702485966,496.39852841180533,7.245075089019685,False
United_States_of_America.regions.Alabama:Hale,36.924619085805936,0.70028067361668,276.9685741877154,4.908734173185121,False
United_States_of_America.regions.Alabama:Henry,18.17542101042502,1.2205292702485966,123.57135420456208,2.867977151287493,False
United_States_of_America.regions.Alabama:Jackson,26.25,0.6150761828388132,42.01296199632948,3.229969632509377,False
United_States_of_America.regions.Alabama:Lamar,3.379109863672815,1.981355252606255,32.50327761626975,6.380765337518533,False
United_States_of_America.regions.Alabama:Lawrence,4.657578187650361,1.981355252606255,14.009380124288276,6.380765337518533,False
United_States_of_America.regions.Alabama:Lowndes,37.91599839615076,1.2856856455493184,438.6932578920829,8.579595580978816,False
United_States_of_America.regions.Alabama:Macon,25.123696872493987,0.7103047313552526,155.0611911039128,3.9314448140130014,False
United_States_of_America.regions.Alabama:Marengo,34.14174017642341,0.4286287089013633,195.39510136199334,6.038363534546,False
United_States_of_America.regions.Alabama:Marion,49.31836407377706,2.4745388933440258,167.01193781720724,8.596219498994834,False
United_States_of_America.regions.Alabama:Monroe,5.005012028869286,1.066158781074579,29.77529091024655,3.0237590621089914,False
United_States_of_America.regions.Alabama:Perry,9.685645549318364,1.981355252606255,163.79981073133453,6.380765337518533,False
United_States_of_America.regions.Alabama:Pickens,32.69346431435444,1.0801924619085805,176.47456476980915,2.175148934591729,False
United_States_of_America.regions.Alabama:Pike,43.54931836407378,1.981355252606255,130.12774841877825,6.380765337518533,False
United_States_of_America.regions.Alabama:Randolph,53.456495589414594,1.9552927024859665,243.4309074464666,10.860242999878217,False
United_States_of_America.regions.Alabama:Russell,37.993183640737776,1.981355252606255,55.31282227289072,6.380765337518533,False
United_States_of_America.regions.Alabama:Sumter,55.68364073777065,0.6672012830793905,481.4772803363957,12.187926424070863,False
United_States_of_America.regions.Alabama:Talladega,31.67301523656776,0.9448676824378508,26.095937709680946,5.084799484198365,False
United_States_of_America.regions.Alabama:Tallapoosa,188.51523656776266,10.142943063352046,461.8687425827736,23.893676446692727,False
United_States_of_America.regions.Alabama:Walker,69.16700080192462,1.981355252606255,97.5582762363272,6.380765337518533,False
United_States_of_America.regions.Alabama:Washington,10.755813953488373,0.9799518845228549,85.97746223529815,2.608701899871047,False
United_States_of_America.regions.Alabama:Wilcox,42.30573376102646,0.902766639935846,452.2596531163929,9.840605526833402,False
United_States_of_America.regions.Alabama:Winston,4.744987971130714,1.981355252606255,26.342080835017438,6.380765337518533,False
United_States_of_America.regions.Arkansas:Arkansas,5.503408179631115,1.981355252606255,16.180485376276696,6.380765337518533,False
United_States_of_America.regions.Arkansas:Ashley,7.091419406575783,1.981355252606255,46.329057524453404,6.380765337518533,False
United_States_of_America.regions.Arkansas:Baxter,4.84101844426624,1.981355252606255,16.040392270679174,6.380765337518533,False
United_States_of_America.regions.Arkansas:Boone,4.555934242181235,1.981355252606255,15.668168506723285,6.380765337518533,False
United_States_of_America.regions.Arkansas:Bradley,3.6818364073777063,1.518243785084202,38.11453250734585,2.460811577997342,False
United_States_of_America.regions.Arkansas:Carroll,3.6848436246992784,1.981355252606255,11.423430848454244,6.380765337518533,False
United_States_of_America.regions.Arkansas:Chicot,3.73336006415397,1.981355252606255,51.806278423880556,6.380765337518533,False
United_States_of_America.regions.Arkansas:Clark,19.15296712109062,1.981355252606255,94.52690666055432,6.380765337518533,False
United_States_of_America.regions.Arkansas:Clay,4.77345629510826,1.981355252606255,12.769188168497301,6.380765337518533,False
United_States_of_America.regions.Arkansas:Cleburne,58.474338412189255,1.6375300721732158,240.1409963617736,8.072548379339791,False
United_States_of_America.regions.Arkansas:Cleveland,3.9845629510825984,1.981355252606255,69.4263508550923,6.380765337518533,False
United_States_of_America.regions.Arkansas:Columbia,2.462910986367282,1.5603448275862069,11.07286979244333,4.585947479224429,False
United_States_of_America.regions.Arkansas:Conway,3.1968724939855657,0.9989975942261429,18.862324390817143,2.9200475903632555,False
United_States_of_America.regions.Arkansas:Crawford,4.827586206896552,1.981355252606255,17.697244135595252,6.380765337518533,False
United_States_of_America.regions.Arkansas:Crittenden,113.19366479550924,1.592421812349639,228.2398894863167,1.6145707311760313,False
United_States_of_America.regions.Arkansas:Cross,6.071571772253408,1.981355252606255,56.834876960346925,6.380765337518533,False
United_States_of_America.regions.Arkansas:Dallas,5.918203688853248,1.981355252606255,16.7119201418711,6.380765337518533,False
United_States_of_America.regions.Arkansas:Desha,2.33560545308741,1.981355252606255,46.00876228505216,6.380765337518533,False
United_States_of_America.regions.Arkansas:Drew,4.15617481956696,1.1253007217321573,36.590673643037995,2.90994144684969,False
United_States_of_America.regions.Arkansas:Franklin,5.414995990376905,1.981355252606255,15.71654501500883,6.380765337518533,False
United_States_of_America.regions.Arkansas:Fulton,1.5161775771256583,1.2294958615500375,21.139915208112065,3.9594739841235276,False
United_States_of_America.regions.Arkansas:Grant,4.169005613472334,1.981355252606255,29.01588178112285,6.380765337518533,False
United_States_of_America.regions.Arkansas:Greene,3.328989574979952,1.981355252606255,8.082489254150397,6.380765337518533,False
United_States_of_America.regions.Arkansas:Hempstead,4.097834803528468,1.0551323175621492,12.989630471457405,3.0496986271197697,False
United_States_of_America.regions.Arkansas:Hot Spring,4.974338412189255,1.981355252606255,13.633794048252105,6.380765337518533,False
United_States_of_America.regions.Arkansas:Howard,6.096431435445068,1.9542902967121092,65.77770385301527,6.411451610006063,False
United_States_of_America.regions.Arkansas:Independence,3.3761026463512427,1.981355252606255,11.749981767516715,6.380765337518533,False
United_States_of_America.regions.Arkansas:Izard,3.428227746591821,1.981355252606255,41.58800660571652,6.380765337518533,False
United_States_of_America.regions.Arkansas:Jackson,4.576830072543417,1.884809848318312,14.149938549688908,6.06985008475561,False
United_States_of_America.regions.Arkansas:Jefferson,74.44707297514033,1.8430232558139534,99.52877383980572,2.188009149369854,False
United_States_of_America.regions.Arkansas:Johnson,18.638331996792303,1.981355252606255,73.87731577572121,6.380765337518533,False
United_States_of_America.regions.Arkansas:Lafayette,3.651563753007217,1.2656375300721732,85.74554621549552,6.255159812734335,False
United_States_of_America.regions.Arkansas:Lawrence,28.1046511627907,0.7674418604651164,191.1964778891813,4.962808896969802,False
United_States_of_America.regions.Arkansas:Lee,4.057738572574178,1.0801924619085808,23.303621785330552,4.430408957115288,False
United_States_of_America.regions.Arkansas:Lincoln,238.3019246190858,1.981355252606255,1860.5532663245474,6.380765337518533,False
United_States_of_America.regions.Arkansas:Little River,0.2,1.0,6.568322167005265,3.2204044828030396,False
United_States_of_America.regions.Arkansas:Logan,5.024057738572575,1.953287890938252,15.033096183508759,6.330741462686111,False
United_States_of_America.regions.Arkansas:Lonoke,26.8111467522053,1.981355252606255,25.057499145563906,6.380765337518533,False
United_States_of_America.regions.Arkansas:Madison,5.788893344025662,1.981355252606255,17.488405749911,6.380765337518533,False
United_States_of_America.regions.Arkansas:Marion,5.918203688853248,1.981355252606255,18.28049729538182,6.380765337518533,False
United_States_of_America.regions.Arkansas:Miller,25.025060144346433,1.2425821972734563,51.573906671786716,4.672895963006204,False
United_States_of_America.regions.Arkansas:Mississippi,21.5182437850842,1.981355252606255,47.686641254110235,6.380765337518533,False
United_States_of_America.regions.Arkansas:Monroe,4.549919807538092,1.981355252606255,35.38173037172235,6.380765337518533,False
United_States_of_America.regions.Arkansas:Montgomery,0.14195583596214512,1.0,7.450862296466267,3.2204044828030405,False
United_States_of_America.regions.Arkansas:Nevada,5.382919005613473,1.981355252606255,10.342244934378588,6.380765337518533,False
United_States_of_America.regions.Arkansas:Newton,4.8686848436247,1.981355252606255,17.035705914710064,6.380765337518533,False
United_States_of_America.regions.Arkansas:Ouachita,3.7854851643945473,1.981355252606255,13.762187453731507,6.380765337518533,False
United_States_of_America.regions.Arkansas:Perry,3.3688853247794706,1.981355252606255,28.079611046103352,6.380765337518533,False
United_States_of_America.regions.Arkansas:Phillips,5.284683239775461,1.0170408981555734,17.707991568126882,2.7790204986860143,False
United_States_of_America.regions.Arkansas:Pike,5.087409783480353,1.981355252606255,13.414888168590153,6.380765337518533,False
United_States_of_America.regions.Arkansas:Poinsett,4.21812349639134,1.7668404170008019,25.052816298590233,5.469022581630004,False
United_States_of_America.regions.Arkansas:Polk,4.112870890136327,1.981355252606255,15.703119710754365,6.380765337518533,False
United_States_of_America.regions.Arkansas:Pope,22.76663993584603,1.981355252606255,24.21750556916123,6.380765337518533,False
United_States_of_America.regions.Arkansas:Prairie,5.628307939053729,1.981355252606255,16.849237346870673,6.380765337518533,False
United_States_of_America.regions.Arkansas:Randolph,7.084603047313553,1.981355252606255,55.695898981313654,6.380765337518533,False
United_States_of_America.regions.Arkansas:Scott,5.918203688853248,1.981355252606255,17.237479634848906,6.380765337518533,False
United_States_of_America.regions.Arkansas:Searcy,4.787489975942262,1.981355252606255,48.561839451065694,6.380765337518533,False
United_States_of_America.regions.Arkansas:Sevier,3.625701684041701,1.8520449077786687,25.36675121748727,5.620429329830015,False
United_States_of_America.regions.Arkansas:Sharp,3.73897353648757,1.4099839615076182,36.35000184961555,3.8650054816316457,False
United_States_of_America.regions.Arkansas:St. Francis,94.86387329591018,1.981355252606255,384.94662801665163,6.380765337518533,False
United_States_of_America.regions.Arkansas:Stone,4.705894145950281,1.981355252606255,33.634611481678895,6.380765337518533,False
United_States_of_America.regions.Arkansas:Union,26.957898957498,1.9372493985565358,65.30207116112163,6.266743689078124,False
United_States_of_America.regions.Arkansas:Van Buren,17.51904570970329,0.6120689655172413,125.42230476707077,4.1534836378664926,False
United_States_of_America.regions.Arkansas:Woodruff,5.918203688853248,1.981355252606255,16.7268880419819,6.380765337518533,False
United_States_of_America.regions.Arkansas:Yell,1.9767441860465118,1.4250200481154773,10.922344767709307,3.773880915557154,False
United_States_of_America.regions.California:Alpine,5.631515637530073,1.981355252606255,117.08073663760103,6.380765337518533,False
United_States_of_America.regions.California:Amador,3.78307939053729,1.981355252606255,13.26512642236241,6.380765337518533,False
United_States_of_America.regions.California:Calaveras,5.6409382518043305,1.981355252606255,12.831719652602278,6.380765337518533,False
United_States_of_America.regions.California:Del Norte,4.909582999198076,1.981355252606255,15.451096126556042,6.380765337518533,False
United_States_of_America.regions.California:Sierra,0.0,1.0,30.057465733503115,3.2204044828030396,False
United_States_of_America.regions.Colorado:Alamosa,4.561948676824378,0.8105453087409783,48.44166243486253,5.358675882189535,False
United_States_of_America.regions.Colorado:Chaffee,37.35946271050522,5.68223736968725,195.2371234545036,31.190397092373516,False
United_States_of_America.regions.Colorado:Crowley,5.308740978348036,0.981355252606255,14.60544856816309,10.118162232189437,False
United_States_of_America.regions.Colorado:Custer,5.632718524458701,1.981355252606255,23.679897108411357,6.380765337518533,False
United_States_of_America.regions.Colorado:Hinsdale,4.786487570168404,1.981355252606255,274.11485891214403,6.380765337518533,False
United_States_of_America.regions.Colorado:Mineral,5.628307939053729,1.981355252606255,236.65151290030164,6.380765337518533,False
United_States_of_America.regions.Colorado:Ouray,4.5348837209302335,1.0040096230954292,86.57634692389388,13.50152899107275,False
United_States_of_America.regions.Colorado:Phillips,4.2225340817963115,1.981355252606255,109.431768868412,6.380765337518533,False
United_States_of_America.regions.Colorado:Pitkin,34.81295108259823,0.8105453087409783,212.60072750277772,4.1007462747288015,False
United_States_of_America.regions.Colorado:Rio Grande,4.724338412189254,1.981355252606255,36.461263672859026,6.380765337518533,False
United_States_of_America.regions.Colorado:Summit,52.71050521251002,1.455092221331195,170.00303044829505,4.6837448245551965,False
United_States_of_America.regions.Colorado:Teller,14.58560545308741,0.6315156375300722,62.42126781085304,2.204133391555337,False
United_States_of_America.regions.Florida:Baker,8.077385725741781,0.3995589414595028,28.46064337606496,1.6547945037206493,False
United_States_of_America.regions.Florida:Calhoun,6.6503608660785885,1.981355252606255,73.91742776247308,6.380765337518533,False
United_States_of_America.regions.Florida:Columbia,35.28809141940658,1.4059743384121894,36.604801946622594,5.578124774236908,False
United_States_of_America.regions.Florida:DeSoto,16.018644747393747,1.4440657578187648,38.09470913315392,2.7555758178245604,False
United_States_of_America.regions.Florida:Dixie,3.27886928628709,1.981355252606255,38.32365830542527,6.380765337518533,False
United_States_of_America.regions.Florida:Franklin,5.628307939053729,1.981355252606255,16.660603420589634,6.380765337518533,False
United_States_of_America.regions.Florida:Glades,4.4641138732959105,0.9901764234161988,20.83729312021854,2.7696657768398003,False
United_States_of_America.regions.Florida:Gulf,5.918203688853248,1.981355252606255,17.90336836891091,6.380765337518533,False
United_States_of_America.regions.Florida:Hamilton,37.75661587810746,1.981355252606255,287.36031113216274,6.380765337518533,False
United_States_of_America.regions.Florida:Hardee,14.540898155573375,1.981355252606255,57.38462356154317,6.380765337518533,False
United_States_of_America.regions.Florida:Jackson,3.114474739374499,1.981355252606255,8.7144589237527,6.380765337518533,False
United_States_of_America.regions.Florida:Jefferson,19.142943063352046,0.6361267040898155,160.65717681585724,6.101849918827671,False
United_States_of_America.regions.Florida:Lafayette,3.697874899759423,1.981355252606255,17.743022958467648,6.380765337518533,False
United_States_of_America.regions.Florida:Liberty,120.13372093023256,1.981355252606255,1498.5719698241903,6.380765337518533,False
United_States_of_America.regions.Florida:Madison,39.355453087409785,0.3945469125902165,227.9431390976992,5.600409984400905,False
United_States_of_America.regions.Florida:Monroe,56.817762630312764,0.7914995990376905,63.63992414754842,3.267091525243436,False
United_States_of_America.regions.Florida:Okeechobee,8.277064955894145,1.981355252606255,14.489757241982389,6.380765337518533,False
United_States_of_America.regions.Florida:Putnam,56.421611868484355,0.9929831595829993,62.74728472237094,5.054465243554073,False
United_States_of_America.regions.Florida:Suwannee,100.5064153969527,8.652365677626303,219.5924197518227,17.90685471515757,False
United_States_of_America.regions.Florida:Taylor,4.854651162790698,1.981355252606255,14.383821881143483,6.380765337518533,False
United_States_of_America.regions.Florida:Wakulla,13.357457898957499,1.0942261427425821,37.82299412520664,3.7513776560114565,False
United_States_of_America.regions.Florida:Washington,4.07177225340818,1.981355252606255,16.37035663159812,6.380765337518533,False
United_States_of_America.regions.Georgia:Appling,50.424218123496395,3.728548516439455,289.60148331659263,23.51587717205637,False
United_States_of_America.regions.Georgia:Brooks,37.645148356054534,3.389735364875702,266.0258976273546,27.96005851212496,False
United_States_of_America.regions.Georgia:Bulloch,25.41740176423416,0.6391339214113874,20.776434136852185,4.367341017854989,False
United_States_of_America.regions.Georgia:Burke,47.021651964715325,0.5449077786688052,218.70640387495746,4.456662396520178,False
United_States_of_America.regions.Georgia:Camden,19.146752205292703,1.455092221331195,26.373056070569394,5.418077320698097,False
United_States_of_America.regions.Georgia:Charlton,3.7820769847634326,1.981355252606255,6.203624061451579,6.380765337518533,False
United_States_of_America.regions.Georgia:Clinch,3.503408179631115,1.981355252606255,70.24545603273755,6.380765337518533,False
United_States_of_America.regions.Georgia:Coffee,79.14274258219727,2.07457898957498,176.61571602500294,3.376193162526145,False
United_States_of_America.regions.Georgia:Colquitt,131.37449879711306,4.243785084202085,281.0031192566248,7.3792030328981895,False
United_States_of_America.regions.Georgia:Decatur,55.291098636728144,1.1854450681635926,213.3261846972702,3.4584695706656294,False
United_States_of_America.regions.Georgia:Dodge,14.070769847634322,1.5513231756214916,79.58408272864972,4.293737543367776,False
United_States_of_America.regions.Georgia:Emanuel,11.435445068163592,1.7317562149157977,58.766460405838814,5.278588186187362,False
United_States_of_America.regions.Georgia:Jefferson,6.808540497193264,1.0441058540497192,63.1084355575942,2.6202779464997863,False
United_States_of_America.regions.Georgia:Laurens,31.00801924619086,1.2425821972734563,57.488017230837855,4.826958381449046,False
United_States_of_America.regions.Georgia:Meriwether,33.91299117882919,1.740777866880513,170.6208308677826,5.2441971619351175,False
United_States_of_America.regions.Georgia:Mitchell,226.38151563753007,20.600040096230952,1044.8189681463828,96.82752187390709,False
United_States_of_America.regions.Georgia:Screven,7.438051323175622,1.109262229350441,76.1510047127915,2.667977197818668,False
United_States_of_America.regions.Georgia:Thomas,133.8013231756215,11.684643143544506,294.309952928571,24.55508605494834,False
United_States_of_America.regions.Georgia:Ware,87.59863672814757,5.742381716118686,242.22545644731605,15.263882014417376,False
United_States_of_America.regions.Georgia:Washington,21.597634322373697,1.2736567762630313,117.68248830723563,3.194070025198105,False
United_States_of_America.regions.Georgia:Wayne,6.083801122694467,1.981355252606255,20.55980757467291,6.380765337518533,False
United_States_of_America.regions.Georgia:Worth,100.60946271050521,4.264835605453087,508.80008599716905,24.346533362792243,False
United_States_of_America.regions.Idaho:Camas,5.918203688853248,1.981355252606255,68.1364990281958,6.380765337518533,False
United_States_of_America.regions.Idaho:Gem,5.647153167602247,1.981355252606255,41.35165728944056,6.380765337518533,False
United_States_of_America.regions.Idaho:Gooding,5.2225340817963115,1.981355252606255,57.70436453917652,6.380765337518533,False
United_States_of_America.regions.Idaho:Jefferson,4.964514835605454,1.981355252606255,15.964542625475756,6.380765337518533,False
United_States_of_America.regions.Idaho:Jerome,44.74278267842823,0.8005212510024058,189.34186375341662,2.8414168934644377,False
United_States_of_America.regions.Idaho:Latah,4.456696070569366,1.981355252606255,14.962004204644877,6.380765337518533,False
United_States_of_America.regions.Idaho:Minidoka,5.4500801924619084,1.981355252606255,26.95865093079182,6.380765337518533,False
United_States_of_America.regions.Idaho:Nez Perce,39.92642341619888,10.387730553327987,93.65625434118577,24.272475821988674,False
United_States_of_America.regions.Illinois:Adams,18.977546110665603,1.8941459502806737,18.63201759067141,6.2474891056463235,False
United_States_of_America.regions.Illinois:Bureau,4.058740978348035,1.770850040096231,12.490834869582246,5.735597958242991,False
United_States_of_America.regions.Illinois:Christian,17.212309542902968,2.3642742582197274,52.43196845417774,7.099705497167975,False
United_States_of_America.regions.Illinois:Clark,4.146351242983159,1.981355252606255,13.361794102074501,6.380765337518533,False
United_States_of_America.regions.Illinois:Fayette,7.757618283881317,0.5960304731355252,43.23496319028609,1.8400771694230833,False
United_States_of_America.regions.Illinois:Fulton,2.8883319967923016,1.930232558139535,10.389410022740439,6.231893192886268,False
United_States_of_America.regions.Illinois:Greene,4.3398155573376105,1.981355252606255,12.256888742074759,6.380765337518533,False
United_States_of_America.regions.Illinois:Hancock,4.116880513231757,1.981355252606255,28.85188463559911,6.380765337518533,False
United_States_of_America.regions.Illinois:Henry,30.330994386527664,1.981355252606255,53.884942913459135,6.380765337518533,False
United_States_of_America.regions.Illinois:Iroquois,22.411988773055334,1.6876503608660784,85.89419526137593,5.297543047409452,False
United_States_of_America.regions.Illinois:Jackson,34.51583801122694,2.3823175621491584,50.915130194583746,2.0704152197448313,False
United_States_of_America.regions.Illinois:Jefferson,72.83420208500401,9.905372894947876,189.36024662527194,25.365337699317106,False
United_States_of_America.regions.Illinois:Jo Daviess,4.924819566960705,1.981355252606255,26.461998781488724,6.380765337518533,False
United_States_of_America.regions.Illinois:Knox,29.370489174017646,1.981355252606255,50.97638191090257,6.380765337518533,False
United_States_of_America.regions.Illinois:Lee,34.392542101042494,1.810946271050521,98.88068023706818,5.88097362718379,False
United_States_of_America.regions.Illinois:Livingston,9.53989574979952,1.4250200481154773,24.208159750617373,4.820130226177707,False
United_States_of_America.regions.Illinois:Logan,3.204691259021652,1.981355252606255,10.474868844912109,6.380765337518533,False
United_States_of_America.regions.Illinois:Macoupin,23.665597433841217,1.5513231756214916,45.8140811349564,5.423564436070011,False
United_States_of_America.regions.Illinois:Marion,22.34923817161187,1.981355252606255,56.38593150806679,6.380765337518533,False
United_States_of_America.regions.Illinois:Mason,5.332598235765838,1.981355252606255,62.89693810955401,6.380765337518533,False
United_States_of_America.regions.Illinois:McDonough,39.611868484362475,0.7022854851643945,134.48250272396098,2.458917107944513,False
United_States_of_America.regions.Illinois:Mercer,3.367481956696071,1.981355252606255,32.11686209619208,6.380765337518533,False
United_States_of_America.regions.Illinois:Montgomery,15.450882117080996,1.9502806736166802,56.44616408443821,6.2899835305698115,False
United_States_of_America.regions.Illinois:Morgan,9.471531676022455,1.0040096230954292,26.42210190636634,3.4770110160768977,False
United_States_of_America.regions.Illinois:Ogle,95.25862068965516,0.5038091419406576,179.52357107386456,3.4631930952232564,False
United_States_of_America.regions.Illinois:Pike,5.918203688853248,1.981355252606255,18.15790771264831,6.380765337518533,False
United_States_of_America.regions.Illinois:Randolph,123.96491579791498,0.7914995990376905,389.5358255441934,2.6369617582328857,False
United_States_of_America.regions.Illinois:Shelby,4.390336808340016,1.2425821972734563,23.60773263720698,3.3959234995899834,False
United_States_of_America.regions.Illinois:Stephenson,13.24879711307137,1.981355252606255,23.076061623556008,6.380765337518533,False
United_States_of_America.regions.Illinois:Vermilion,10.40737770649559,1.3959502806736166,9.021932644094553,5.60803510185677,False
United_States_of_America.regions.Illinois:Warren,79.95208500400963,1.981355252606255,493.45490483045796,6.380765337518533,False
United_States_of_America.regions.Illinois:Washington,2.4899759422614274,1.981355252606255,12.379990765565708,6.380765337518533,False
United_States_of_America.regions.Illinois:Wayne,1.8461950696677385,1.1580921757770632,23.05339532781795,2.517514933465907,False
United_States_of_America.regions.Illinois:Whiteside,23.11647955092221,0.6331194867682438,32.39752524289193,2.3784093433045994,False
United_States_of_America.regions.Indiana:Greene,66.94186046511628,4.745990376904572,209.09881541399926,14.721817541746706,False
United_States_of_America.regions.Indiana:Jasper,19.868283881315158,0.9857658380112271,57.53466307076163,3.4143467254124964,False
United_States_of_America.regions.Indiana:White,45.17722534081796,1.810946271050521,193.86625435983998,5.6737328026428635,False
United_States_of_America.regions.Iowa:Adair,5.918203688853248,1.981355252606255,16.70917498438592,6.380765337518533,False
United_States_of_America.regions.Iowa:Allamakee,22.765236567762635,0.24318364073777066,194.59382508089453,7.852715404801696,False
United_States_of_America.regions.Iowa:Benton,17.540898155573373,1.0801924619085808,73.09629978507289,3.295568626545562,False
United_States_of_America.regions.Iowa:Boone,7.772654370489174,1.981355252606255,33.71989229748246,6.380765337518533,False
United_States_of_America.regions.Iowa:Buchanan,5.111267040898156,1.981355252606255,34.530364952626684,6.380765337518533,False
United_States_of_America.regions.Iowa:Buena Vista,32.9079791499599,1.981355252606255,180.70826594374748,6.380765337518533,False
United_States_of_America.regions.Iowa:Butler,1.4514835605453087,1.981355252606255,16.386692885269966,6.380765337518533,False
United_States_of_America.regions.Iowa:Calhoun,0.4274353876739563,1.0,11.544132005342972,3.22040448280304,False
United_States_of_America.regions.Iowa:Carroll,5.918203688853248,1.981355252606255,18.57031008482899,6.380765337518533,False
United_States_of_America.regions.Iowa:Cass,3.211694877995164,1.884809848318312,8.566349815297002,6.06985008475561,False
United_States_of_America.regions.Iowa:Cedar,18.350842020850042,1.981355252606255,113.37874715083798,6.380765337518533,False
United_States_of_America.regions.Iowa:Cerro Gordo,7.375300721732159,1.981355252606255,17.431688462956444,6.380765337518533,False
United_States_of_America.regions.Iowa:Cherokee,4.31909212283044,1.315420560747664,53.99210859898765,4.236186270603064,False
United_States_of_America.regions.Iowa:Clay,2.917802726543705,1.981355252606255,11.376484137892403,6.380765337518533,False
United_States_of_America.regions.Iowa:Clayton,4.540898155573376,1.070168404170008,42.03586334370231,2.61102801059638,False
United_States_of_America.regions.Iowa:Clinton,35.39234161988773,1.455092221331195,68.8783753175906,5.247286194579724,False
United_States_of_America.regions.Iowa:Crawford,54.40156375300721,1.0671611868484363,342.2851960644551,2.737438390247573,False
United_States_of_America.regions.Iowa:Delaware,2.919005613472334,1.6655974338412192,23.03302741616665,4.817666827302593,False
United_States_of_America.regions.Iowa:Fayette,2.9570970328789095,1.981355252606255,27.29299472332634,6.380765337518533,False
United_States_of_America.regions.Iowa:Floyd,9.131875414181577,0.1550695825049702,61.55312456835141,3.180046721176358,False
United_States_of_America.regions.Iowa:Franklin,2.9801523656776263,1.981355252606255,22.381894119309326,6.380765337518533,False
United_States_of_America.regions.Iowa:Greene,3.855252606255012,1.981355252606255,79.46792976796117,6.380765337518533,False
United_States_of_America.regions.Iowa:Guthrie,9.024659182036888,1.9372493985565358,126.87263813255375,5.968136896600586,False
United_States_of_America.regions.Iowa:Hamilton,3.285685645549319,1.981355252606255,29.380479678991076,6.380765337518533,False
United_States_of_America.regions.Iowa:Hancock,5.347233360064154,1.981355252606255,17.457834126729967,6.380765337518533,False
United_States_of_America.regions.Iowa:Hardin,1.8233761026463515,1.981355252606255,12.236523924566187,6.380765337518533,False
United_States_of_America.regions.Iowa:Harrison,5.08420208500401,1.981355252606255,55.10468477363428,6.380765337518533,False
United_States_of_America.regions.Iowa:Iowa,9.026864474739376,1.981355252606255,76.24423982890984,6.380765337518533,False
United_States_of_America.regions.Iowa:Jackson,4.3454290296712115,1.981355252606255,13.337750584483636,6.380765337518533,False
United_States_of_America.regions.Iowa:Jasper,78.52125100240578,1.5282678428227747,207.4985586240425,5.021736678203429,False
United_States_of_America.regions.Iowa:Jones,13.891339214113874,1.981355252606255,78.34213654052851,6.380765337518533,False
United_States_of_America.regions.Iowa:Keokuk,4.60344827586207,1.981355252606255,11.63669429521726,6.380765337518533,False
United_States_of_America.regions.Iowa:Kossuth,5.707698476343225,1.981355252606255,16.64561340644281,6.380765337518533,False
United_States_of_America.regions.Iowa:Lyon,5.515437048917402,1.981355252606255,76.07488369659062,6.380765337518533,False
United_States_of_America.regions.Iowa:Madison,2.170208500400962,1.0441058540497192,20.255034767629304,2.6850485217447555,False
United_States_of_America.regions.Iowa:Mahaska,3.534683239775461,1.314755412991179,24.240017029000178,3.575794729548413,False
United_States_of_America.regions.Iowa:Marion,5.38111467522053,1.981355252606255,14.965789740575575,6.380765337518533,False
United_States_of_America.regions.Iowa:Marshall,347.94667201283085,0.9849639133921412,879.108069312588,3.8498619891629393,False
United_States_of_America.regions.Iowa:Monona,3.8674819566960705,1.981355252606255,66.31161404563134,6.380765337518533,False
United_States_of_America.regions.Iowa:O'Brien,3.19747393744988,1.981355252606255,50.631702807067384,6.380765337518533,False
United_States_of_America.regions.Iowa:Page,3.16579791499599,1.981355252606255,14.463928186747232,6.380765337518533,False
United_States_of_America.regions.Iowa:Palo Alto,1.1646063760572545,1.0,21.139334162900923,3.22040448280304,False
United_States_of_America.regions.Iowa:Plymouth,26.776463512429835,1.981355252606255,111.55173013093626,6.380765337518533,False
United_States_of_America.regions.Iowa:Pocahontas,1.7376407244248655,1.0,41.340221504058796,3.2204044828030405,False
United_States_of_America.regions.Iowa:Poweshiek,21.883119486768244,0.7233360064153969,133.36975992832362,2.9818094342109167,False
United_States_of_America.regions.Iowa:Ringgold,1.2857142857142858,1.0,43.484014922883226,3.22040448280304,False
United_States_of_America.regions.Iowa:Sac,4.383697813121272,1.0,52.16173534973757,3.22040448280304,False
United_States_of_America.regions.Iowa:Shelby,3.734562951082599,1.981355252606255,66.209543926176,6.380765337518533,False
United_States_of_America.regions.Iowa:Sioux,3.3570569366479543,1.981355252606255,10.946170854905528,6.380765337518533,False
United_States_of_America.regions.Iowa:Tama,169.21611868484362,3.2554129911788294,1022.780051673544,23.99660297331052,False
United_States_of_America.regions.Iowa:Taylor,5.918203688853248,1.981355252606255,16.73183830655762,6.380765337518533,False
United_States_of_America.regions.Iowa:Washington,88.03067361668003,2.1768243785084205,409.9940996245737,12.321531272929217,False
United_States_of_America.regions.Iowa:Wayne,0.0,1.0,12.305135029695016,3.22040448280304,False
United_States_of_America.regions.Iowa:Webster,3.3209703287890946,1.981355252606255,12.022191284102496,6.380765337518533,False
United_States_of_America.regions.Iowa:Winneshiek,3.0382919005613473,1.981355252606255,18.820676698356355,6.380765337518533,False
United_States_of_America.regions.Iowa:Woodbury,328.4735364875702,1.3568564554931837,303.0803983591365,5.775085027633588,False
United_States_of_America.regions.Iowa:Wright,4.3714915797915,1.981355252606255,7.067060594925169,6.380765337518533,False
United_States_of_America.regions.Kansas:Anderson,0.0,1.0,9.505479966166163,3.2204044828030405,False
United_States_of_America.regions.Kansas:Barton,3.9220128307939053,1.6565757818765035,19.77115613527011,5.120904711700033,False
United_States_of_America.regions.Kansas:Bourbon,4.885725741780273,1.109262229350441,22.626992550758814,2.645537102947881,False
United_States_of_America.regions.Kansas:Brown,2.5064599483204137,1.0,33.44270664559944,3.2204044828030396,False
United_States_of_America.regions.Kansas:Chase,2.3459271168274385,1.6444265809217578,80.76908088044937,5.295718732840904,False
United_States_of_America.regions.Kansas:Chautauqua,4.739775461106657,1.981355252606255,87.09076656894433,6.380765337518533,False
United_States_of_America.regions.Kansas:Cherokee,4.069767441860465,1.981355252606255,15.505480962779206,6.380765337518533,False
United_States_of_America.regions.Kansas:Cheyenne,0.992638731596829,1.0,71.77540777149989,3.2204044828030396,False
United_States_of_America.regions.Kansas:Clark,16.051542513167796,1.2294958615500375,902.4187380198161,3.9594739841235276,False
United_States_of_America.regions.Kansas:Clay,4.17401764234162,1.48616680032077,20.106346144060183,3.640005349956215,False
United_States_of_America.regions.Kansas:Cloud,4.741379310344827,1.981355252606255,22.55568608242145,6.380765337518533,False
United_States_of_America.regions.Kansas:Coffey,37.666599839615074,4.145549318364075,522.8337234783872,67.41721417254625,False
United_States_of_America.regions.Kansas:Comanche,0.0,1.0,55.60312492896166,3.2204044828030396,False
United_States_of_America.regions.Kansas:Crawford,5.115677626303127,1.0040096230954292,16.500255194180905,3.863001337542167,False
United_States_of_America.regions.Kansas:Dickinson,3.5243255706709706,1.831219737145492,9.904864040284535,5.897268250500748,False
United_States_of_America.regions.Kansas:Edwards,2.3508585590369977,1.2743848468755534,142.1394835707007,4.104034673694298,False
United_States_of_America.regions.Kansas:Ellis,4.801724137931035,1.981355252606255,16.736529113354766,6.380765337518533,False
United_States_of_America.regions.Kansas:Ellsworth,0.9517657192075797,1.0,28.76526774282101,3.2204044828030396,False
United_States_of_America.regions.Kansas:Franklin,4.991980753809142,1.981355252606255,19.910219295720903,6.380765337518533,False
United_States_of_America.regions.Kansas:Gove,5.918203688853248,1.981355252606255,22.882789590320492,6.380765337518533,False
United_States_of_America.regions.Kansas:Grant,10.859202884037654,1.1802523532946123,170.83590680621114,3.800889969388807,False
United_States_of_America.regions.Kansas:Gray,9.391271632806621,1.2294958615500375,184.81860200753843,3.9594739841235276,False
United_States_of_America.regions.Kansas:Hamilton,2.8368083400160384,1.981355252606255,270.80682067610337,6.380765337518533,False
United_States_of_America.regions.Kansas:Harper,0.0,1.0,15.175474840228599,3.22040448280304,False
United_States_of_America.regions.Kansas:Harvey,3.4703287890938257,1.981355252606255,11.719716812891257,6.380765337518533,False
United_States_of_America.regions.Kansas:Haskell,10.516942474389285,1.4081954294720254,332.7889928595155,4.534958873734462,False
United_States_of_America.regions.Kansas:Hodgeman,0.0,1.0,52.520955606383126,3.2204044828030396,False
United_States_of_America.regions.Kansas:Jackson,5.557337610264636,1.981355252606255,15.090288925330448,6.380765337518533,False
United_States_of_America.regions.Kansas:Jefferson,3.0583400160384926,1.981355252606255,17.47075691582599,6.380765337518533,False
United_States_of_America.regions.Kansas:Jewell,5.004009623095429,1.981355252606255,110.36265029730949,6.380765337518533,False
United_States_of_America.regions.Kansas:Kearny,21.590432228283674,1.6798153587914393,705.7334673815453,7.947065492241228,False
United_States_of_America.regions.Kansas:Kiowa,1.2998495109104589,1.2294958615500375,69.66866178080804,3.9594739841235276,False
United_States_of_America.regions.Kansas:Labette,13.278869286287092,1.981355252606255,80.67232899772601,6.380765337518533,False
United_States_of_America.regions.Kansas:Lane,0.0,1.0,61.92617532175721,3.2204044828030396,False
United_States_of_America.regions.Kansas:Linn,4.9087810745789895,1.981355252606255,37.51974376132305,6.380765337518533,False
United_States_of_America.regions.Kansas:Lyon,116.18584603047314,1.280673616680032,348.5717673889317,4.26996059003782,False
United_States_of_America.regions.Kansas:Marion,4.3951483560545315,1.2896952686447474,25.45069532994931,2.4124222554143873,False
United_States_of_America.regions.Kansas:McPherson,11.84803528468324,1.981355252606255,43.47014428005634,6.380765337518533,False
United_States_of_America.regions.Kansas:Meade,17.692970158221513,1.1802523532946123,476.69998458950795,3.800889969388807,False
United_States_of_America.regions.Kansas:Miami,4.490777866880514,1.981355252606255,14.680025067099125,6.380765337518533,False
United_States_of_America.regions.Kansas:Mitchell,5.452485966319166,1.981355252606255,19.58984314665945,6.380765337518533,False
United_States_of_America.regions.Kansas:Montgomery,8.637329591018444,0.8105453087409783,26.88074045685646,2.641648008191297,False
United_States_of_America.regions.Kansas:Morris,5.27626303127506,1.981355252606255,22.213944951382704,6.380765337518533,False
United_States_of_America.regions.Kansas:Morton,4.693263833199679,1.981355252606255,95.96339446693158,6.380765337518533,False
United_States_of_America.regions.Kansas:Nemaha,2.2187171398527865,1.0,29.170382597926505,3.2204044828030405,False
United_States_of_America.regions.Kansas:Neosho,5.115276663993584,1.981355252606255,13.504551287805091,6.380765337518533,False
United_States_of_America.regions.Kansas:Ness,0.0,1.0,33.14323188083332,3.22040448280304,False
United_States_of_America.regions.Kansas:Norton,0.9840954274353877,1.0,33.789396439326936,3.22040448280304,False
United_States_of_America.regions.Kansas:Osage,4.660585404971933,1.981355252606255,15.719425695200778,6.380765337518533,False
United_States_of_America.regions.Kansas:Osborne,5.632718524458701,1.981355252606255,37.652827665684605,6.380765337518533,False
United_States_of_America.regions.Kansas:Ottawa,4.829591018444266,1.981355252606255,36.16379483062281,6.380765337518533,False
United_States_of_America.regions.Kansas:Phillips,5.5222534081796315,1.981355252606255,12.616109641446918,6.380765337518533,False
United_States_of_America.regions.Kansas:Pottawatomie,2.464915797914996,1.981355252606255,12.63123804703794,6.380765337518533,False
United_States_of_America.regions.Kansas:Pratt,5.918203688853248,1.981355252606255,17.03496991008178,6.380765337518533,False
United_States_of_America.regions.Kansas:Republic,5.140537289494787,1.981355252606255,63.03751211060378,6.380765337518533,False
United_States_of_America.regions.Kansas:Rice,1.8653122648607976,1.2294958615500375,30.85387999774613,3.9594739841235276,False
United_States_of_America.regions.Kansas:Rooks,4.300521251002406,1.981355252606255,97.39398083728466,6.380765337518533,False
United_States_of_America.regions.Kansas:Saline,11.599639133921412,0.7263432237369688,16.322826918660127,3.235802739494506,False
United_States_of_America.regions.Kansas:Scott,2.9454691259021653,1.981355252606255,62.1446425019112,6.380765337518533,False
United_States_of_America.regions.Kansas:Seward,539.5733761026464,1.7317562149157977,2528.082634509102,5.215938766254499,False
United_States_of_America.regions.Kansas:Sheridan,2.4373881932021466,1.4934406678592727,67.51346247237358,4.809483021574367,False
United_States_of_America.regions.Kansas:Sherman,2.6004823151125405,1.6444265809217578,70.763745516997,5.295718732840904,False
United_States_of_America.regions.Kansas:Smith,3.487893462469734,1.7736077481840196,40.628147735159324,5.711734342986021,False
United_States_of_America.regions.Kansas:Stafford,5.918203688853248,1.981355252606255,16.903605812147696,6.380765337518533,False
United_States_of_America.regions.Kansas:Stanton,3.5720730172052035,1.9347461183382293,310.8574521090169,6.230665072582213,False
United_States_of_America.regions.Kansas:Stevens,2.001002405773857,1.981355252606255,129.22000942130828,6.380765337518533,False
United_States_of_America.regions.Kansas:Trego,0.0,1.0,32.4556568800225,3.2204044828030396,False
United_States_of_America.regions.Kansas:Wabaunsee,12.772654370489173,1.981355252606255,261.818956327291,6.380765337518533,False
United_States_of_America.regions.Kansas:Wilson,2.9595391211146844,1.6444265809217578,9.452750933940985,5.295718732840904,False
United_States_of_America.regions.Kentucky:Breckinridge,2.7502004811547716,1.981355252606255,15.623742168613152,6.380765337518533,False
United_States_of_America.regions.Kentucky:Christian,57.668805132317566,0.7574178027265437,69.43893532426108,3.553478385607307,False
United_States_of_America.regions.Kentucky:Hopkins,145.62530072173217,14.892141138732958,319.10547288961425,31.435713230377097,False
United_States_of_America.regions.Kentucky:Logan,3.193664795509222,1.8520449077786687,10.57006086292249,5.903640605662633,False
United_States_of_America.regions.Kentucky:Ohio,61.0737770649559,1.981355252606255,261.0913483256351,6.380765337518533,False
United_States_of_America.regions.Kentucky:Pike,7.446872493985567,0.7473937449879712,7.661271272105607,3.30610434514772,False
United_States_of_America.regions.Kentucky:Pulaski,23.824378508420207,0.6391339214113874,25.30423146113469,3.914050195091357,False
United_States_of_America.regions.Louisiana:Acadia,100.67040898155572,4.466319165998397,151.15312912813815,4.3291601168691765,False
United_States_of_America.regions.Louisiana:Allen,67.65116279069768,5.758420208500401,268.70028099097556,23.781790492221123,False
United_States_of_America.regions.Louisiana:Avoyelles,53.53267842822775,2.4434643143544506,128.31855259750668,5.073845279079274,False
United_States_of_America.regions.Louisiana:Bienville,44.958901363271856,6.125300721732157,369.5120294656048,54.69028039515653,False
United_States_of_America.regions.Louisiana:Caldwell,23.662189254210105,1.981355252606255,286.0528397401903,6.380765337518533,False
United_States_of_America.regions.Louisiana:Catahoula,15.201483560545311,0.5942261427425822,210.7065480077817,8.286636928743256,False
United_States_of_America.regions.Louisiana:Claiborne,36.778067361668,2.6018444266238974,256.5736238014435,22.324975408212104,False
United_States_of_America.regions.Louisiana:Concordia,26.66479550922213,1.2000801924619084,152.09619825841585,10.086263435699692,False
United_States_of_America.regions.Louisiana:De Soto,132.4256214915798,5.9819566960705695,485.10807146426754,22.591615136256546,False
United_States_of_America.regions.Louisiana:Evangeline,31.887129109863675,1.810946271050521,93.92161232460354,5.870482416255668,False
United_States_of_America.regions.Louisiana:Franklin,101.37690457097031,0.6621892542101043,518.7903248223442,6.47601154837335,False
United_States_of_America.regions.Louisiana:Grant,5.439053728949479,1.981355252606255,29.421782460614043,6.380765337518533,False
United_States_of_America.regions.Louisiana:Iberville,264.5679631114675,15.779470729751404,812.7851014557572,48.27076465739592,False
United_States_of_America.regions.Louisiana:Jackson,18.402365677626303,1.0982357658380113,138.54737296212411,5.918223475325689,False
United_States_of_America.regions.Louisiana:Jefferson Davis,44.8616680032077,2.766238973536488,142.79400703975736,8.762685029909697,False
United_States_of_America.regions.Louisiana:LaSalle,11.518444266238973,1.981355252606255,101.52294921111618,6.380765337518533,False
United_States_of_America.regions.Louisiana:Madison,2.9841619887730553,1.981355252606255,26.532831555453587,6.380765337518533,False
United_States_of_America.regions.Louisiana:Morehouse,33.71752205292703,1.342822774659182,141.08685479016555,6.753029903302974,False
United_States_of_America.regions.Louisiana:Plaquemines,128.70168404170008,9.45429029671211,562.364667952546,42.82186486543185,False
United_States_of_America.regions.Louisiana:Pointe Coupee,73.29871692060946,8.369687249398558,346.8734648401863,40.942168124115994,False
United_States_of_America.regions.Louisiana:Richland,33.87530072173216,1.9372493985565358,180.45144961131803,6.161573139676771,False
United_States_of_America.regions.Louisiana:Sabine,7.7137129109863665,1.455092221331195,36.80057911768283,4.177352880329368,False
United_States_of_America.regions.Louisiana:St. Landry,111.56114675220529,18.821772253408184,122.0032862553154,19.514862400457854,False
United_States_of_America.regions.Louisiana:St. Martin,177.36206896551724,10.092822774659181,322.6502048827866,16.264529525073115,False
United_States_of_America.regions.Louisiana:Tensas,2.8708901363271853,1.981355252606255,84.98309198438102,6.380765337518533,False
United_States_of_America.regions.Louisiana:Union,84.11126704089816,3.2534081796311147,389.46959401342974,17.003269198600847,False
United_States_of_America.regions.Louisiana:Washington,151.7199278267843,7.33019246190858,321.1563881286793,14.046760327184943,False
United_States_of_America.regions.Louisiana:Webster,57.8237770649559,1.1503608660785887,146.60494205490258,1.9256989543634802,False
United_States_of_America.regions.Louisiana:Winn,17.145148356054534,0.7714514835605454,150.78842274424304,7.136363730986755,False
United_States_of_America.regions.Maine:Waldo,30.611267040898156,6.0842020850040095,72.22994665950253,14.130059790483873,False
United_States_of_America.regions.Maryland:Dorchester,51.66700080192462,0.6120689655172413,161.21153096788933,2.065098011616346,False
United_States_of_America.regions.Maryland:Garrett,5.076383319967923,1.981355252606255,16.33208963059164,6.380765337518533,False
United_States_of_America.regions.Massachusetts:Franklin,154.9151964715317,21.5112269446672,208.3771489947722,27.317505424795122,False
United_States_of_America.regions.Michigan:Alcona,1.9055690072639226,0.9261501210653754,38.91588054507626,3.442961777336107,False
United_States_of_America.regions.Michigan:Alpena,72.44286287089014,4.927425821972735,257.1117724486426,17.92443931382445,False
United_States_of_America.regions.Michigan:Baraga,3.2086037927962328,1.7114674812269313,9.861261940144503,5.511617548714837,False
United_States_of_America.regions.Michigan:Cheboygan,9.277666399358461,1.0100240577385726,40.416553856074245,3.105886057114061,False
United_States_of_America.regions.Michigan:Clare,2.9661186848436247,1.1994787489975942,9.580556499749296,3.85867887776441,False
United_States_of_America.regions.Michigan:Crawford,31.662991178829195,0.9017642341619888,252.7308849769659,13.593779659348188,False
United_States_of_America.regions.Michigan:Dickinson,4.549919807538092,0.7622293504410586,13.674579568167061,2.721009245908139,False
United_States_of_America.regions.Michigan:Gogebic,4.958901363271853,0.981355252606255,16.0045378122478,2.7590386553056603,False
United_States_of_America.regions.Michigan:Gratiot,7.360665597433842,0.933841218925421,12.993146726790958,3.8077162017055244,False
United_States_of_America.regions.Michigan:Hillsdale,89.87169206094627,10.363472333600642,189.9649229131288,20.817229763322253,False
United_States_of_America.regions.Michigan:Houghton,5.515236567762631,1.981355252606255,18.14915020424581,6.380765337518533,False
United_States_of_America.regions.Michigan:Huron,8.625300721732158,1.631515637530072,27.891672656772386,5.251928257764849,False
United_States_of_America.regions.Michigan:Iosco,21.325180433039296,1.7117080994386527,90.12311745437798,8.221521435035829,False
United_States_of_America.regions.Michigan:Kalkaska,8.798115477145148,0.7534081796311147,60.981727569316064,4.25695769841511,False
United_States_of_America.regions.Michigan:Lake,5.008821170809944,1.981355252606255,11.436163161781565,6.380765337518533,False
United_States_of_America.regions.Michigan:Luce,5.874097834803529,1.981355252606255,16.021039693022605,6.380765337518533,False
United_States_of_America.regions.Michigan:Mackinac,4.486567762630313,1.981355252606255,28.738082809373665,6.380765337518533,False
United_States_of_America.regions.Michigan:Manistee,5.510224538893344,1.981355252606255,22.429516749110466,6.380765337518533,False
United_States_of_America.regions.Michigan:Mecosta,6.570769847634324,0.7708500400962309,15.231446988266756,3.594984810259141,False
United_States_of_America.regions.Michigan:Menominee,3.554530874097835,1.981355252606255,11.873263854991718,6.380765337518533,False
United_States_of_America.regions.Michigan:Missaukee,4.139935846030474,0.9857658380112271,45.09753060606692,2.6456894717279655,False
United_States_of_America.regions.Michigan:Montcalm,10.334803528468326,1.3408179631114676,10.573331083725577,5.378171283087674,False
United_States_of_America.regions.Michigan:Montmorency,4.073642558804133,1.884809848318312,34.687965540830504,6.06985008475561,False
United_States_of_America.regions.Michigan:Newaygo,6.15757818765036,1.981355252606255,5.8573273769113925,6.380765337518533,False
United_States_of_America.regions.Michigan:Ogemaw,3.326984763432238,1.981355252606255,21.129047699999493,6.380765337518533,False
United_States_of_America.regions.Michigan:Osceola,4.1010425020048125,1.981355252606255,15.602946474734994,6.380765337518533,False
United_States_of_America.regions.Michigan:Oscoda,4.6146752205292705,1.7497995188452287,32.56581674966506,4.987512776086621,False
United_States_of_America.regions.Michigan:Otsego,44.19406575781877,2.181836407377707,184.92128895164961,10.197708867919003,False
United_States_of_America.regions.Michigan:Presque Isle,5.242582197273457,1.981355252606255,53.86903460772169,6.380765337518533,False
United_States_of_America.regions.Michigan:Roscommon,4.414595028067361,1.981355252606255,22.365808386344185,6.380765337518533,False
United_States_of_America.regions.Michigan:Sanilac,22.896752205292703,1.5282678428227747,50.15367906043741,2.279767081354496,False
United_States_of_America.regions.Michigan:Tuscola,56.55372894947876,7.445469125902165,99.25568860478369,11.826678417664189,False
United_States_of_America.regions.Michigan:Wexford,3.8031275060144343,0.9328388131515637,12.605469301732459,3.2630571532400663,False
United_States_of_America.regions.Minnesota:Blue Earth,13.75481154771452,1.981355252606255,13.297696625938059,6.380765337518533,False
United_States_of_America.regions.Minnesota:Brown,4.506415396952687,1.0441058540497192,17.79800964641631,3.1806592806480407,False
United_States_of_America.regions.Minnesota:Carlton,42.51383319967923,1.981355252606255,115.52941707674809,6.380765337518533,False
United_States_of_America.regions.Minnesota:Chippewa,17.902285263987395,1.4081954294720254,167.90739920660445,4.534958873734462,False
United_States_of_America.regions.Minnesota:Clay,67.86467522052926,2.832397754611067,94.19613619116008,3.9339901519968685,False
United_States_of_America.regions.Minnesota:Clearwater,5.800721732157178,1.981355252606255,18.65695283382541,6.380765337518533,False
United_States_of_America.regions.Minnesota:Cottonwood,14.24839615076183,1.981355252606255,166.7756040448276,6.380765337518533,False
United_States_of_America.regions.Minnesota:Crow Wing,13.192461908580594,1.3678829190056134,16.82725854194996,5.4377596752317885,False
United_States_of_America.regions.Minnesota:Douglas,2.1351242983159584,1.981355252606255,8.548199131349847,6.380765337518533,False
United_States_of_America.regions.Minnesota:Faribault,3.8552526062550125,1.981355252606255,15.962206379779495,6.380765337518533,False
United_States_of_America.regions.Minnesota:Fillmore,5.57738572574178,1.5854049719326384,28.683687634370347,4.501284250160976,False
United_States_of_America.regions.Minnesota:Freeborn,28.712910986367284,1.981355252606255,95.3888090539859,6.380765337518533,False
United_States_of_America.regions.Minnesota:Goodhue,11.022253408179632,1.981355252606255,19.37160052748493,6.380765337518533,False
United_States_of_America.regions.Minnesota:Grant,0.9185878962536024,1.0,28.905983599139397,3.220404482803041,False
United_States_of_America.regions.Minnesota:Houston,5.455092221331196,1.981355252606255,15.963183273841977,6.380765337518533,False
United_States_of_America.regions.Minnesota:Hubbard,0.0,1.0,1.4327061216360277,3.22040448280304,False
United_States_of_America.regions.Minnesota:Jackson,1.3101443464314355,1.981355252606255,34.82139273835069,6.380765337518533,False
United_States_of_America.regions.Minnesota:Kanabec,7.90258449304175,0.5725646123260438,51.27298165321797,3.0837388117393925,False
United_States_of_America.regions.Minnesota:Kandiyohi,69.75240577385726,1.5513231756214916,155.75412116482462,5.385297671635612,False
United_States_of_America.regions.Minnesota:Kittson,2.6902979805112275,1.5719531139669543,13.598761743273144,5.062324854975376,False
United_States_of_America.regions.Minnesota:Lac qui Parle,5.830994386527667,1.981355252606255,15.403157666696238,6.380765337518533,False
United_States_of_America.regions.Minnesota:Lincoln,5.144346431435445,1.981355252606255,22.217541964324564,6.380765337518533,False
United_States_of_America.regions.Minnesota:Lyon,2.938051323175622,1.981355252606255,15.727323706791415,6.380765337518533,False
United_States_of_America.regions.Minnesota:Mahnomen,5.5222534081796315,1.810946271050521,12.256089557973462,6.171259612981481,False
United_States_of_America.regions.Minnesota:Martin,30.340016038492376,1.6375300721732158,167.0119526279888,11.771629354703604,False
United_States_of_America.regions.Minnesota:Meeker,3.8763031275060142,1.981355252606255,24.20455282583292,6.380765337518533,False
United_States_of_America.regions.Minnesota:Mille Lacs,3.87297950871834,0.7263586610665648,17.201943410891623,2.3585340052947448,False
United_States_of_America.regions.Minnesota:Mower,16.321972734562948,1.981355252606255,35.743888452921496,6.380765337518533,False
United_States_of_America.regions.Minnesota:Murray,12.657377706495591,1.981355252606255,216.62199411828078,6.380765337518533,False
United_States_of_America.regions.Minnesota:Nobles,1023.989574979952,0.5368885324779471,4744.042554798785,1.6882128363403257,False
United_States_of_America.regions.Minnesota:Norman,5.146489104116223,1.7736077481840196,135.44725619000027,5.711734342986021,False
United_States_of_America.regions.Minnesota:Pennington,0.4005340453938585,1.315420560747664,7.967736461422629,4.236186270603064,False
United_States_of_America.regions.Minnesota:Pope,4.417061611374408,1.0,44.935534812906866,3.2204044828030405,False
United_States_of_America.regions.Minnesota:Redwood,4.714314354450682,1.981355252606255,12.534604822144315,6.380765337518533,False
United_States_of_America.regions.Minnesota:Renville,4.853648757016841,1.981355252606255,12.56169341810634,6.380765337518533,False
United_States_of_America.regions.Minnesota:Sibley,5.444065757818765,1.981355252606255,14.883709188054793,6.380765337518533,False
United_States_of_America.regions.Minnesota:Swift,1.8083400160384924,1.981355252606255,37.973113326667175,6.380765337518533,False
United_States_of_America.regions.Minnesota:Todd,49.81556861099454,1.9347461183382293,207.2071308421871,6.230665072582213,False
United_States_of_America.regions.Minnesota:Traverse,5.387530072173216,1.981355252606255,46.74786529020514,6.380765337518533,False
United_States_of_America.regions.Minnesota:Wabasha,4.213111467522054,1.981355252606255,17.365754307122636,6.380765337518533,False
United_States_of_America.regions.Minnesota:Wadena,3.4726603575184023,1.0,30.050083878408454,3.2204044828030405,False
United_States_of_America.regions.Minnesota:Wilkin,4.615076182838813,0.44566960705693665,128.8743973466345,30.17254029588925,False
United_States_of_America.regions.Minnesota:Winona,46.3813151563753,8.673416198877307,83.29763765622722,14.937205248995564,False
United_States_of_America.regions.Minnesota:Yellow Medicine,5.246591820368885,1.981355252606255,17.680945793845208,6.380765337518533,False
United_States_of_America.regions.Mississippi:Amite,16.528267842822775,1.675821972734563,168.38881004212664,6.8975002586931256,False
United_States_of_America.regions.Mississippi:Attala,46.71692060946271,1.8500400962309544,272.84067110487945,5.77673535287783,False
United_States_of_America.regions.Mississippi:Bolivar,62.69707297514034,2.6309141940657574,205.01350950513208,8.669418475843942,False
United_States_of_America.regions.Mississippi:Calhoun,32.480352846832396,0.7343624699278267,252.06468815799016,10.896772696104826,False
United_States_of_America.regions.Mississippi:Carroll,39.82497995188452,0.6822373696872495,447.6430110887349,11.259068746545795,False
United_States_of_America.regions.Mississippi:Chickasaw,39.52165196471532,2.1878508420208505,249.251052140801,17.608725869043283,False
United_States_of_America.regions.Mississippi:Clarke,38.20689655172414,1.442060946271051,268.0822114666037,15.173255713370244,False
United_States_of_America.regions.Mississippi:Coahoma,35.61267040898156,0.5499198075380913,169.95921400427054,1.9272882496209705,False
United_States_of_America.regions.Mississippi:Copiah,23.86507618283881,1.5854049719326384,87.40624366353896,4.969932340284909,False
United_States_of_America.regions.Mississippi:Franklin,6.157778668805133,1.6565757818765035,135.9455220961431,4.3160438079646095,False
United_States_of_America.regions.Mississippi:Greene,4.0757818765036085,1.1603849238171613,20.05939694900618,2.637019478774939,False
United_States_of_America.regions.Mississippi:Holmes,59.96752205292703,1.8470328789093824,370.9347289302371,15.973494138041264,False
United_States_of_America.regions.Mississippi:Itawamba,20.60765838011227,0.9969927826784282,95.40276654130538,3.310121715117498,False
United_States_of_America.regions.Mississippi:Jasper,45.150360866078586,0.6421411387329591,295.5412813956336,2.8484355744747023,False
United_States_of_America.regions.Mississippi:Jones,62.00380914194066,1.6876503608660784,79.11537222036678,5.949467954717017,False
United_States_of_America.regions.Mississippi:Kemper,38.55553327987169,1.2095028067361668,444.5008872925202,15.46966023294357,False
United_States_of_America.regions.Mississippi:Lafayette,48.623295910184446,0.3153568564554932,80.55111583400486,2.480514292377806,False
United_States_of_America.regions.Mississippi:Lauderdale,268.3394145950281,17.381315156375297,349.06307255108976,19.9998172271482,False
United_States_of_America.regions.Mississippi:Leake,94.44306335204492,1.1222935044105853,422.56069396798927,2.8589016055619334,False
United_States_of_America.regions.Mississippi:Leflore,49.85966319165999,3.9470729751403373,179.181987667281,14.549157206597451,False
United_States_of_America.regions.Mississippi:Lincoln,85.71531676022454,4.231756214915798,248.95415644508668,11.927064023140685,False
United_States_of_America.regions.Mississippi:Marion,39.11387329591019,1.930232558139535,165.04845375065418,8.680195657808587,False
United_States_of_America.regions.Mississippi:Marshall,26.84743384121893,0.6481555733761026,73.3936253988415,2.4846278312891714,False
United_States_of_America.regions.Mississippi:Monroe,53.349037690457095,2.535685645549319,148.695321670255,6.847108951484163,False
United_States_of_America.regions.Mississippi:Neshoba,135.19867682437854,2.3652766639935847,465.79284530007277,8.47029257055379,False
United_States_of_America.regions.Mississippi:Newton,42.29651162790698,1.981355252606255,211.87566869339804,6.380765337518533,False
United_States_of_America.regions.Mississippi:Noxubee,33.30693664795509,1.6836407377706495,363.86957629313764,5.18643213110128,False
United_States_of_America.regions.Mississippi:Panola,22.267642341619887,0.6341218925421009,63.08189266371184,2.33680548998528,False
United_States_of_America.regions.Mississippi:Pearl River,75.96611868484364,4.383119486768244,126.99263499771773,5.955053723543721,False
United_States_of_America.regions.Mississippi:Perry,11.463512429831598,1.0441058540497192,131.24698788781527,2.888091398453488,False
United_States_of_America.regions.Mississippi:Scott,131.65597433841222,1.981355252606255,470.4462935051337,6.380765337518533,False
United_States_of_America.regions.Mississippi:Simpson,18.092421812349638,1.981355252606255,71.540923066586,6.380765337518533,False
United_States_of_America.regions.Mississippi:Smith,34.52185244587009,0.6511627906976745,238.0878648845429,7.589146455992669,False
United_States_of_America.regions.Mississippi:Sunflower,35.601844426623906,0.5108259823576584,147.05570377043205,1.8918079190411503,False
United_States_of_America.regions.Mississippi:Tallahatchie,3.3833199679230157,1.314755412991179,36.161953081944255,2.509937285759599,False
United_States_of_America.regions.Mississippi:Warren,50.19085805934242,0.7103047313552526,103.5910456730869,3.268021094844856,False
United_States_of_America.regions.Mississippi:Washington,54.4312349639134,0.5860064153969526,117.44841163913719,2.044086800162843,False
United_States_of_America.regions.Mississippi:Wayne,14.33540497193264,1.981355252606255,83.02509289176365,6.380765337518533,False
United_States_of_America.regions.Mississippi:Wilkinson,43.23255813953489,2.6168805132317563,558.8418121123871,46.42147656532789,False
United_States_of_America.regions.Mississippi:Winston,20.216920609462708,1.981355252606255,128.84909765323664,6.380765337518533,False
United_States_of_America.regions.Mississippi:Yazoo,73.3961507618284,1.0942261427425821,248.2303684164979,3.48194177245304,False
United_States_of_America.regions.Missouri:Adair,6.260625501202886,1.981355252606255,25.122766980511948,6.380765337518533,False
United_States_of_America.regions.Missouri:Atchison,5.458099438652767,1.981355252606255,19.952686456934313,6.380765337518533,False
United_States_of_America.regions.Missouri:Audrain,6.483303518187238,1.4934406678592727,27.11968802620441,4.809483021574367,False
United_States_of_America.regions.Missouri:Barry,4.134923817161187,1.981355252606255,13.832532142594706,6.380765337518533,False
United_States_of_America.regions.Missouri:Bates,4.425621491579792,1.2656375300721732,17.583113424764036,2.7273707288616893,False
United_States_of_America.regions.Missouri:Benton,3.275862068965518,1.981355252606255,10.609648272342293,6.380765337518533,False
United_States_of_America.regions.Missouri:Bollinger,4.601042502004812,1.981355252606255,14.712009462498436,6.380765337518533,False
United_States_of_America.regions.Missouri:Butler,16.711507618283882,1.981355252606255,34.08084351763931,6.380765337518533,False
United_States_of_America.regions.Missouri:Callaway,13.325180433039295,1.0942261427425821,25.81295596949649,4.398043772438694,False
United_States_of_America.regions.Missouri:Camden,23.461307137129108,1.0040096230954292,43.376059006225205,4.270095583688869,False
United_States_of_America.regions.Missouri:Carroll,2.6209948663480263,1.2743848468755534,48.955485724888696,4.104034673694298,False
United_States_of_America.regions.Missouri:Chariton,4.694065757818765,1.981355252606255,39.49345698011403,6.380765337518533,False
United_States_of_America.regions.Missouri:Cooper,2.987169206094627,1.981355252606255,14.162252991341417,6.380765337518533,False
United_States_of_America.regions.Missouri:Crawford,3.9384522854851647,1.981355252606255,14.64082033481642,6.380765337518533,False
United_States_of_America.regions.Missouri:Dallas,5.585204490777867,1.981355252606255,16.567192276843805,6.380765337518533,False
United_States_of_America.regions.Missouri:Daviess,3.023002421307506,1.7736077481840196,20.6472023196964,5.711734342986021,False
United_States_of_America.regions.Missouri:Dent,0.0,1.0,3.200965837623338,3.22040448280304,False
United_States_of_America.regions.Missouri:Dunklin,8.696872493985564,0.7554129911788293,31.323538636640755,2.356738781949267,False
United_States_of_America.regions.Missouri:Gasconade,5.592822774659183,1.981355252606255,16.82682714887734,6.380765337518533,False
United_States_of_America.regions.Missouri:Harrison,4.961708099438653,1.981355252606255,47.708960224876826,6.380765337518533,False
United_States_of_America.regions.Missouri:Henry,3.3811146752205294,1.1253007217321573,7.717155556565021,3.195318854042202,False
United_States_of_America.regions.Missouri:Howell,5.014033680834002,1.981355252606255,16.3522005363997,6.380765337518533,False
United_States_of_America.regions.Missouri:Iron,5.593424218123497,1.981355252606255,16.333056457681376,6.380765337518533,False
United_States_of_America.regions.Missouri:Johnson,37.11708099438653,1.981355252606255,59.2222527382662,6.380765337518533,False
United_States_of_America.regions.Missouri:Laclede,1.9399707174231333,1.0,5.0193698500107775,3.2204044828030405,False
United_States_of_America.regions.Missouri:Lafayette,24.783279871692066,1.0170408981555734,74.64618331074423,3.432513061467777,False
United_States_of_America.regions.Missouri:Lawrence,5.699685534591194,1.0,14.302118102645416,3.22040448280304,False
United_States_of_America.regions.Missouri:Lincoln,33.01904570970329,1.0671611868484363,45.39592752939669,4.831625206093562,False
United_States_of_America.regions.Missouri:Linn,5.027465918203689,1.0441058540497192,23.806684321205186,2.8934890916216824,False
United_States_of_America.regions.Missouri:Livingston,5.14635124298316,1.981355252606255,13.477942478762937,6.380765337518533,False
United_States_of_America.regions.Missouri:Macon,5.606856455493184,1.981355252606255,16.50168305543478,6.380765337518533,False
United_States_of_America.regions.Missouri:Maries,5.585204490777868,1.981355252606255,16.227980697736477,6.380765337518533,False
United_States_of_America.regions.Missouri:McDonald,4.936848436246993,1.981355252606255,15.655484892999242,6.380765337518533,False
United_States_of_America.regions.Missouri:Miller,2.38861985472155,1.7736077481840196,7.617908813321757,5.711734342986021,False
United_States_of_America.regions.Missouri:Montgomery,4.610064153969527,1.981355252606255,34.317742874947825,6.380765337518533,False
United_States_of_America.regions.Missouri:Morgan,3.519446672012831,1.981355252606255,7.826804333172282,6.380765337518533,False
United_States_of_America.regions.Missouri:New Madrid,4.931836407377706,1.981355252606255,36.51477222150355,6.380765337518533,False
United_States_of_America.regions.Missouri:Newton,4.928628708901364,1.3959502806736166,14.78466932817716,5.37553666121412,False
United_States_of_America.regions.Missouri:Nodaway,4.235966319165999,1.981355252606255,12.451928390699912,6.380765337518533,False
United_States_of_America.regions.Missouri:Oregon,5.303728949478749,1.981355252606255,13.590922007271807,6.380765337518533,False
United_States_of_America.regions.Missouri:Osage,4.8524458700882125,1.981355252606255,19.665982605059966,6.380765337518533,False
United_States_of_America.regions.Missouri:Pemiscot,12.100040096230956,1.1964715316760226,98.05113808994764,3.8250946531247463,False
United_States_of_America.regions.Missouri:Pettis,21.273055332798716,1.981355252606255,44.36647156400789,6.380765337518533,False
United_States_of_America.regions.Missouri:Phelps,5.344827586206897,1.981355252606255,18.473381322445135,6.380765337518533,False
United_States_of_America.regions.Missouri:Pike,4.069767441860465,1.9372493985565358,26.801673288046118,6.139776079242284,False
United_States_of_America.regions.Missouri:Polk,5.707698476343225,1.981355252606255,18.51411754585166,6.380765337518533,False
United_States_of_America.regions.Missouri:Ray,4.570970328789094,1.981355252606255,20.286078050399993,6.380765337518533,False
United_States_of_America.regions.Missouri:Reynolds,5.6371291098636735,1.981355252606255,19.38665342737732,6.380765337518533,False
United_States_of_America.regions.Missouri:Ripley,4.365677626303127,1.981355252606255,16.464126619711607,6.380765337518533,False
United_States_of_America.regions.Missouri:Saline,157.5715717722534,1.981355252606255,700.4031369504753,6.380765337518533,False
United_States_of_America.regions.Missouri:St. Clair,5.596030473135525,1.981355252606255,16.342076828253663,6.380765337518533,False
United_States_of_America.regions.Missouri:Ste. Genevieve,4.57457898957498,1.0100240577385726,23.874099924247407,2.7803081724917016,False
United_States_of_America.regions.Missouri:Stoddard,10.103648757016842,1.981355252606255,36.366072290418515,6.380765337518533,False
United_States_of_America.regions.Missouri:Sullivan,25.610062893081764,1.0,433.7982010859563,3.22040448280304,False
United_States_of_America.regions.Missouri:Taney,4.212109061748196,0.9318364073777066,13.072100512314412,4.504211830816079,False
United_States_of_America.regions.Missouri:Vernon,4.651563753007218,1.981355252606255,14.166471112601396,6.380765337518533,False
United_States_of_America.regions.Missouri:Washington,4.503809141940658,1.1423416198877305,17.977224897104612,3.4056450631334463,False
United_States_of_America.regions.Missouri:Webster,6.069767441860465,1.981355252606255,14.51208858412686,6.380765337518533,False
United_States_of_America.regions.Missouri:Wright,4.838612670408982,1.981355252606255,27.896955864930213,6.380765337518533,False
United_States_of_America.regions.Montana:Deer Lodge,5.359262229350441,1.981355252606255,19.95721580141025,6.380765337518533,False
United_States_of_America.regions.Montana:Silver Bow,5.468123496391339,1.981355252606255,15.800395203468984,6.380765337518533,False
United_States_of_America.regions.Nebraska:Adams,70.56335204490779,1.2756615878107458,224.77160739659146,4.130681911840156,False
United_States_of_America.regions.Nebraska:Antelope,3.9163993584603047,1.981355252606255,25.383404665086687,6.380765337518533,False
United_States_of_America.regions.Nebraska:Boone,1.748923341946598,1.0,49.72496034667689,3.2204044828030396,False
United_States_of_America.regions.Nebraska:Box Butte,5.874097834803529,1.981355252606255,16.948506689634865,6.380765337518533,False
United_States_of_America.regions.Nebraska:Buffalo,50.056335204490786,1.0551323175621492,92.46277701367718,4.515599033235109,False
United_States_of_America.regions.Nebraska:Butler,18.964362272240084,1.6444265809217578,273.2254962538842,5.295718732840904,False
United_States_of_America.regions.Nebraska:Cass,4.621090617481957,1.981355252606255,14.050841025175783,6.380765337518533,False
United_States_of_America.regions.Nebraska:Cedar,4.516886930983848,1.0,64.77835702018147,3.2204044828030405,False
United_States_of_America.regions.Nebraska:Chase,0.0,1.0,22.263795313323364,3.22040448280304,False
United_States_of_America.regions.Nebraska:Clay,7.160384923817161,1.981355252606255,204.68477432772087,6.380765337518533,False
United_States_of_America.regions.Nebraska:Cuming,1.79831595829992,1.981355252606255,62.72677114476392,6.380765337518533,False
United_States_of_America.regions.Nebraska:Dawson,218.90838011226944,1.6365276663993584,934.8156644505821,5.4518819955080025,False
United_States_of_America.regions.Nebraska:Fillmore,1.7029562754469818,1.2743848468755534,57.14787585757297,4.104034673694298,False
United_States_of_America.regions.Nebraska:Franklin,4.620489174017642,1.981355252606255,134.96268657386267,6.380765337518533,False
United_States_of_America.regions.Nebraska:Frontier,0.0,1.0,34.8458307665308,3.2204044828030396,False
United_States_of_America.regions.Nebraska:Furnas,2.166925575483689,1.5719531139669543,88.1889687601929,5.062324854975376,False
United_States_of_America.regions.Nebraska:Gage,27.701483560545306,0.5072173215717722,138.64508380264357,4.886405931822581,False
United_States_of_America.regions.Nebraska:Greeley,1.265989465763732,1.2294958615500375,82.14836394191535,3.9594739841235276,False
United_States_of_America.regions.Nebraska:Hamilton,34.41098636728148,4.367080994386527,420.976592435524,60.01217832516467,False
United_States_of_America.regions.Nebraska:Harlan,0.0,1.0,26.365394333765003,3.2204044828030396,False
United_States_of_America.regions.Nebraska:Hitchcock,0.0,1.0,32.98524359829761,3.22040448280304,False
United_States_of_America.regions.Nebraska:Howard,22.32976963217513,1.421280386916126,398.21344258672826,7.210573130337728,False
United_States_of_America.regions.Nebraska:Jefferson,3.8645500228414793,1.0662402923709455,70.75664631734621,3.433725017296617,False
United_States_of_America.regions.Nebraska:Keith,0.9185878962536024,1.0,20.660450586323204,3.220404482803041,False
United_States_of_America.regions.Nebraska:Kimball,5.803327987169207,1.981355252606255,245.5715779883944,6.380765337518533,False
United_States_of_America.regions.Nebraska:Knox,5.935445068163593,1.981355252606255,20.479709022526656,6.380765337518533,False
United_States_of_America.regions.Nebraska:Madison,54.60404971932638,0.357457898957498,153.0194789182842,1.502528825117494,False
United_States_of_America.regions.Nebraska:Nuckolls,0.0,1.0,20.887599374477578,3.2204044828030396,False
United_States_of_America.regions.Nebraska:Otoe,4.913793103448277,1.981355252606255,11.935922442249815,6.380765337518533,False
United_States_of_America.regions.Nebraska:Phelps,2.3686848436246994,1.981355252606255,59.59297062914571,6.380765337518533,False
United_States_of_America.regions.Nebraska:Pierce,5.79691259021652,1.981355252606255,15.012396632507008,6.380765337518533,False
United_States_of_America.regions.Nebraska:Platte,101.306134723336,1.981355252606255,301.07608630136116,6.380765337518533,False
United_States_of_America.regions.Nebraska:Red Willow,2.644694533762058,1.6444265809217578,27.619011080052616,5.295718732840904,False
United_States_of_America.regions.Nebraska:Richardson,0.0,1.0,9.494153686300585,3.2204044828030396,False
United_States_of_America.regions.Nebraska:Saline,316.6572515563754,1.3746829605718238,2245.5507268397473,2.8643643829112624,False
United_States_of_America.regions.Nebraska:Saunders,3.4204089815557346,1.981355252606255,15.910789906183437,6.380765337518533,False
United_States_of_America.regions.Nebraska:Scotts Bluff,20.393744987971132,1.981355252606255,54.41169697570749,6.380765337518533,False
United_States_of_America.regions.Nebraska:Seward,5.629510825982359,1.1253007217321573,50.31786952821076,2.8164835453869044,False
United_States_of_America.regions.Nebraska:Sherman,1.3355906696764483,1.2294958615500375,57.476659272560305,3.9594739841235276,False
United_States_of_America.regions.Nebraska:Thomas,0.0,1.0,135.2837506418507,3.22040448280304,False
United_States_of_America.regions.Nebraska:Valley,1.0107684777288304,1.0,50.74620812584619,3.2204044828030405,False
United_States_of_America.regions.Nebraska:Webster,4.596030473135525,1.981355252606255,103.9368975767605,6.380765337518533,False
United_States_of_America.regions.Nebraska:York,4.507818765036086,1.981355252606255,61.25024774639443,6.380765337518533,False
United_States_of_America.regions.Nevada:Douglas,8.14655172413793,1.981355252606255,13.637826499313938,6.380765337518533,False
United_States_of_America.regions.New Hampshire:Carroll,17.711908580593427,1.981355252606255,28.840076008425413,6.380765337518533,False
United_States_of_America.regions.New Hampshire:Cheshire,19.453688853247797,0.7714514835605454,15.145438749090932,4.274112472436383,False
United_States_of_America.regions.New Hampshire:Sullivan,4.182036888532478,1.0441058540497192,11.627936135907056,4.208491201894059,False
United_States_of_America.regions.New York:Allegany,16.90717722534082,1.8410184442662392,29.412631810840296,6.076287655671718,False
United_States_of_America.regions.New York:Cayuga,29.251804330392947,1.0942261427425821,25.177455702115015,5.222270365381476,False
United_States_of_America.regions.New York:Chenango,59.40838011226945,1.981355252606255,118.24161521141326,6.380765337518533,False
United_States_of_America.regions.New York:Columbia,102.7471932638332,9.296912590216522,162.16663837785092,12.890886914995432,False
United_States_of_America.regions.New York:Greene,50.24418604651163,1.981355252606255,98.85814142500757,6.380765337518533,False
United_States_of_America.regions.New York:Livingston,30.069566960705693,0.6682036888532479,36.555528849719494,4.293548559451637,False
United_States_of_America.regions.New York:Madison,104.56315156375301,0.3504410585404972,134.8831389564459,3.270723037212893,False
United_States_of_America.regions.New York:Otsego,43.52866880513232,2.075581395348837,62.54238231365748,1.6979310240926289,False
United_States_of_America.regions.New York:Schoharie,14.385525260625501,1.981355252606255,46.444509016861645,6.380765337518533,False
United_States_of_America.regions.New York:Sullivan,432.8384121892542,5.234161988773056,560.7381786082207,3.6695190394610173,False
United_States_of_America.regions.New York:Warren,76.36427425821972,2.6339214113873295,108.04404910378776,2.1678607217568566,False
United_States_of_America.regions.New York:Washington,54.97794707297514,1.903167602245389,78.92336063067769,6.253016088513785,False
United_States_of_America.regions.New York:Wyoming,27.64414595028067,0.4837610264635125,64.44467167535814,2.0443581345610053,False
United_States_of_America.regions.North Carolina:Anson,17.870689655172413,1.981355252606255,79.12324206581683,6.380765337518533,False
United_States_of_America.regions.North Carolina:Beaufort,9.946672012830795,1.981355252606255,17.471555334690354,6.380765337518533,False
United_States_of_America.regions.North Carolina:Bertie,23.942261427425823,0.6291098636728147,140.59842989924672,1.4783635031349494,False
United_States_of_America.regions.North Carolina:Bladen,24.771451483560547,1.422012830793905,74.60444022864874,4.671388093424805,False
United_States_of_America.regions.North Carolina:Chatham,26.43444266238973,1.981355252606255,22.829488888629367,6.380765337518533,False
United_States_of_America.regions.North Carolina:Columbus,105.24178027265437,5.384522854851644,179.79403714605317,7.45125773018852,False
United_States_of_America.regions.North Carolina:Duplin,54.99198075380914,1.5543303929430634,83.24845827439938,5.653803148139409,False
United_States_of_America.regions.North Carolina:Halifax,44.35665597433841,1.1794306335204492,80.24979931115905,4.777236805053414,False
United_States_of_America.regions.North Carolina:Hyde,0.0,1.0,17.034811235244362,3.2204044828030396,False
United_States_of_America.regions.North Carolina:Northampton,66.41118684843624,1.0150360866078587,354.0968653393008,7.99967621621242,False
United_States_of_America.regions.North Carolina:Pender,16.90477145148356,1.455092221331195,15.51456398010272,5.546221995820056,False
United_States_of_America.regions.North Carolina:Sampson,11.60084202085004,1.981355252606255,7.465360595223095,6.380765337518533,False
United_States_of_America.regions.North Carolina:Swain,5.456964892412231,1.0,42.024952481756074,3.2204044828030396,False
United_States_of_America.regions.North Carolina:Wilkes,84.29450681635927,0.9901764234161988,111.05434953185345,4.931927664025496,False
United_States_of_America.regions.North Dakota:Burke,4.302927024859663,1.981355252606255,144.65550860194207,6.380765337518533,False
United_States_of_America.regions.North Dakota:Eddy,5.668604651162791,1.981355252606255,32.35980916330357,6.380765337518533,False
United_States_of_America.regions.North Dakota:Foster,5.918203688853248,1.981355252606255,18.955144852961272,6.380765337518533,False
United_States_of_America.regions.North Dakota:Griggs,0.0,1.0,41.60254486726419,3.2204044828030396,False
United_States_of_America.regions.North Dakota:McIntosh,5.918203688853248,1.981355252606255,24.105494331035345,6.380765337518533,False
United_States_of_America.regions.North Dakota:Mercer,3.246445497630332,1.0,48.64774621501462,3.2204044828030405,False
United_States_of_America.regions.North Dakota:Nelson,2.1451997614788314,1.4934406678592727,32.5919898411254,4.809483021574367,False
United_States_of_America.regions.North Dakota:Oliver,5.918203688853248,1.981355252606255,31.699673342609447,6.380765337518533,False
United_States_of_America.regions.North Dakota:Pembina,3.8119658119658113,1.1260683760683763,74.5755123931953,3.6263956462333375,False
United_States_of_America.regions.North Dakota:Pierce,5.628307939053729,1.981355252606255,30.935077180322367,6.380765337518533,False
United_States_of_America.regions.North Dakota:Ransom,2.941982640475102,1.0662402923709455,79.49989677501071,3.433725017296617,False
United_States_of_America.regions.North Dakota:Renville,0.0,1.0,39.75338150774274,3.22040448280304,False
United_States_of_America.regions.North Dakota:Rolette,4.296311146752205,1.981355252606255,8.524830328660661,6.380765337518533,False
United_States_of_America.regions.North Dakota:Sargent,4.664194065757819,1.981355252606255,35.54535809775028,6.380765337518533,False
United_States_of_America.regions.North Dakota:Sioux,5.943263833199679,1.981355252606255,17.46498880848802,6.380765337518533,False
United_States_of_America.regions.North Dakota:Steele,0.0,1.0,49.68964842724987,3.2204044828030396,False
United_States_of_America.regions.North Dakota:Traill,9.161816065192085,1.0,123.23325486503275,3.2204044828030405,False
United_States_of_America.regions.Ohio:Adams,3.9677225340817963,1.981355252606255,12.317891722703838,6.380765337518533,False
United_States_of_America.regions.Ohio:Coshocton,7.026463512429833,1.981355252606255,18.379078171334182,6.380765337518533,False
United_States_of_America.regions.Ohio:Darke,41.59182036888533,6.622493985565358,72.84490470178444,10.904801561247995,False
United_States_of_America.regions.Ohio:Highland,3.8281876503608667,1.8570569366479555,12.084350462472258,6.092777765501436,False
United_States_of_America.regions.Ohio:Ross,28.887931034482754,1.2285485164394545,24.452339275646796,5.3988349692108075,False
United_States_of_America.regions.Ohio:Washington,60.239574979951875,5.36046511627907,89.8712283226166,6.684242343006057,False
United_States_of_America.regions.Oklahoma:Adair,40.730152365677625,0.7654370489174017,192.4108447016316,5.741443453279771,False
United_States_of_America.regions.Oklahoma:Alfalfa,4.576830072543417,1.884809848318312,13.556665587302543,6.06985008475561,False
United_States_of_America.regions.Oklahoma:Atoka,5.8771050521251,1.981355252606255,17.622468044054784,6.380765337518533,False
United_States_of_America.regions.Oklahoma:Beckham,3.557538091419407,1.981355252606255,9.325565028581625,6.380765337518533,False
United_States_of_America.regions.Oklahoma:Blaine,1.9599483204134367,1.0,28.171559886837816,3.2204044828030396,False
United_States_of_America.regions.Oklahoma:Bryan,2.9811547714514837,1.3678829190056134,12.230486231330795,5.102564829964327,False
United_States_of_America.regions.Oklahoma:Carter,4.653167602245389,1.5513231756214916,17.571476098889775,5.486932166341956,False
United_States_of_America.regions.Oklahoma:Cherokee,17.18724939855654,1.0551323175621492,28.34499270117495,4.477189418238459,False
United_States_of_America.regions.Oklahoma:Choctaw,5.133319967923016,1.981355252606255,15.253295652263475,6.380765337518533,False
United_States_of_America.regions.Oklahoma:Cotton,5.029069767441861,1.0791900561347232,63.04007197297212,11.527629320619445,False
United_States_of_America.regions.Oklahoma:Craig,3.9003608660785885,1.981355252606255,40.83770118519651,6.380765337518533,False
United_States_of_America.regions.Oklahoma:Creek,60.19987971130714,2.670208500400962,71.56315650525049,1.3562450426655825,False
United_States_of_America.regions.Oklahoma:Custer,3.664795509222133,1.981355252606255,12.571057883729111,6.380765337518533,False
United_States_of_America.regions.Oklahoma:Delaware,66.14033680834002,6.28468323977546,147.6044099658234,13.30631539797831,False
United_States_of_America.regions.Oklahoma:Dewey,5.593424218123497,1.981355252606255,23.700222165530295,6.380765337518533,False
United_States_of_America.regions.Oklahoma:Garfield,7.524458700882117,1.0671611868484363,9.53415284240181,4.883461115561938,False
United_States_of_America.regions.Oklahoma:Garvin,5.570569366479551,1.810946271050521,20.546642943509838,5.765814662495136,False
United_States_of_America.regions.Oklahoma:Grady,13.199679230152364,1.280673616680032,14.403908238726824,5.125828138094844,False
United_States_of_America.regions.Oklahoma:Grant,5.593424218123497,1.981355252606255,27.06637669825562,6.380765337518533,False
United_States_of_America.regions.Oklahoma:Greer,53.30232558139535,3.7048917401764228,1032.0015604466707,93.16837669299053,False
United_States_of_America.regions.Oklahoma:Harper,2.6902979805112275,1.5719531139669543,15.800738382468436,5.062324854975376,False
United_States_of_America.regions.Oklahoma:Haskell,2.8571811361200434,1.6444265809217578,27.037355590583612,5.295718732840904,False
United_States_of_America.regions.Oklahoma:Jackson,2.548115477145149,1.981355252606255,7.423213567344255,6.380765337518533,False
United_States_of_America.regions.Oklahoma:Jefferson,5.046110665597434,1.981355252606255,19.83526999875841,6.380765337518533,False
United_States_of_America.regions.Oklahoma:Johnston,3.7220428867881026,1.831219737145492,14.607249877806522,5.897268250500748,False
United_States_of_America.regions.Oklahoma:Kay,30.138131515637532,1.688652766639936,62.8495058165145,2.6763697377944045,False
United_States_of_America.regions.Oklahoma:Kingfisher,4.253007217321572,1.981355252606255,26.43581500402705,6.380765337518533,False
United_States_of_America.regions.Oklahoma:Kiowa,3.8773055332798716,1.981355252606255,30.25364726035005,6.380765337518533,False
United_States_of_America.regions.Oklahoma:Latimer,4.611066559743384,1.0250601443464316,24.859510322172053,3.394376977210644,False
United_States_of_America.regions.Oklahoma:Lincoln,5.455493183640738,1.5232558139534886,15.109535623949249,5.06729388454733,False
United_States_of_America.regions.Oklahoma:Logan,3.431234963913392,1.8520449077786687,10.339918622615476,6.111430508359412,False
United_States_of_America.regions.Oklahoma:Major,3.9143945469125905,1.0551323175621492,25.266863626395953,6.235235724048445,False
United_States_of_America.regions.Oklahoma:Mayes,11.339013632718526,0.9979951884522856,23.76656880880166,1.5573994133376965,False
United_States_of_America.regions.Oklahoma:McClain,17.339615076182838,1.8069366479550923,37.70841679756371,5.949825463398944,False
United_States_of_America.regions.Oklahoma:McIntosh,2.6066452304394425,1.3590568060021435,20.756461355904705,3.8394532964272785,False
United_States_of_America.regions.Oklahoma:Muskogee,16.50260625501203,1.506214915797915,18.706385078442775,1.6003405898717629,False
United_States_of_America.regions.Oklahoma:Noble,4.94466720128308,1.981355252606255,31.683756738457205,6.380765337518533,False
United_States_of_America.regions.Oklahoma:Nowata,10.098837209302326,1.981355252606255,146.60745460630906,6.380765337518533,False
United_States_of_America.regions.Oklahoma:Okfuskee,5.40196471531676,1.981355252606255,13.316025827531085,6.380765337518533,False
United_States_of_America.regions.Oklahoma:Okmulgee,8.482357658380113,1.981355252606255,21.17624716941306,6.380765337518533,False
United_States_of_America.regions.Oklahoma:Pawnee,17.200280673616682,0.52485966319166,125.0000457839327,3.956925429324656,False
United_States_of_America.regions.Oklahoma:Payne,21.91760224538893,1.8520449077786687,15.54598637576032,6.222653304813375,False
United_States_of_America.regions.Oklahoma:Pontotoc,5.319767441860466,1.0320769847634321,15.152316271243215,3.9011961497564847,False
United_States_of_America.regions.Oklahoma:Pottawatomie,30.26984763432237,1.4731355252606255,28.988271822001497,2.5809452369685566,False
United_States_of_America.regions.Oklahoma:Seminole,4.576984763432237,0.58700882117081,25.10779191323999,1.4392515625713718,False
United_States_of_America.regions.Oklahoma:Sequoyah,5.600240577385725,0.4709302325581396,13.761821125170396,1.7328548258047136,False
United_States_of_America.regions.Oklahoma:Stephens,10.832397754611067,1.0250601443464316,21.8345170708272,4.164194611653795,False
United_States_of_America.regions.Oklahoma:Tillman,4.295308740978348,1.7317562149157977,128.5183625605975,5.000651525683077,False
United_States_of_America.regions.Oklahoma:Washita,0.1664145234493192,1.0,7.464961250517949,3.2204044828030396,False
United_States_of_America.regions.Oregon:Clatsop,3.677626303127506,1.981355252606255,12.93521758227653,6.380765337518533,False
United_States_of_America.regions.Oregon:Columbia,7.090016038492383,1.981355252606255,14.552128569102743,6.380765337518533,False
United_States_of_America.regions.Oregon:Hood River,3.54550922213312,1.981355252606255,9.726437306528863,6.380765337518533,False
United_States_of_America.regions.Oregon:Lincoln,4.640136327185244,1.981355252606255,16.149076080250463,6.380765337518533,False
United_States_of_America.regions.Oregon:Polk,16.79631114675221,1.2656375300721732,12.77323942644896,5.549357168227622,False
United_States_of_America.regions.Oregon:Sherman,5.918203688853248,1.981355252606255,35.89723067662106,6.380765337518533,False
United_States_of_America.regions.Oregon:Tillamook,4.601443464314355,1.981355252606255,14.557651167119785,6.380765337518533,False
United_States_of_America.regions.Pennsylvania:Armstrong,30.884121892542097,0.5940256615878108,36.176520363331115,3.909398047681223,False
United_States_of_America.regions.Pennsylvania:Bedford,13.996391339214115,1.0551323175621492,22.627795953232962,4.446621219902208,False
United_States_of_America.regions.Pennsylvania:Clarion,12.533881315156377,1.2205292702485966,29.702401710012815,4.401406415728486,False
United_States_of_America.regions.Pennsylvania:Clinton,21.992582197273453,1.981355252606255,52.57367602666597,6.380765337518533,False
United_States_of_America.regions.Pennsylvania:Elk,3.8648757016840416,1.584402566158781,12.288844858058287,5.053608244748643,False
United_States_of_America.regions.Pennsylvania:Greene,16.480954290296715,1.770850040096231,42.30027279556774,5.799788845066835,False
United_States_of_America.regions.Pennsylvania:Huntingdon,37.45388933440257,1.981355252606255,76.05625614664784,6.380765337518533,False
United_States_of_America.regions.Pennsylvania:Indiana,47.118283881315165,1.6224939855653566,42.042501605515795,3.0298042076256717,False
United_States_of_America.regions.Pennsylvania:Jefferson,3.8382117080994393,1.981355252606255,13.60286394987749,6.380765337518533,False
United_States_of_America.regions.Pennsylvania:McKean,4.005613472333601,1.810946271050521,14.040529903880214,5.961297075227496,False
United_States_of_America.regions.Pennsylvania:Perry,18.533480352846833,1.0100240577385726,32.77308392572461,4.2815883084995106,False
United_States_of_America.regions.Pennsylvania:Potter,4.752405773857258,1.981355252606255,14.294994393916099,6.380765337518533,False
United_States_of_America.regions.Pennsylvania:Susquehanna,56.74518845228548,3.5150360866078585,135.62705354890787,7.656245289533172,False
United_States_of_America.regions.Pennsylvania:Venango,4.676824378508421,1.981355252606255,15.66915513020685,6.380765337518533,False
United_States_of_America.regions.Pennsylvania:Warren,5.861066559743384,1.3678829190056134,19.582016481450843,4.815425505412587,False
United_States_of_America.regions.Pennsylvania:Wayne,29.07878909382518,1.48616680032077,48.1734248558749,5.416632138621539,False
United_States_of_America.regions.South Carolina:Barnwell,11.483360064153969,1.981355252606255,65.90981113662237,6.380765337518533,False
United_States_of_America.regions.South Carolina:Chester,16.597834803528468,1.981355252606255,50.65749740498951,6.380765337518533,False
United_States_of_America.regions.South Carolina:Chesterfield,32.11688051323176,1.693664795509222,63.239164499282225,5.75055623106282,False
United_States_of_America.regions.South Carolina:Clarendon,115.686848436247,6.298315958299921,341.05544191357376,18.229217458084456,False
United_States_of_America.regions.South Carolina:Colleton,14.42862870890136,0.7283480352846834,34.40370576552885,1.8290341079887011,False
United_States_of_America.regions.South Carolina:Fairfield,13.675821972734566,1.482157177225341,69.8762472656423,4.146917056402883,False
United_States_of_America.regions.South Carolina:Georgetown,27.224338412189255,0.3243785084202085,32.192559322615246,3.321412680548314,False
United_States_of_America.regions.South Carolina:Hampton,15.978748997594227,1.8149558941459503,96.83905782022805,5.515093927361917,False
United_States_of_America.regions.South Carolina:Jasper,7.693865276663994,1.4250200481154773,26.309249963133176,4.530816198786854,False
United_States_of_America.regions.South Carolina:Kershaw,120.03789093825182,1.4149959903769045,168.51601121994506,2.4418810297743847,False
United_States_of_America.regions.South Carolina:Laurens,22.76744186046512,0.6942662389735365,21.706149430098314,4.4737690362240015,False
United_States_of_America.regions.South Carolina:Newberry,11.346230954290297,1.1603849238171613,25.278898911035075,4.245046480106739,False
United_States_of_America.regions.South Carolina:Williamsburg,41.8307939053729,1.4520850040096231,138.24810688327509,4.694187705960026,False
United_States_of_America.regions.South Dakota:Aurora,5.918203688853248,1.981355252606255,21.96459952779261,6.380765337518533,False
United_States_of_America.regions.South Dakota:Bon Homme,4.229149959903769,1.981355252606255,18.37264103981111,6.380765337518533,False
United_States_of_America.regions.South Dakota:Brookings,4.339414595028067,1.981355252606255,12.508759991990688,6.380765337518533,False
United_States_of_America.regions.South Dakota:Charles Mix,4.3785084202085,1.981355252606255,10.782380809940635,6.380765337518533,False
United_States_of_America.regions.South Dakota:Clark,5.7477947072975155,1.981355252606255,13.54001163827367,6.380765337518533,False
United_States_of_America.regions.South Dakota:Codington,6.834402566158782,1.981355252606255,25.068364706709247,6.380765337518533,False
United_States_of_America.regions.South Dakota:Day,9.345979614949037,1.0,187.5240574447235,3.2204044828030396,False
United_States_of_America.regions.South Dakota:Deuel,5.918203688853248,1.981355252606255,16.82404643709226,6.380765337518533,False
United_States_of_America.regions.South Dakota:Faulk,5.918203688853248,1.981355252606255,26.233363201328004,6.380765337518533,False
United_States_of_America.regions.South Dakota:Grant,6.814562598218964,1.0,107.59301863431213,3.22040448280304,False
United_States_of_America.regions.South Dakota:Hughes,2.599238171611869,1.981355252606255,15.770367016350656,6.380765337518533,False
United_States_of_America.regions.South Dakota:Hutchinson,5.080793905372895,1.981355252606255,18.656447839032975,6.380765337518533,False
United_States_of_America.regions.South Dakota:Hyde,4.576830072543417,1.884809848318312,58.90430224162189,6.06985008475561,False
United_States_of_America.regions.South Dakota:Jerauld,4.128508420208501,1.109262229350441,300.0142097499237,37.76611039421021,False
United_States_of_America.regions.South Dakota:Lake,4.457698476343224,1.981355252606255,15.116419689957535,6.380765337518533,False
United_States_of_America.regions.South Dakota:Lawrence,5.357056936647956,1.981355252606255,20.543425919862557,6.380765337518533,False
United_States_of_America.regions.South Dakota:Lincoln,99.62269446672012,1.981355252606255,152.02604660953673,6.380765337518533,False
United_States_of_America.regions.South Dakota:Marshall,5.918203688853248,1.981355252606255,16.76962074166386,6.380765337518533,False
United_States_of_America.regions.South Dakota:McCook,5.015036086607859,1.3678829190056134,22.414316947574253,7.091104418935845,False
United_States_of_America.regions.South Dakota:Miner,5.918203688853248,1.981355252606255,27.31063481362675,6.380765337518533,False
United_States_of_America.regions.South Dakota:Roberts,2.4272253408179636,1.981355252606255,45.14235574315543,6.380765337518533,False
United_States_of_America.regions.South Dakota:Sanborn,3.813953488372093,1.981355252606255,169.23824869617306,6.380765337518533,False
United_States_of_America.regions.South Dakota:Sully,5.270667226185479,1.9347461183382293,51.69664125095976,6.230665072582213,False
United_States_of_America.regions.South Dakota:Turner,6.3712910986367275,1.981355252606255,129.98965755381417,6.380765337518533,False
United_States_of_America.regions.South Dakota:Walworth,4.651489718841796,1.9347461183382293,70.97222234203655,6.230665072582213,False
United_States_of_America.regions.South Dakota:Yankton,17.844226142742585,1.981355252606255,86.26108653579121,6.380765337518533,False
United_States_of_America.regions.Tennessee:Carroll,6.684643143544507,1.455092221331195,25.314345154433365,4.485483055402857,False
United_States_of_America.regions.Tennessee:Cumberland,42.73075380914194,1.810946271050521,59.77169073532923,6.0991906819406525,False
United_States_of_America.regions.Tennessee:Fayette,34.08921411387329,1.314755412991179,77.42224042790602,4.760169126167364,False
United_States_of_America.regions.Tennessee:Fentress,4.336407377706496,1.981355252606255,12.199820507250239,6.380765337518533,False
United_States_of_America.regions.Tennessee:Franklin,18.324979951884522,1.0671611868484363,37.55725259621721,4.21483929089747,False
United_States_of_America.regions.Tennessee:Gibson,23.242582197273457,1.48616680032077,39.12749908811087,5.3729122605936865,False
United_States_of_America.regions.Tennessee:Giles,3.4466720128307937,1.981355252606255,11.310200319520193,6.380765337518533,False
United_States_of_America.regions.Tennessee:Hardeman,17.69346431435445,1.981355252606255,75.97075749696428,6.380765337518533,False
United_States_of_America.regions.Tennessee:Hardin,3.815156375300722,1.981355252606255,11.383621885683244,6.380765337518533,False
United_States_of_America.regions.Tennessee:Haywood,11.838011226944667,1.0671611868484363,86.11295126782103,2.780111705938779,False
United_States_of_America.regions.Tennessee:Henry,5.258620689655173,1.981355252606255,16.164944162465144,6.380765337518533,False
United_States_of_America.regions.Tennessee:Hickman,27.238372093023255,1.981355252606255,113.38098689934672,6.380765337518533,False
United_States_of_America.regions.Tennessee:Humphreys,4.260224538893343,1.314755412991179,26.40167865644951,3.1443717908695468,False
United_States_of_America.regions.Tennessee:Lawrence,9.305934242181234,1.981355252606255,18.49651346111729,6.380765337518533,False
United_States_of_America.regions.Tennessee:Lincoln,4.613071371291098,1.981355252606255,13.305688860197286,6.380765337518533,False
United_States_of_America.regions.Tennessee:McNairy,5.58139534883721,1.981355252606255,21.60699897105625,6.380765337518533,False
United_States_of_America.regions.Tennessee:Monroe,4.614274258219728,1.3408179631114676,8.227869523956192,5.004597565481177,False
United_States_of_America.regions.Tennessee:Morgan,4.200080192461909,1.981355252606255,12.808729114639641,6.380765337518533,False
United_States_of_America.regions.Tennessee:Obion,5.812349639133922,0.9989975942261429,19.672768858675944,3.1973361162145526,False
United_States_of_America.regions.Tennessee:Scott,4.691860465116279,1.981355252606255,21.91843585605995,6.380765337518533,False
United_States_of_America.regions.Tennessee:Wayne,4.598436246992783,1.981355252606255,12.071652064951481,6.380765337518533,False
United_States_of_America.regions.Tennessee:Weakley,8.752004811547716,1.981355252606255,24.757957777129846,6.380765337518533,False
United_States_of_America.regions.Texas:Anderson,19.95990376904571,1.981355252606255,24.40495186368756,6.380765337518533,False
United_States_of_America.regions.Texas:Angelina,34.84182036888533,1.981355252606255,25.92290455499448,6.380765337518533,False
United_States_of_America.regions.Texas:Archer,0.0,1.0,8.471399562561158,3.22040448280304,False
United_States_of_America.regions.Texas:Armstrong,3.8148489739451232,1.831219737145492,85.22391167093677,5.897268250500748,False
United_States_of_America.regions.Texas:Austin,5.761828388131516,1.981355252606255,19.268474105425945,6.380765337518533,False
United_States_of_America.regions.Texas:Bailey,6.085308056872037,1.0,97.99828204394036,3.2204044828030405,False
United_States_of_America.regions.Texas:Bandera,4.7943063352044915,1.981355252606255,15.29543828763852,6.380765337518533,False
United_States_of_America.regions.Texas:Bastrop,38.30894145950281,0.5679631114675221,28.816283873117268,4.724456528669938,False
United_States_of_America.regions.Texas:Bee,4.797914995990377,1.981355252606255,15.507380569414128,6.380765337518533,False
United_States_of_America.regions.Texas:Blanco,4.109863672814756,1.981355252606255,21.96358775053949,6.380765337518533,False
United_States_of_America.regions.Texas:Bosque,2.911622276029056,1.7736077481840196,13.43136468698305,5.711734342986021,False
United_States_of_America.regions.Texas:Bowie,48.315958299919814,2.8785084202085005,37.29908869543089,2.3451232777307154,False
United_States_of_America.regions.Texas:Briscoe,0.0,1.0,61.462648557300454,3.220404482803041,False
United_States_of_America.regions.Texas:Brooks,1.4214905292972209,1.2743848468755534,8.61979223811524,4.104034673694298,False
United_States_of_America.regions.Texas:Brown,9.171210906174819,1.0030072173215716,20.218340238369326,3.3474039266207254,False
United_States_of_America.regions.Texas:Burleson,4.932838813151564,1.981355252606255,35.84740244675255,6.380765337518533,False
United_States_of_America.regions.Texas:Burnet,6.479550922213312,1.981355252606255,9.032657338711426,6.380765337518533,False
United_States_of_America.regions.Texas:Caldwell,6.9276263031275045,1.981355252606255,10.729411504248004,6.380765337518533,False
United_States_of_America.regions.Texas:Calhoun,17.56255012028869,0.39755412991178823,92.70768685679114,3.8824570734494226,False
United_States_of_America.regions.Texas:Callahan,2.773656776263031,1.455092221331195,11.40483276209384,2.7969585894796016,False
United_States_of_America.regions.Texas:Carson,1.5972320293743825,1.5719531139669543,49.5069978204858,5.062324854975376,False
United_States_of_America.regions.Texas:Cass,4.260224538893344,0.8105453087409783,14.546685468955117,2.620652622627493,False
United_States_of_America.regions.Texas:Castro,5.810344827586207,1.0942261427425821,130.65069910864344,6.127477582826303,False
United_States_of_America.regions.Texas:Chambers,27.936647955092223,1.981355252606255,57.23070660203612,6.380765337518533,False
United_States_of_America.regions.Texas:Cherokee,5.782678428227746,1.1603849238171613,9.061229498803373,4.82134899289768,False
United_States_of_America.regions.Texas:Childress,2.1079308288610616,1.4934406678592727,11.958986086163515,4.809483021574367,False
United_States_of_America.regions.Texas:Clay,5.320769847634323,1.981355252606255,17.293022644934997,6.380765337518533,False
United_States_of_America.regions.Texas:Cochran,1.0759969902182092,1.2294958615500375,28.36527368077248,3.9594739841235276,False
United_States_of_America.regions.Texas:Coke,0.0,1.0,26.30424860252321,3.2204044828030405,False
United_States_of_America.regions.Texas:Collingsworth,2.7725118483412325,1.0,125.97520676175971,3.2204044828030405,False
United_States_of_America.regions.Texas:Colorado,4.7556134723336,1.981355252606255,29.600553013222996,6.380765337518533,False
United_States_of_America.regions.Texas:Comanche,5.298716920609463,1.4250200481154773,16.365835285773578,2.587095978160405,False
United_States_of_America.regions.Texas:Concho,5.918203688853248,1.981355252606255,22.15761597208298,6.380765337518533,False
United_States_of_America.regions.Texas:Cooke,4.79550922213312,1.981355252606255,11.886686650511411,6.380765337518533,False
United_States_of_America.regions.Texas:Cottle,2.4253548702887913,0.19725893294175237,260.18778965551667,55.470779806888714,False
United_States_of_America.regions.Texas:Crane,5.538291900561347,1.981355252606255,22.997343074799023,6.380765337518533,False
United_States_of_America.regions.Texas:Crosby,5.305733761026464,1.0250601443464316,15.982854818238712,10.569635016245915,False
United_States_of_America.regions.Texas:Dawson,12.982758620689657,1.0551323175621492,134.07635507278127,2.800468771484427,False
United_States_of_America.regions.Texas:DeWitt,5.031074578989576,1.5513231756214916,31.38410048487245,4.2476697175544285,False
United_States_of_America.regions.Texas:Dickens,5.927626303127505,1.981355252606255,27.812462110182203,6.380765337518533,False
United_States_of_America.regions.Texas:Donley,16.95429029671211,1.981355252606255,705.984587827636,6.380765337518533,False
United_States_of_America.regions.Texas:Eastland,5.342822774659182,1.981355252606255,16.659795606220296,6.380765337518533,False
United_States_of_America.regions.Texas:Erath,6.0414995990376905,1.0340817963111468,14.788591210974884,4.162222416784288,False
United_States_of_America.regions.Texas:Falls,4.593023255813954,1.981355252606255,10.677862126963582,6.380765337518533,False
United_States_of_America.regions.Texas:Fannin,2.809743384121892,1.981355252606255,6.785641341745605,6.380765337518533,False
United_States_of_America.regions.Texas:Fayette,8.391138732959103,1.455092221331195,36.1134556095345,4.30444942465236,False
United_States_of_America.regions.Texas:Fisher,0.8181818181818182,0.6545454545454545,44.251705652492475,10.015098674936178,False
United_States_of_America.regions.Texas:Floyd,4.5058139534883725,1.981355252606255,40.38147616596554,6.380765337518533,False
United_States_of_America.regions.Texas:Freestone,3.070217917675545,1.7736077481840196,18.266833501412716,5.711734342986021,False
United_States_of_America.regions.Texas:Garza,2.8746177370030583,1.0,58.982481004483176,3.22040448280304,False
United_States_of_America.regions.Texas:Gillespie,4.638933440256617,1.981355252606255,14.182558996017258,6.380765337518533,False
United_States_of_America.regions.Texas:Glasscock,0.0,1.0,67.75191631208696,3.22040448280304,False
United_States_of_America.regions.Texas:Goliad,4.519847634322375,1.981355252606255,60.062369074096445,6.380765337518533,False
United_States_of_America.regions.Texas:Gonzales,18.326984763432236,0.7323576583801124,98.8761670161536,1.91853926867286,False
United_States_of_America.regions.Texas:Gray,42.098636728147554,1.981355252606255,201.6849485113837,6.380765337518533,False
United_States_of_America.regions.Texas:Grimes,6.477145148356056,1.2425821972734563,24.10337265991465,3.8969782051950825,False
United_States_of_America.regions.Texas:Hale,11.473536487570168,1.1563753007217321,32.799716516509164,3.0850155578657623,False
United_States_of_America.regions.Texas:Hall,0.3333333333333333,1.0,41.76385102776826,3.2204044828030405,False
United_States_of_America.regions.Texas:Hamilton,4.116880513231757,1.981355252606255,45.13921597417037,6.380765337518533,False
United_States_of_America.regions.Texas:Hansford,3.5084202085004006,0.7824779470729752,156.32296742030957,18.31432924335711,False
United_States_of_America.regions.Texas:Hardeman,0.0,1.0,22.2054790666503,3.22040448280304,False
United_States_of_America.regions.Texas:Hardin,75.93023255813954,0.4603047313552527,121.54968246820158,2.3321786430218143,False
United_States_of_America.regions.Texas:Harrison,78.37008821170811,1.4771451483560547,105.94935430889893,1.2913942950956934,False
United_States_of_America.regions.Texas:Haskell,0.8181818181818182,1.0,28.914304216062604,3.22040448280304,False
United_States_of_America.regions.Texas:Hemphill,5.918203688853248,1.981355252606255,17.116888499755998,6.380765337518533,False
United_States_of_America.regions.Texas:Henderson,16.21892542101043,1.981355252606255,10.00065476186795,6.380765337518533,False
United_States_of_America.regions.Texas:Hill,7.686647955092223,1.1423416198877305,19.381299955345288,4.09144330221464,False
United_States_of_America.regions.Texas:Hockley,8.311146752205293,1.0942261427425821,43.49157202685174,3.205147990268414,False
United_States_of_America.regions.Texas:Hopkins,4.516840417000802,1.981355252606255,15.277810117857573,6.380765337518533,False
United_States_of_America.regions.Texas:Howard,4.187048917401764,0.9857658380112271,14.054501224315109,3.6653239928888475,False
United_States_of_America.regions.Texas:Hunt,27.16820368885325,0.653167602245389,14.637925612662533,4.567988196123023,False
United_States_of_America.regions.Texas:Hutchinson,9.129510825982358,1.981355252606255,54.36455619157414,6.380765337518533,False
United_States_of_America.regions.Texas:Jack,5.1052526062550125,1.981355252606255,26.175650694393426,6.380765337518533,False
United_States_of_America.regions.Texas:Jackson,2.6443464314354452,1.981355252606255,27.444258685692635,6.380765337518533,False
United_States_of_America.regions.Texas:Jasper,9.542502004811547,0.8466319165998396,24.05092356190011,3.1869705895480998,False
United_States_of_America.regions.Texas:Jim Wells,3.5042101042502005,1.981355252606255,13.319970134738771,6.380765337518533,False
United_States_of_America.regions.Texas:Jones,66.09542902967121,1.981355252606255,341.2799779428161,6.380765337518533,False
United_States_of_America.regions.Texas:Karnes,5.144747393744988,1.981355252606255,15.405225432406136,6.380765337518533,False
United_States_of_America.regions.Texas:Kendall,7.776463512429833,1.981355252606255,15.681016367319717,6.380765337518533,False
United_States_of_America.regions.Texas:Kerr,3.518243785084202,1.981355252606255,14.128148935454943,6.380765337518533,False
United_States_of_America.regions.Texas:Kleberg,3.32598235765838,1.109262229350441,10.829749270185006,3.5606087788399194,False
United_States_of_America.regions.Texas:Knox,5.918203688853248,1.981355252606255,17.347402593496522,6.380765337518533,False
United_States_of_America.regions.Texas:Lamar,22.629109863672813,1.981355252606255,38.736666610081556,6.380765337518533,False
United_States_of_America.regions.Texas:Lamb,4.3303929430633525,1.981355252606255,7.731008372906811,6.380765337518533,False
United_States_of_America.regions.Texas:Lampasas,3.2377706495589416,1.981355252606255,9.303018131069587,6.380765337518533,False
United_States_of_America.regions.Texas:Lavaca,4.154971932638332,1.7317562149157977,11.653614284367835,5.142306283780035,False
United_States_of_America.regions.Texas:Lee,4.525060144346432,1.981355252606255,10.469477630047221,6.380765337518533,False
United_States_of_America.regions.Texas:Leon,3.580392943063352,1.981355252606255,13.841469137876231,6.380765337518533,False
United_States_of_America.regions.Texas:Limestone,5.426022453889335,1.0441058540497192,25.129309332518112,3.1180563470501133,False
United_States_of_America.regions.Texas:Lipscomb,0.9929022082018928,1.0,57.96494597332652,3.2204044828030405,False
United_States_of_America.regions.Texas:Live Oak,4.7032878909382525,1.981355252606255,20.606528183995845,6.380765337518533,False
United_States_of_America.regions.Texas:Llano,5.3289895749799525,1.981355252606255,16.582902517494297,6.380765337518533,False
United_States_of_America.regions.Texas:Lynn,4.965717722534082,1.2896952686447474,57.88946568121522,7.227777972318098,False
United_States_of_America.regions.Texas:Martin,5.380914194065758,1.810946271050521,17.149433628228476,6.0409003884365315,False
United_States_of_America.regions.Texas:Mason,11.192862870890137,1.981355252606255,401.47038834837525,6.380765337518533,False
United_States_of_America.regions.Texas:McCulloch,5.342822774659182,1.981355252606255,22.507978335218322,6.380765337518533,False
United_States_of_America.regions.Texas:Milam,5.553929430633521,1.455092221331195,25.8569001550448,4.260703172288463,False
United_States_of_America.regions.Texas:Mills,0.0,1.0,17.300835000061724,3.22040448280304,False
United_States_of_America.regions.Texas:Mitchell,5.918203688853248,1.981355252606255,16.899947252601503,6.380765337518533,False
United_States_of_America.regions.Texas:Montague,3.575581395348837,1.314755412991179,10.6494026217818,3.3136019393628127,False
United_States_of_America.regions.Texas:Moore,282.05994386527664,2.449478748997594,1357.749943774607,14.034999967308286,False
United_States_of_America.regions.Texas:Motley,4.576830072543417,1.884809848318312,65.37368476788374,6.06985008475561,False
United_States_of_America.regions.Texas:Nacogdoches,108.5308740978348,3.4979951884522853,154.8282256322834,2.283381713590498,False
United_States_of_America.regions.Texas:Navarro,17.59101844426624,0.7864875701684042,26.6609137462788,3.1099028406243097,False
United_States_of_America.regions.Texas:Newton,4.852646351242983,1.981355252606255,11.077814234011656,6.380765337518533,False
United_States_of_America.regions.Texas:Nolan,1.1015421590226318,1.1802523532946123,7.386219700284453,3.800889969388807,False
United_States_of_America.regions.Texas:Ochiltree,32.67734828760264,0.6270779090727019,344.4548643935663,14.487501613446046,False
United_States_of_America.regions.Texas:Palo Pinto,3.946471531676022,0.63813151563753,13.461809521582285,1.9277100231324196,False
United_States_of_America.regions.Texas:Panola,94.29170008019248,3.288291900561347,414.08302339341935,16.329482455505513,False
United_States_of_America.regions.Texas:Parmer,21.51252236135957,1.4934406678592727,248.41111508433988,4.809483021574367,False
United_States_of_America.regions.Texas:Polk,13.430633520449078,1.981355252606255,17.368457069840343,6.380765337518533,False
United_States_of_America.regions.Texas:Red River,17.4188621611302,1.2405498281786942,166.33069856065157,8.795594711638412,False
United_States_of_America.regions.Texas:Refugio,1.6408268733850129,1.0,34.78804216925529,3.2204044828030396,False
United_States_of_America.regions.Texas:Roberts,3.1165839378897795,1.7114674812269313,220.63863095006306,5.511617548714837,False
United_States_of_America.regions.Texas:Robertson,4.895148356054531,1.981355252606255,12.552397848920872,6.380765337518533,False
United_States_of_America.regions.Texas:Runnels,0.9674027339642481,1.0,15.490432648522889,3.2204044828030405,False
United_States_of_America.regions.Texas:Rusk,13.9985966319166,1.455092221331195,17.179200989788566,5.413476745681125,False
United_States_of_America.regions.Texas:San Augustine,10.069566960705693,0.9901764234161988,183.95793740643253,5.709300462547715,False
United_States_of_America.regions.Texas:San Jacinto,4.866680032076985,1.981355252606255,16.79388196540349,6.380765337518533,False
United_States_of_America.regions.Texas:San Patricio,4.521852445870088,1.981355252606255,12.710220076268861,6.380765337518533,False
United_States_of_America.regions.Texas:Scurry,5.628307939053729,1.981355252606255,16.80082079508042,6.380765337518533,False
United_States_of_America.regions.Texas:Shackelford,0.0,1.0,27.407466880137232,3.2204044828030405,False
United_States_of_America.regions.Texas:Shelby,79.71371291098637,1.1894546912590218,320.4914831917188,4.996568378803423,False
United_States_of_America.regions.Texas:Sherman,15.77650502736413,1.7114674812269313,647.7672030147564,5.511617548714837,False
United_States_of_America.regions.Texas:Stephens,5.488171611868485,1.981355252606255,12.483753257937325,6.380765337518533,False
United_States_of_America.regions.Texas:Swisher,3.0733761026463515,1.981355252606255,80.381464297569,6.380765337518533,False
United_States_of_America.regions.Texas:Terry,4.746190858059342,1.981355252606255,53.51569015469985,6.380765337518533,False
United_States_of_America.regions.Texas:Trinity,4.447273456295109,1.981355252606255,37.739041423886604,6.380765337518533,False
United_States_of_America.regions.Texas:Tyler,4.061547714514836,1.981355252606255,14.661850360973013,6.380765337518533,False
United_States_of_America.regions.Texas:Upshur,3.606655974338412,1.981355252606255,9.335765281398611,6.380765337518533,False
United_States_of_America.regions.Texas:Van Zandt,4.458700882117081,1.0441058540497192,11.43534356680316,4.724555055566713,False
United_States_of_America.regions.Texas:Victoria,93.62690457097032,0.7764635124298315,86.90905316145404,4.1578899300465295,False
United_States_of_America.regions.Texas:Walker,145.61948676824377,0.8696872493985566,186.77991866611828,4.8573272549820485,False
United_States_of_America.regions.Texas:Ward,0.0,1.0,5.114317970939251,3.22040448280304,False
United_States_of_America.regions.Texas:Washington,95.97012830793908,8.641339214113872,264.46138064602303,23.33464959298875,False
United_States_of_America.regions.Texas:Wharton,25.473336006415394,1.981355252606255,55.66730758911614,6.380765337518533,False
United_States_of_America.regions.Texas:Wheeler,10.35333687378297,1.2743848468755534,244.8685022761937,4.104034673694298,False
United_States_of_America.regions.Texas:Wilbarger,2.070555683652294,1.831219737145492,8.951790289859602,5.897268250500748,False
United_States_of_America.regions.Texas:Willacy,4.872493985565357,1.0250601443464316,26.398478024870705,2.9875558411912757,False
United_States_of_America.regions.Texas:Wilson,15.986768243785084,0.3765036086607859,22.787840168182317,2.8967820819935053,False
United_States_of_America.regions.Texas:Winkler,5.297714514835605,1.981355252606255,21.87474947484732,6.380765337518533,False
United_States_of_America.regions.Texas:Wise,11.285685645549318,0.7925020048115478,9.114277293042813,4.0088175187204955,False
United_States_of_America.regions.Texas:Wood,3.5906174819566963,1.981355252606255,9.698114999663387,6.380765337518533,False
United_States_of_America.regions.Texas:Yoakum,2.225674339782517,1.5719531139669543,11.343874610984473,5.062324854975376,False
United_States_of_America.regions.Texas:Young,4.941860465116279,1.1794306335204492,15.436968459162388,2.937978640247852,False
United_States_of_America.regions.Texas:Zapata,4.834603047313553,1.981355252606255,27.779315648356235,6.380765337518533,False
United_States_of_America.regions.Utah:Morgan,3.7485966319165995,1.981355252606255,37.54082877544368,6.380765337518533,False
United_States_of_America.regions.Utah:Piute,0.0,1.0,64.39284771462768,3.2204044828030405,False
United_States_of_America.regions.Vermont:Addison,45.474538893344025,0.7093023255813954,120.18562899357876,2.9219380078699495,False
United_States_of_America.regions.Vermont:Bennington,15.529270248596632,1.518243785084202,41.04144960052324,5.075122632353456,False
United_States_of_America.regions.Vermont:Caledonia,5.4434643143544506,1.981355252606255,18.366088859984806,6.380765337518533,False
United_States_of_America.regions.Vermont:Essex,5.572173215717723,1.981355252606255,18.65333316984051,6.380765337518533,False
United_States_of_America.regions.Vermont:Franklin,67.83740978348035,1.7648356054530872,129.04161224813072,1.6970506269917356,False
United_States_of_America.regions.Vermont:Orange,4.354851643945469,1.981355252606255,13.833724796730465,6.380765337518533,False
United_States_of_America.regions.Vermont:Orleans,4.993183640737771,1.981355252606255,18.331628768267855,6.380765337518533,False
United_States_of_America.regions.Vermont:Rutland,29.86006415396952,1.3678829190056134,40.93650825335277,5.326526136266378,False
United_States_of_America.regions.Vermont:Washington,17.581194867682438,1.5513231756214916,21.692971697824046,5.6445225033923485,False
United_States_of_America.regions.Vermont:Windham,48.90356856455493,0.45970328789093823,109.93074227057836,2.682891553885303,False
United_States_of_America.regions.Vermont:Windsor,20.67542101042502,0.49979951884522855,27.834320706841677,3.4620217731012257,False
United_States_of_America.regions.Virginia:Augusta,35.691659983961515,1.2425821972734563,34.13596050357705,5.403009103456227,False
United_States_of_America.regions.Virginia:Bedford,12.95449077786688,1.981355252606255,8.47259417492047,6.380765337518533,False
United_States_of_America.regions.Virginia:Botetourt,15.336808340016038,0.6942662389735366,44.334413327312156,2.4388535035778696,False
United_States_of_America.regions.Virginia:Brunswick,6.729149959903769,1.981355252606255,60.728010164271524,6.380765337518533,False
United_States_of_America.regions.Virginia:Buchanan,8.529470729751404,1.981355252606255,48.775711539961364,6.380765337518533,False
United_States_of_America.regions.Virginia:Buckingham,113.49639133921413,1.6445469125902163,679.9283944819358,4.765817328571985,False
United_States_of_America.regions.Virginia:Caroline,21.289093825180434,1.043103448275862,69.52627342400194,3.3289812362088016,False
United_States_of_America.regions.Virginia:Fauquier,74.58039294306336,0.661186848436247,92.1495496756045,4.282274690216898,False
United_States_of_America.regions.Virginia:Franklin,8.69887730553328,1.981355252606255,12.665663833201508,6.380765337518533,False
United_States_of_America.regions.Virginia:Halifax,5.629510825982358,1.981355252606255,15.763560643470974,6.380765337518533,False
United_States_of_America.regions.Virginia:Mecklenburg,57.3229751403368,3.2103047313552526,187.7483061962241,10.51495740732227,False
United_States_of_America.regions.Virginia:Pittsylvania,3.5906174819566954,1.3408179631114676,9.93256242951128,5.319464861171005,False
United_States_of_America.regions.Virginia:Rockbridge,3.9153969526864474,1.981355252606255,11.119632279390673,6.380765337518533,False
United_States_of_America.regions.Virginia:Rockingham,125.98135525260625,1.455092221331195,139.91669877233693,5.738573909692278,False
United_States_of_America.regions.Virginia:Scott,4.731555733761027,0.4697273456295108,17.473631677114355,1.4104769562017037,False
United_States_of_America.regions.Virginia:Southampton,64.43664795509223,1.3408179631114676,382.43303347051864,3.018053307576226,False
United_States_of_America.regions.Washington:Asotin,9.438051323175623,0.6381315156375301,47.833946902998925,1.9605986331729128,False
United_States_of_America.regions.Washington:Columbia,5.918203688853248,1.981355252606255,16.979781015040754,6.380765337518533,False
United_States_of_America.regions.Washington:Mason,10.721732157177227,1.810946271050521,13.242673470841241,6.125539807989816,False
United_States_of_America.regions.Washington:Pacific,3.179631114675221,1.518243785084202,13.799341894243138,4.319835839400724,False
United_States_of_America.regions.West Virginia:Boone,2.8759021651964716,1.981355252606255,12.998894346620236,6.380765337518533,False
United_States_of_America.regions.West Virginia:Braxton,5.476142742582197,1.981355252606255,15.559074855936066,6.380765337518533,False
United_States_of_America.regions.West Virginia:Fayette,17.02586206896552,1.4300320769847634,34.214872994660816,5.080658806316601,False
United_States_of_America.regions.West Virginia:Greenbrier,3.9811547714514837,1.981355252606255,13.567847544881872,6.380765337518533,False
United_States_of_America.regions.West Virginia:Hampshire,4.139334402566159,1.0551323175621492,18.915830734137856,3.1302303212467693,False
United_States_of_America.regions.West Virginia:Hardy,1.6708099438652768,1.981355252606255,36.124401908249844,6.380765337518533,False
United_States_of_America.regions.West Virginia:McDowell,5.144947874899759,1.981355252606255,20.291636980912582,6.380765337518533,False
United_States_of_America.regions.West Virginia:Nicholas,3.744587008821171,1.5854049719326384,14.156913841060454,4.764377842933227,False
United_States_of_America.regions.West Virginia:Pendleton,4.087810745789896,1.981355252606255,27.252577832851316,6.380765337518533,False
United_States_of_America.regions.West Virginia:Pocahontas,7.402838962310329,1.0,101.06663054081568,3.2204044828030405,False
United_States_of_America.regions.West Virginia:Preston,4.711708099438653,1.981355252606255,14.169888519005406,6.380765337518533,False
United_States_of_America.regions.West Virginia:Randolph,4.7387730553328,1.981355252606255,15.15284603808088,6.380765337518533,False
United_States_of_America.regions.West Virginia:Wyoming,5.539294306335205,1.981355252606255,16.72801621240298,6.380765337518533,False
United_States_of_America.regions.Wisconsin:Adams,4.965918203688853,1.0671611868484363,15.680291521655409,2.9939785135656747,False
United_States_of_America.regions.Wisconsin:Ashland,5.5513231756214925,1.981355252606255,16.15229379814655,6.380765337518533,False
United_States_of_America.regions.Wisconsin:Barron,3.8261828388131516,1.981355252606255,12.481607282377,6.380765337518533,False
United_States_of_America.regions.Wisconsin:Buffalo,4.52064955894146,1.0040096230954292,17.559976175797246,2.838974449709712,False
United_States_of_America.regions.Wisconsin:Burnett,0.075642965204236,0.0,3.757946141332395,3.2672041846421394,False
United_States_of_America.regions.Wisconsin:Chippewa,11.296110665597435,1.981355252606255,14.848727035519856,6.380765337518533,False
United_States_of_America.regions.Wisconsin:Columbia,16.703087409783482,1.1603849238171613,22.62204676997367,4.953784998248051,False
United_States_of_America.regions.Wisconsin:Crawford,2.6142742582197274,1.981355252606255,26.88451565481782,6.380765337518533,False
United_States_of_America.regions.Wisconsin:Dodge,17.463311948676825,1.2425821972734563,10.484845556188496,5.53971175615627,False
United_States_of_America.regions.Wisconsin:Dunn,4.2211307137129115,1.981355252606255,14.028011115175534,6.380765337518533,False
United_States_of_America.regions.Wisconsin:Forest,7.255107386066003,1.0,88.46226306568656,3.22040448280304,False
United_States_of_America.regions.Wisconsin:Green,4.563953488372093,1.981355252606255,12.995940001298399,6.380765337518533,False
United_States_of_America.regions.Wisconsin:Iowa,4.003809141940658,1.981355252606255,12.923417523984233,6.380765337518533,False
United_States_of_America.regions.Wisconsin:Iron,5.509222133119487,0.981355252606255,19.030837861673103,11.203198087837542,False
United_States_of_America.regions.Wisconsin:Jackson,6.170408981555733,1.0942261427425821,33.21005566723245,3.0631949011370656,False
United_States_of_America.regions.Wisconsin:Juneau,5.142141138732959,1.1603849238171613,21.93581918597407,3.5526348790400832,False
United_States_of_America.regions.Wisconsin:Lafayette,3.492181234963914,1.981355252606255,35.48538395925037,6.380765337518533,False
United_States_of_America.regions.Wisconsin:Langlade,0.0,1.0,1.9909145020320218,3.2204044828030396,False
United_States_of_America.regions.Wisconsin:Lincoln,1.3684559310801856,1.0,5.363134570870665,3.22040448280304,False
United_States_of_America.regions.Wisconsin:Monroe,6.166800320769847,1.5854049719326384,13.52179290128794,5.524712150322856,False
United_States_of_America.regions.Wisconsin:Oconto,7.33961507618284,1.981355252606255,15.36145052931247,6.380765337518533,False
United_States_of_America.regions.Wisconsin:Pierce,4.025661587810745,1.981355252606255,14.151413328656616,6.380765337518533,False
United_States_of_America.regions.Wisconsin:Polk,3.4799518845228548,1.810946271050521,13.047918451538576,5.991552671516355,False
United_States_of_America.regions.Wisconsin:Portage,4.125902165196472,1.981355252606255,17.014048622627225,6.380765337518533,False
United_States_of_America.regions.Wisconsin:Richland,4.375100240577386,0.7363672814755413,33.152718703388345,2.398218182143356,False
United_States_of_America.regions.Wisconsin:Rusk,5.039695268644747,1.981355252606255,16.512299091126422,6.380765337518533,False
United_States_of_America.regions.Wisconsin:Sauk,24.04190056134723,0.6591820368885325,25.781760391685335,2.748195899570986,False
United_States_of_America.regions.Wisconsin:Shawano,9.59121892542101,1.981355252606255,18.100588356140413,6.380765337518533,False
United_States_of_America.regions.Wisconsin:St. Croix,4.706295108259824,1.981355252606255,13.8130835682282,6.380765337518533,False
United_States_of_America.regions.Wisconsin:Taylor,0.0,1.0,1.6952913339398201,3.2204044828030396,False
United_States_of_America.regions.Wisconsin:Trempealeau,3.6738171611868484,1.981355252606255,11.446320841669092,6.380765337518533,False
United_States_of_America.regions.Wisconsin:Vernon,6.182655718005207,1.1802523532946123,20.101550215347075,3.800889969388807,False
United_States_of_America.regions.Wisconsin:Vilas,5.100441058540498,1.981355252606255,16.3659681101056,6.380765337518533,False
United_States_of_America.regions.Wisconsin:Washburn,3.8920913073553147,1.831219737145492,11.40940303699736,5.897268250500748,False
United_States_of_America.regions.Wisconsin:Waupaca,2.761627906976744,0.9857658380112271,11.364280665927442,4.428246383615752,False
United_States_of_America.regions.Wisconsin:Waushara,4.126303127506015,1.981355252606255,11.909276029955363,6.380765337518533,False
United_States_of_America.regions.Wisconsin:Wood,5.574378508420209,1.981355252606255,19.625611519674017,6.380765337518533,False
Liberia,58.166800320769845,4.570569366479551,20.92881623421773,6.253025075274961,False
United_States_of_America.regions.Kentucky,1164.58781074579,56.60344827586208,6.294014364119435,5.07226978903991,False
United_States_of_America.regions.Louisiana,14312.689454691259,657.404370489174,285.9180241969041,8.787860303601812,False
Georgia,88.8855252606255,1.4310344827586208,19.711638001273744,6.366015383890883,False
Ireland,3517.308941459503,103.57117080994387,50.9157044709518,4.209036860565207,False
Panama,2491.037489975942,64.25461106655975,37.76741318933703,4.795197733515347,False
United_States_of_America.regions.South Carolina,2029.7095028067363,49.00521251002406,17.884358096023586,5.3929251397576285,False
Tunisia,371.5577385725742,12.230954290296713,19.00687404040857,6.260972809859866,False
United_States_of_America.regions.Illinois,4.817562149157979,1.981355252606255,22.25761596885624,6.380765337518533,False
Brazil.regions.AC:Tarauacá,55.31087896253602,0.5028818443804034,129.08166950182104,1.2805563770645174,False
Brazil.regions.AM:Beruri,69.95994659546062,2.541722296395194,360.600166707025,15.36411281544225,False
Brazil.regions.AM:Codajás,17.04225916282796,0.3971560184257961,59.989601219412584,1.3937710521929647,False
Brazil.regions.AM:Eirunepé,35.87475149105368,1.0,101.34052842063363,3.22040448280304,False
Brazil.regions.AM:Juruá,2.644603458556947,1.4695885509839,20.59024664471219,4.817983043296142,False
Brazil.regions.AM:Maraã,41.84882280049567,0.8566117896972916,235.12496266967634,2.461684750202744,False
Brazil.regions.AM:Nhamundá,19.28517682468021,0.38299473288186603,94.20319421207296,1.815666404478668,False
Brazil.regions.AM:São Paulo de Olivença,129.0316760224539,0.9869687249398555,323.65783540457915,2.5037119315172847,False
Brazil.regions.AP:Calçoene,7.786613651424784,0.5725646123260438,75.81722843457382,4.312255507948703,False
Brazil.regions.AP:Mazagão,46.50818538160018,0.8385981092921374,222.11316093178573,1.8744613641260428,False
Brazil.regions.BA:São Desidério,4.844175491679273,1.0,14.099776572496802,3.2204044828030396,False
Brazil.regions.MA:Balsas,88.45468873128448,1.4081954294720254,86.54396911944849,4.534958873734462,False
Brazil.regions.MS:Ribas do Rio Pardo,8.405985686402083,1.0,34.99200943717291,3.22040448280304,False
Brazil.regions.MT:Peixoto de Azevedo,13.934250764525995,1.0,39.48368691477151,3.22040448280304,False
Brazil.regions.MT:Poconé,1.105237395986295,1.0,3.284154509065291,3.2204044828030405,False
Brazil.regions.MT:Querência,7.216102543560987,0.42719807730823156,45.688391536313084,2.3574176092332824,False
Brazil.regions.MT:Sapezal,2.857142857142857,1.0,11.682971959926594,3.22040448280304,False
Brazil.regions.MT:São Félix do Araguaia,0.0,1.0,5.320763949038435,3.2204044828030396,False
Brazil.regions.MT:Vila Bela da Santíssima Trindade,1.8313632781717892,1.4081954294720254,5.985207979535767,4.534958873734462,False
Brazil.regions.PA:Cumaru do Norte,2.8000000000000003,1.0,24.98415277987046,3.2204044828030405,False
Brazil.regions.PA:Marabá,11.113672814755413,1.8610665597433842,15.824450487814618,5.432002010612553,False
Brazil.regions.PA:Monte Alegre,4.651331719128329,1.4200968523002422,4.894606563718085,5.102568889643422,False
Brazil.regions.PA:Novo Repartimento,8.123399301513388,0.5925494761350408,8.796876173572025,2.147022262634284,False
Brazil.regions.PA:Ourilândia do Norte,44.666666666666664,1.0,135.87153833720998,3.22040448280304,False
Brazil.regions.PA:Paragominas,109.41377929100742,5.31183657119968,92.61249520652912,2.8421009787411378,False
Brazil.regions.PA:Porto de Moz,47.71900660925295,2.019427198077308,114.66375428734557,4.588802332566631,False
Brazil.regions.PA:Prainha,5.223241590214067,1.0,17.616807029331383,3.22040448280304,False
Brazil.regions.PA:Santarém,76.8748997594226,5.699679230152367,6.108566427914824,3.858995187329714,False
Brazil.regions.PA:Senador José Porfírio,17.02437106918239,0.9882075471698113,151.38905742474878,10.489882695195707,False
Brazil.regions.RR:Iracema,2.1454545454545455,0.34545454545454546,23.101390876649226,4.4819700712340245,False
Brazil.regions.TO:Formoso do Araguaia,5.67989590110605,1.0,33.00462751885667,3.22040448280304,False
New_Caledonia,11.09522854851644,1.981355252606255,18.061879565910633,6.380765337518533,False
Sweden.regions.Gävleborg,178.0028067361668,13.48997594226143,42.45843617155158,2.52691291444416,False
Sweden.regions.Värmland,50.664194065757826,0.9408580593424218,11.049160032683103,6.011115699792557,False
United_States_of_America.regions.Alaska:Fairbanks North Star Borough,58.80172413793103,0.64915797914996,45.59108143495366,4.891372665853784,False
United_States_of_America.regions.Alaska:Kodiak Island Borough,3.2086037927962328,1.7114674812269313,9.921389237372624,5.511617548714837,False
United_States_of_America.regions.Arizona:Cochise,17.499999999999996,1.981355252606255,7.8997226956167435,6.380765337518533,False
United_States_of_America.regions.Arizona:Yuma,28.120489174017642,1.2896952686447474,8.111366795016355,6.057237721732022,False
United_States_of_America.regions.California:Siskiyou,4.823977546110666,1.981355252606255,16.085462043686835,6.380765337518533,False
United_States_of_America.regions.Idaho:Owyhee,3.8111467522052926,1.981355252606255,32.89487165977805,6.380765337518533,False
United_States_of_America.regions.Maine:Aroostook,3.82317562149158,1.981355252606255,15.965236423880492,6.380765337518533,False
United_States_of_America.regions.Minnesota:St. Louis,41.291900561347234,5.498797113071371,9.862357194401838,2.8388301648380145,False
United_States_of_America.regions.Montana:Beaverhead,5.918203688853248,1.981355252606255,17.091954346091935,6.380765337518533,False
United_States_of_America.regions.Montana:Flathead,25.03388131515637,0.9188051323175622,16.75505925658584,5.35717313640425,False
United_States_of_America.regions.Nebraska:Cherry,5.918203688853248,1.981355252606255,16.74377654437637,6.380765337518533,False
United_States_of_America.regions.Nevada:Lander,13.578104138851803,1.315420560747664,286.11279901351344,4.236186270603064,False
United_States_of_America.regions.Nevada:Washoe,251.8358059342422,4.581595829991981,33.042358151415705,5.119677014349954,False
United_States_of_America.regions.New Mexico:Catron,5.557337610264636,1.2896952686447474,18.254283646060628,15.215627143930183,False
United_States_of_America.regions.New Mexico:Chaves,12.990978348035284,1.4250200481154773,16.337589574270314,5.519765253187065,False
United_States_of_America.regions.New Mexico:McKinley,449.2750601443464,5.57598235765838,616.9816333843414,4.983762240506331,False
United_States_of_America.regions.New Mexico:Otero,7.013031275060144,1.9372493985565358,8.157325384343169,6.315413649787434,False
United_States_of_America.regions.New Mexico:Rio Arriba,6.917000801924619,1.981355252606255,13.854617179907939,6.380765337518533,False
United_States_of_America.regions.New Mexico:San Juan,349.9137931034483,21.69065757818765,265.6141783643408,13.941490880417557,False
United_States_of_America.regions.New Mexico:Socorro,6.411988773055334,1.693664795509222,57.844360918586155,4.651544581991498,False
United_States_of_America.regions.Oregon:Douglas,5.016038492381717,1.981355252606255,12.599611734297635,6.380765337518533,False
United_States_of_America.regions.Oregon:Klamath,8.503408179631114,1.981355252606255,6.386760433783381,6.380765337518533,False
United_States_of_America.regions.Texas:Brewster,0.0,1.0,7.645617466561298,3.22040448280304,False
United_States_of_America.regions.Utah:Box Elder,7.198275862068966,1.5513231756214916,12.192887896106322,5.613481183458005,False
United_States_of_America.regions.Utah:Garfield,4.865677626303128,1.981355252606255,19.792837226831693,6.380765337518533,False
United_States_of_America.regions.Utah:Millard,4.836808340016038,1.981355252606255,20.479297895625763,6.380765337518533,False
United_States_of_America.regions.Utah:San Juan,54.795108259823586,0.7233360064153969,380.8647715387138,5.809090567061417,False
United_States_of_America.regions.Utah:Tooele,26.157778668805136,1.981355252606255,23.569571114525505,6.380765337518533,False
United_States_of_America.regions.Washington:Okanogan,11.194065757818766,1.3087409783480353,22.08534781675563,4.788515084794485,False
United_States_of_America.regions.Wyoming:Carbon,4.860866078588613,1.981355252606255,15.957663293324787,6.380765337518533,False
United_States_of_America.regions.Wyoming:Natrona,32.85384923817161,1.981355252606255,28.79749227092253,6.380765337518533,False
United_States_of_America.regions.Wyoming:Park,5.918203688853248,1.981355252606255,19.001401517363508,6.380765337518533,False
United_States_of_America.regions.Alabama,3304.1764234161988,100.01062550120288,45.45173894828631,4.304148426565249,False
United_States_of_America.regions.Wisconsin,16.53969526864475,1.8931435445068163,21.923423093375565,6.379250306036863,False
Morocco,760.2830793905374,50.008620689655174,20.150023002859825,6.236758220682012,False
Paraguay,101.43103448275862,2.8755012028869285,20.7217929496905,6.313785255847594,False
Costa_Rica,405.97914995990374,0.5579390537289495,14.847925754967806,6.333406394031634,False
Denmark,2449.6653969526865,78.40376904570972,20.63069029603044,5.0003805102015715,False
Slovakia,527.3496391339214,1.7658380112269447,13.244940874461257,6.342100929995324,False
Brazil.regions.AC:Marechal Thaumaturgo,23.161007667031765,1.0,124.83921107362758,3.2204044828030405,False
Brazil.regions.AC:Santa Rosa do Purus,0.8588158750813273,1.0,25.201856604067405,3.22040448280304,False
Brazil.regions.AM:Alvarães,20.629198966408268,2.1541774332472006,131.61656931189972,15.243598844941866,False
Brazil.regions.AM:Anori,25.550320769847634,1.6204891740176421,132.25901733009448,4.663173340428517,False
Brazil.regions.AM:Autazes,218.39873916469662,15.288416075650119,549.8643044239043,37.72119542010814,False
Brazil.regions.AM:Benjamin Constant,185.5069923880333,7.992388033280227,429.4074857506268,17.641040920672,False
Brazil.regions.AM:Careiro,233.38311948676824,3.2534081796311147,612.300504488184,7.515337901275736,False
Brazil.regions.AM:Guajará,11.281391830559755,0.42511346444780634,70.41787247222608,2.964645400541726,False
Brazil.regions.AM:Manacapuru,351.1323175621492,19.264835605453086,345.456911958622,15.69108304422773,False
Brazil.regions.AM:Tonantins,40.247794707297516,1.6635926222935045,229.20551462593028,10.803419015507732,False
Brazil.regions.AP:Amapá,11.248972133394243,0.4632252169940612,134.74150135135355,5.743171089402625,False
Brazil.regions.AP:Serra do Navio,43.84652150823155,1.0513365197380067,849.4931317267794,5.363631931371444,False
Brazil.regions.AP:Tartarugalzinho,10.96345363179534,0.22338967565098217,67.02226176457492,2.5343542415134728,False
Brazil.regions.BA:Barreiras,5.918203688853248,1.981355252606255,21.636074984807582,6.380765337518533,False
Brazil.regions.BA:Campo Formoso,5.918203688853248,1.981355252606255,20.8750381368002,6.380765337518533,False
Brazil.regions.BA:Juazeiro,3.115677626303127,1.314755412991179,19.255271681364814,6.073161134786236,False
Brazil.regions.GO:Cristalina,2.310826542491269,0.010477299185098952,2.4234154848959304,1.54316207926574,False
Brazil.regions.GO:Jataí,4.112870890136327,1.981355252606255,18.32838213468239,6.380765337518533,False
Brazil.regions.GO:Rio Verde,4.796511627906977,1.455092221331195,18.022737881204158,6.157438483675684,False
Brazil.regions.MA:Amarante do Maranhão,42.08464773922187,1.0,100.68196946698797,3.2204044828030405,False
Brazil.regions.MA:Bom Jardim,13.930004894762606,1.0,32.43408854643226,3.2204044828030405,False
Brazil.regions.MA:Carolina,9.755555555555556,1.0,41.0011050787279,3.2204044828030396,False
Brazil.regions.MA:Centro Novo do Maranhão,5.922110552763819,0.10461397898583828,29.425796055520216,1.867172180227143,False
Brazil.regions.MA:Mirador,0.0,1.0,1.538101346366601,3.22040448280304,False
Brazil.regions.MA:Riachão,3.7892898719441215,1.0,20.494821424323085,3.2204044828030405,False
Brazil.regions.MG:Paracatu,7.71952686447474,1.3959502806736166,13.046341300876199,5.752365230246332,False
Brazil.regions.MG:Unaí,1.7181234963913392,1.981355252606255,15.596233815785975,6.380765337518533,False
Brazil.regions.MS:Camapuã,0.10909090909090909,1.0,4.868654733088646,3.22040448280304,False
Brazil.regions.MS:Coxim,1.992745658386459,1.884809848318312,7.050641440529286,6.06985008475561,False
Brazil.regions.MS:Rio Verde de Mato Grosso,5.918203688853248,1.981355252606255,18.540732804824298,6.380765337518533,False
Brazil.regions.MT:Campos de Júlio,0.0,1.0,11.291277421129625,3.22040448280304,False
Brazil.regions.MT:Chapada dos Guimarães,3.506415396952687,1.693664795509222,7.188397726896645,4.924252290247204,False
Brazil.regions.MT:Pontes e Lacerda,1.739681807701176,1.831219737145492,6.740845272283294,5.897268250500748,False
Brazil.regions.MT:Poxoréu,0.6461232604373758,1.0,6.928946651282756,3.22040448280304,False
Brazil.regions.MT:Rosário Oeste,22.511848341232234,1.0,133.8669276916021,3.2204044828030405,False
Brazil.regions.MT:São José do Xingu,0.0,1.0,14.65269650021751,3.2204044828030405,False
Brazil.regions.MT:Vila Rica,4.781818181818182,1.0,18.985756679459055,3.22040448280304,False
Brazil.regions.MT:Água Boa,1.808199121522694,1.0,7.6975190875196295,3.2204044828030405,False
Brazil.regions.PA:Afuá,7.181136120042873,1.6444265809217578,18.55104504586493,5.295718732840904,False
Brazil.regions.PA:Anajás,24.881489841986454,0.535364936042137,85.3918036503999,1.8801856238456496,False
Brazil.regions.PA:Brasil Novo,10.240663900414937,1.0,71.2901609448447,3.22040448280304,False
Brazil.regions.PA:Goianésia do Pará,1.789294306335205,1.981355252606255,8.614570450705019,6.380765337518533,False
Brazil.regions.PA:Gurupá,6.534407027818449,0.8389458272327964,19.35392146344111,2.3832787437427267,False
Brazil.regions.PA:Itupiranga,21.617862371888727,0.33382137628111275,39.80173208625646,1.9698110349836946,False
Brazil.regions.PA:Juruti,14.619854721549636,0.6089588377723971,18.306840549602803,2.395351535707339,False
Brazil.regions.PA:Medicilândia,16.402843601895736,0.07582938388625593,51.85711427497692,0.29553624811701235,False
Brazil.regions.PA:Melgaço,31.556534508076364,0.667156142927068,114.61424581917004,2.7838162323954587,False
Brazil.regions.PA:Parauapebas,52.66339214113872,5.830593424218123,7.508986007300432,2.9484649933623515,False
Brazil.regions.PA:Rondon do Pará,7.430481899930827,0.37814157251556374,7.733421662201494,1.7161727876378006,False
Brazil.regions.PA:Rurópolis,0.0,1.0,1.240598503788983,3.2204044828030396,False
Brazil.regions.PA:Água Azul do Norte,0.5779816513761468,1.0,2.5323539983349352,3.22040448280304,False
Brazil.regions.PI:Baixa Grande do Ribeiro,5.465657741559953,0.0,52.58537612793366,5.4107020250512665,False
Brazil.regions.PI:Uruçuí,25.4625550660793,0.7283406754772394,119.91191449823293,3.9456759676806046,False
Brazil.regions.RO:Alta Floresta D'Oeste,0.5227987421383647,1.0,3.4163300656317594,3.22040448280304,False
Brazil.regions.RO:Candeias do Jamari,17.58443465491924,0.6818404307391093,66.54405037806768,2.363120838997113,False
Brazil.regions.RO:Ji-Paraná,5.5733761026463515,0.9047714514835605,12.752249494478757,5.546003649731007,False
Brazil.regions.RO:Machadinho D'Oeste,0.8957345971563981,1.0,1.6701078030250345,3.2204044828030405,False
Brazil.regions.RO:Pimenta Bueno,0.6567534076827757,1.2743848468755534,1.85068534762107,4.104034673694298,False
Brazil.regions.RO:São Miguel do Guaporé,6.751918158567775,0.7058823529411764,30.476262148658705,2.6045433496252413,False
Brazil.regions.RR:Bonfim,3.9623095429029678,1.981355252606255,14.167618805752221,6.380765337518533,False
Brazil.regions.RR:Cantá,2.9041700080192463,1.981355252606255,29.84896637055498,6.380765337518533,False
Brazil.regions.RR:Normandia,3.655840754321634,1.0,38.018220444757944,3.22040448280304,False
Brazil.regions.RR:Pacaraima,44.658203944607635,1.0062945866554762,272.48375649014196,3.2694509666677893,False
Brazil.regions.RR:Uiramutã,0.22693997071742314,0.7730600292825769,8.39944560449143,3.9079837658147,False
Brazil.regions.RS:Alegrete,5.064153969526863,1.981355252606255,19.759948329362945,6.380765337518533,False
Brazil.regions.RS:Sant'Ana do Livramento,3.9955894145950284,1.981355252606255,15.844422074810316,6.380765337518533,False
Brazil.regions.TO:Goiatins,9.193548387096776,0.5256166982922201,75.07707141470655,3.8087690609190727,False
Brazil.regions.TO:Ponte Alta do Tocantins,2.77988614800759,1.0,43.7989529995653,3.2204044828030396,False
Brazil.regions.TO:Rio Sono,0.0,1.0,12.216458746588748,3.22040448280304,False
Sweden.regions.Kronoberg,84.72313552526063,2.6279069767441863,23.591382748978937,4.721339111722997,False
United_States_of_America.regions.Alaska:Juneau City and Borough,15.371491579791499,1.981355252606255,47.43334365567441,6.380765337518533,False
United_States_of_America.regions.Alaska:Petersburg Borough,4.995990376904571,1.981355252606255,58.551444554676195,6.380765337518533,False
United_States_of_America.regions.Alaska:Sitka City and Borough,0.4499771585198721,1.0662402923709455,7.251574062325012,3.433725017296617,False
United_States_of_America.regions.California:Mono,16.341619887730552,1.0170408981555734,138.75508857313713,2.6934701219528545,False
United_States_of_America.regions.California:Plumas,5.091619887730554,1.981355252606255,16.28147601628976,6.380765337518533,False
United_States_of_America.regions.California:Tehama,5.830994386527667,1.2676423416198876,20.608943239079093,5.284162622586496,False
United_States_of_America.regions.California:Trinity,0.9709543568464731,1.0,12.823180025511757,3.22040448280304,False
United_States_of_America.regions.Colorado:Baca,5.607257417802726,1.981355252606255,267.4245320982991,6.380765337518533,False
United_States_of_America.regions.Colorado:Garfield,49.74358460304731,0.6050521251002405,72.07470762468324,3.8366705386230078,False
United_States_of_America.regions.Colorado:Gunnison,81.64755412991181,0.26924619085805934,484.9119603479457,5.419452641460574,False
United_States_of_America.regions.Colorado:Lincoln,4.8947473937449875,1.981355252606255,27.013719702201982,6.380765337518533,False
United_States_of_America.regions.Colorado:Mesa,20.933239775461107,1.981355252606255,11.98564211769925,6.380765337518533,False
United_States_of_America.regions.Colorado:Pueblo,53.099438652766636,2.3612670408981553,13.723411853740062,3.9364103090001774,False
United_States_of_America.regions.Colorado:Rio Blanco,5.918203688853248,1.981355252606255,16.726791733210124,6.380765337518533,False
United_States_of_America.regions.Colorado:Routt,27.885324779470725,0.9879711307137129,113.47036532791707,3.2014357213556317,False
United_States_of_America.regions.Colorado:Saguache,4.586607858861267,1.981355252606255,32.44159973094632,6.380765337518533,False
United_States_of_America.regions.Colorado:Washington,3.3249799518845227,1.981355252606255,97.86631128168402,6.380765337518533,False
United_States_of_America.regions.Colorado:Yuma,3.940457097032879,1.981355252606255,13.910328140445431,6.380765337518533,False
United_States_of_America.regions.Idaho:Blaine,381.85785886126706,2.0685645549318363,1666.5093549952774,11.018720838612284,False
United_States_of_America.regions.Idaho:Cassia,4.996992782678428,1.0170408981555734,22.465076736461384,3.0809582553841515,False
United_States_of_America.regions.Idaho:Elmore,19.810344827586206,0.6902566158781075,74.87644536162047,2.1472840640881135,False
United_States_of_America.regions.Maine:Penobscot,31.909382518043305,1.981355252606255,9.78395064594494,6.380765337518533,False
United_States_of_America.regions.Maine:Washington,5.5513231756214925,1.981355252606255,17.90501052530871,6.380765337518533,False
United_States_of_America.regions.Minnesota:Beltrami,4.81214915797915,1.981355252606255,15.905298768026102,6.380765337518533,False
United_States_of_America.regions.Minnesota:Itasca,4.732758620689656,1.8931435445068163,6.661025672911741,6.185303985647408,False
United_States_of_America.regions.Minnesota:Koochiching,5.620489174017643,1.981355252606255,15.231261013272547,6.380765337518533,False
United_States_of_America.regions.Montana:Cascade,6.985966319165999,0.8696872493985566,14.94940732527649,5.014509157777981,False
United_States_of_America.regions.Montana:Gallatin,106.71210906174821,1.981355252606255,77.18659046863223,6.380765337518533,False
United_States_of_America.regions.Montana:Glacier,4.521852445870088,1.981355252606255,21.355281441039544,6.380765337518533,False
United_States_of_America.regions.Montana:Hill,5.918203688853248,1.981355252606255,18.259047762016753,6.380765337518533,False
United_States_of_America.regions.Montana:Meagher,5.918203688853248,1.981355252606255,33.8546742126701,6.380765337518533,False
United_States_of_America.regions.Montana:Missoula,20.339414595028067,1.2205292702485966,10.12584530256134,5.744623211801427,False
United_States_of_America.regions.Montana:Park,4.640737770649559,1.981355252606255,24.865120651158534,6.380765337518533,False
United_States_of_America.regions.Montana:Ravalli,4.334402566158782,1.981355252606255,15.196670304132466,6.380765337518533,False
United_States_of_America.regions.Montana:Roosevelt,2.998195669607057,1.981355252606255,20.712534881584205,6.380765337518533,False
United_States_of_America.regions.Montana:Yellowstone,45.455894145950275,1.6565757818765035,14.132982297326901,6.1794141467375345,False
United_States_of_America.regions.Nebraska:Custer,21.569767441860463,1.1928628708901363,242.06104356815837,23.07286854479001,False
United_States_of_America.regions.Nebraska:Holt,0.0,1.0,6.713041429583967,3.22040448280304,False
United_States_of_America.regions.Nebraska:Lincoln,9.571371291098636,0.93785084202085,25.103912111577404,3.3919802925927014,False
United_States_of_America.regions.New Mexico:Guadalupe,12.59991526620534,1.5719531139669543,366.9579163689749,5.062324854975376,False
United_States_of_America.regions.New Mexico:Hidalgo,0.0,1.0,20.600462596758653,3.22040448280304,False
United_States_of_America.regions.New Mexico:Luna,3.79270248596632,1.1994787489975942,14.148202210872835,3.474883320976242,False
United_States_of_America.regions.New Mexico:Quay,4.515838011226945,1.0340817963111468,31.30563067304922,5.4367649661905615,False
United_States_of_America.regions.New Mexico:Roosevelt,1.61186848436247,1.981355252606255,10.916803920246629,6.380765337518533,False
United_States_of_America.regions.New Mexico:Torrance,7.813953488372093,1.7317562149157977,70.19269676060287,4.766386981070328,False
United_States_of_America.regions.New York:St. Lawrence,112.54310344827584,0.8356054530874099,88.69963721106315,5.317325761206258,False
United_States_of_America.regions.North Dakota:McKenzie,6.056736166800322,1.981355252606255,56.55595685211691,6.380765337518533,False
United_States_of_America.regions.Oregon:Baker,0.10476689366160293,1.0,3.631287985949149,3.22040448280304,False
United_States_of_America.regions.Oregon:Crook,5.918203688853248,1.981355252606255,18.812427340534658,6.380765337518533,False
United_States_of_America.regions.Oregon:Deschutes,37.328388131515645,1.981355252606255,9.59060006031474,6.380765337518533,False
United_States_of_America.regions.Oregon:Jackson,23.2373696872494,1.981355252606255,10.664927085544617,6.380765337518533,False
United_States_of_America.regions.Oregon:Umatilla,7.064153969526864,1.981355252606255,6.11625550345408,6.380765337518533,False
United_States_of_America.regions.Oregon:Wallowa,5.927225340817963,1.981355252606255,16.83329129047343,6.380765337518533,False
United_States_of_America.regions.Oregon:Wasco,5.7473937449879715,1.48616680032077,22.31816215993546,4.524875777944719,False
United_States_of_America.regions.South Dakota:Corson,4.9528869286287085,1.981355252606255,25.904687385954674,6.380765337518533,False
United_States_of_America.regions.South Dakota:Meade,5.788893344025662,1.981355252606255,18.515697981700765,6.380765337518533,False
United_States_of_America.regions.South Dakota:Pennington,4.697273456295109,1.981355252606255,15.462041683384133,6.380765337518533,False
United_States_of_America.regions.Texas:Reeves,2.4333116460637605,1.0,18.270028955252545,3.22040448280304,False
United_States_of_America.regions.Texas:Val Verde,6.508821170809945,1.981355252606255,15.15273012871639,6.380765337518533,False
United_States_of_America.regions.Utah:Duchesne,3.0543303929430636,1.981355252606255,14.360518156258209,6.380765337518533,False
United_States_of_America.regions.Utah:Iron,11.129109863672815,1.981355252606255,14.802032969417596,6.380765337518533,False
United_States_of_America.regions.Utah:Juab,3.8636728147554127,1.981355252606255,30.323185636758495,6.380765337518533,False
United_States_of_America.regions.Utah:Washington,15.13933440256616,1.981355252606255,10.403099746524543,6.380765337518533,False
United_States_of_America.regions.Washington:Chelan,21.219927826784282,1.0571371291098637,14.549479350444138,2.490599924984411,False
United_States_of_America.regions.Washington:Grant,97.9079791499599,0.9679230152365677,85.03644692882037,5.126386303387354,False
United_States_of_America.regions.Washington:Lewis,11.15878107457899,0.47574178027265435,10.291820149438152,4.251924597073047,False
United_States_of_America.regions.Washington:Lincoln,5.304731355252607,1.981355252606255,13.245208718625811,6.380765337518533,False
United_States_of_America.regions.Washington:Stevens,3.8121491579791504,1.2896952686447474,13.400011041622408,4.868047484443478,False
United_States_of_America.regions.Wyoming:Big Horn,4.621170793117918,1.9347461183382293,14.546610985044811,6.230665072582213,False
United_States_of_America.regions.Wyoming:Crook,4.926824378508421,1.981355252606255,40.411080319309704,6.380765337518533,False
United_States_of_America.regions.Wyoming:Laramie,77.35926222935045,1.4250200481154773,62.43404458406905,5.821634478733833,False
United_States_of_America.regions.Wyoming:Niobrara,5.6371291098636735,1.981355252606255,62.61022929096994,6.380765337518533,False
United_States_of_America.regions.Wyoming:Sheridan,6.134121892542101,1.981355252606255,20.316761475179106,6.380765337518533,False
Romania,1829.9965918203688,63.33460304731356,12.846730427909993,6.048787467307036,False
Philippines,6.334603047313553,0.9073777064955895,22.269976783883656,6.379758344371133,False
New_Zealand,477.20829991980753,1.3678829190056137,12.369957543550743,6.366402753510752,False
United_States_of_America.regions.Colorado,4369.9216118684835,154.1285084202085,54.066645254786046,3.6711691278343928,False
Ecuador,2658.2616279069766,114.19767441860466,7.222720188734731,5.701890766748289,False
United_States_of_America.regions.Arizona,5.1573777064955895,1.981355252606255,22.255222739032344,6.380765337518533,False
Brazil.regions.SC,654.6890537289496,18.68444266238974,13.456721513554866,6.095480467474601,False
Serbia,2317.3847233360066,47.73015236567764,11.655307074303536,5.67201182154807,False
United_States_of_America.regions.Indiana,4669.799117882919,193.58119486768246,47.952109787236424,3.47775447412562,False
Mali,332.3225741780273,17.007417802726547,20.501207388231943,6.281531963640103,False
United_States_of_America,30.80092221331195,1.9883720930232558,22.267885174839403,6.380526660310265,False
Afghanistan,107.99518845228549,1.5723736968724944,21.97027772876753,6.374093847868871,False
Bolivia,310.71812349639134,18.50601443464314,19.48163072909623,6.203463667682751,False
Venezuela,194.48656776263036,5.278267842822775,21.581792381432997,6.356214026982028,False
Bangladesh,673.3933440256616,28.0779871692061,21.857792799115828,6.362258643757163,False
Cameroon,492.4486768243785,6.970328789093825,20.299075549785236,6.3466856106374845,False
Argentina,1198.3592622293504,41.794907778668815,19.57059080842244,6.28245885833143,False
Mozambique,40.14895749799519,1.981355252606255,22.11984263122012,6.380765337518533,False
Russia,5.190056134723336,1.981355252606255,22.272318420383595,6.380765337518533,False
United_States_of_America.regions.California,22.739775461106653,1.770850040096231,22.204353907884965,6.380232577788689,False
Italy,3984.646351242983,225.73235765838012,15.674284582722466,6.004891887411484,False
Brazil.regions.MG,567.4769446672013,13.699478748997596,19.566008629641043,6.3091581299445645,False
Kazakhstan,1248.505412991179,10.533881315156375,15.512048118567488,6.313687815645913,False
Bulgaria,508.69486768243786,18.362670408981554,15.51306160267398,6.091640672526055,False
Nicaragua,3.4721331194867684,0.40356856455493184,22.142772222425293,6.353664544546615,False
United_States_of_America.regions.Tennessee,3126.729951884523,56.38592622293504,24.238572969426034,5.530305376514618,False
Kenya,183.67842822774662,6.136327185244587,21.908553170386185,6.365354665874187,False
United_Republic_of_Tanzania,127.26704089815556,2.976744186046512,22.041152132975142,6.372266353190782,False
Ghana,533.8829190056134,4.608660785886127,20.46264002471825,6.3589810145299435,False
Guinea,353.76002405773863,1.6595829991980753,19.374073518722852,6.364801865220532,False
Cote_dIvoire,479.20729751403377,3.299518845228549,20.340281935142457,6.361128456163255,False
United_States_of_America.regions.Texas,272.6866479550922,2.9005613472333605,21.315122549024366,6.369899789590422,False
China,14939.29671210906,329.29490777866886,21.206254628624695,6.356989824037718,False
Libya,41.49458700882117,0.22012830793905372,21.554516291025784,6.354394007491191,False
Germany,257.0459101844427,1.8069366479550923,21.9611087001279,6.380555011972632,False
Spain,1590.3147554129912,19.413191659983962,18.860953553920396,6.338226581298347,False
Brazil.regions.MT,171.06094627105054,4.038291900561347,17.26805777301615,6.214487194098712,False
Ethiopia,62.97594226142743,0.5749799518845229,22.215422935950155,6.378945444018613,False
Algeria,553.7560144346431,52.94366479550923,20.95169672861434,6.25138063057179,False
Peru,4590.302325581396,113.46090617481956,7.913948116393113,6.020505045722997,False
Canada,12.937249398556535,1.981355252606255,22.225836012728397,6.380765337518533,False
Sri_Lanka,5.918203688853248,1.981355252606255,22.27479949786209,6.380765337518533,False
Nigeria,111.44145950280674,1.3588612670408984,22.218987971991584,6.379635886348413,False
Finland,11.85645549318364,1.981355252606255,21.963261380764095,6.380765337518533,False
Oman,128.63352044907776,1.48616680032077,19.47265982350236,6.370511891087818,False
Mauritania,4.322373696872494,1.1794306335204492,22.140694724230084,6.362553515502327,False
Botswana,13.586006415396952,0.9857658380112271,21.3697840052587,6.3365979123348914,False
Brazil.regions.SP,1948.2562149157982,113.54310344827586,18.021541979650337,6.1302241935466775,False
South_Africa,1471.5850040096234,12.866479550922215,19.72054799008958,6.355895865772518,False
Brazil.regions.BA,441.5208500400962,11.645549318364072,19.264305424733866,6.292966750650096,False
Pakistan,1649.801924619086,19.42522052927025,21.498734251643537,6.370924318297349,False
Madagascar,99.2269446672013,1.981355252606255,21.87524213306767,6.380765337518533,False
Chad,23.907177225340817,1.7277465918203685,22.080254870157344,6.37687300283704,False
Mexico,1371.3049318364071,62.168805132317566,21.187240046849464,6.330308554294674,False
Papua_New_Guinea,2.72654370489174,1.981355252606255,22.21761811398428,6.380765337518533,False
Myanmar,99.13051323175623,2.510625501202887,22.081961396438036,6.37256443899917,False
Brazil.regions.GO,222.01583801122695,8.798716920609463,19.01748065221664,6.230383490251453,False
Brazil.regions.MA,1533.957097032879,79.89635124298316,3.3333729667715795,5.225003337815916,False
Iran,21822.221932638335,1449.1415396952686,6.277094435214277,4.606782302147495,False
Brazil.regions.AM,1327.47353648757,95.53889334402567,10.551471038121871,4.031376616088679,False
Mongolia,11.80934242181235,1.981355252606255,21.688678608467832,6.380765337518533,False
Somalia,152.75060144346432,6.224538893344026,21.21553379701754,6.3301980651286485,False
Switzerland,11023.172814755413,241.5864073777065,107.60600915147101,3.522066572739175,False
Togo,42.48195669607057,0.7423817161186851,21.653231237136932,6.352303400907812,False
Democratic_Republic_of_the_Congo,190.87048917401768,14.513432237369688,22.0441421561059,6.3613201078652715,False
Palestine,171.18664795509224,0.8957497995188453,18.381373893497045,6.35700554802257,False
Singapore,72.6032477947073,1.981355252606255,20.869128291878233,6.380765337518533,False
United_States_of_America.regions.Illinois:Cook,4.817562149157979,1.981355252606255,22.225781077666753,6.380765337518533,False
United_States_of_America.regions.Texas:Harris,1827.8943464314352,21.65356856455493,17.65235943190128,5.884105717464993,False
Malaysia,22.439254210104252,1.981355252606255,22.186300390545373,6.380765337518533,False
France,114.68344025661588,1.3578588612670408,22.097884620504953,6.377395415623066,False
Brazil,4746.294105854051,189.73897353648755,20.010245582802316,6.289467018086824,False
Japan,54.90978348035285,1.3368083400160384,22.230549534140618,6.3802559314510034,False
Brazil.regions.PA,945.2995188452287,50.003608660785886,11.210802465449923,5.779114351095759,False
Burkina_Faso,378.1682036888533,20.140938251804332,20.329761108207684,6.269204976660858,False
Indonesia,1769.0583400160385,151.16639935846032,21.615903094256826,6.3235956858594715,False
Namibia,8.025862068965518,1.981355252606255,21.704638557464435,6.380765337518533,False
Central_African_Republic,6.263031275060144,1.981355252606255,22.000636414733634,6.380765337518533,False
Brazil.regions.SP:São Paulo,1492.6497594226144,91.41399358460306,10.040064286296762,5.622384449709845,False
Greenland,6.209502806736168,1.981355252606255,15.970228210420453,6.380765337518533,False
India,12.646752205292703,1.9372493985565358,22.27805516900891,6.380762076740105,False
Colombia,1669.553728949479,56.697674418604656,18.9027448153465,6.263092098604506,False
Brazil.regions.RS,542.8977546110666,11.355854049719328,17.497964473526824,6.265786691567286,False
Nepal,5.918203688853248,1.981355252606255,22.275853916928234,6.380765337518533,False
Brazil.regions.MS,110.12830793905374,1.7738572574178024,18.067571736908675,6.257222441819847,False
Egypt,175.38392141138732,5.881716118684845,22.09419219897511,6.373353997975043,False
United_States_of_America.regions.New Mexico,1079.5014033680834,26.524258219727347,29.809125889259,5.032068248148779,False
Angola,15.032678428227749,0.8105453087409783,22.20816765618936,6.374557596554746,False
Australia,20.11988773055333,1.4420609462710505,22.171228784342013,6.3786075016353685,False
Poland,3357.756214915798,94.55453087409782,13.498854785523976,6.12685770250496,False
Uganda,56.405773857257415,1.981355252606255,22.131194778942916,6.380765337518533,False
Saudi_Arabia,2014.4192060946273,22.379310344827587,16.284267216853635,6.310028693012537,False
Iraq,433.2660384923817,29.647754611066556,21.13410318895785,6.298796412773554,False
Brazil.regions.RR,256.1577786688052,1.5733761026463513,21.342270692995882,5.82657697995706,False
